<?xml version="1.0" encoding="UTF-8"?>
<document version="1.5.0">
  <chunk label="Chunk 1" enabled="true">
    <sensors next_id="1">
      <sensor id="0" label="Canon EOS Kiss X7 (18mm)" type="frame">
        <resolution width="5184" height="3456"/>
        <property name="pixel_width" value="0.004383998842592593"/>
        <property name="pixel_height" value="0.004383998842592593"/>
        <property name="focal_length" value="18"/>
        <property name="layer_index" value="0"/>
        <bands>
          <band label="Red"/>
          <band label="Green"/>
          <band label="Blue"/>
        </bands>
        <data_type>uint16</data_type>
        <calibration type="frame" class="adjusted">
          <resolution width="5184" height="3456"/>
          <f>4252.2033032805448</f>
          <cx>0.68995900213829531</cx>
          <cy>16.041396975230562</cy>
          <k1>-0.16479184671580493</k1>
          <k2>0.1495790587417524</k2>
          <k3>-0.039640156618938029</k3>
          <p1>0.00043241717865885235</p1>
          <p2>2.219388172639825e-05</p2>
        </calibration>
        <covariance>
          <params>f cx cy k1 k2 k3 p1 p2</params>
          <coeffs>1.8029919279479092e-01 4.0200390176396081e-03 4.1809341325352136e-03 -4.5958422612891232e-05 2.8793604419767658e-04 -3.7463124048307475e-04 -1.1773122673236046e-07 -7.3378556221773318e-08 4.0200390176396081e-03 1.5049152009400632e-01 -8.3846350179356197e-03 -2.7920421741850365e-06 7.9757900808276685e-06 -2.4997565973918105e-06 6.6767286410573094e-06 -4.5197730904023886e-07 4.1809341325352136e-03 -8.3846350179356197e-03 1.7675217638719223e-01 -1.1903425008139067e-05 2.9940787758842425e-05 -4.4186085878545913e-06 -4.3784608375045065e-07 6.0379645853219888e-06 -4.5958422612891232e-05 -2.7920421741850365e-06 -1.1903425008139067e-05 2.0413770372888480e-07 -8.7703533260814020e-07 1.1582898858939489e-06 -3.3233433606563564e-10 -1.6196999215129352e-09 2.8793604419767658e-04 7.9757900808276685e-06 2.9940787758842425e-05 -8.7703533260814020e-07 4.2540884042754665e-06 -5.9556629650314739e-06 2.1711617819917338e-10 4.3629932998049867e-09 -3.7463124048307475e-04 -2.4997565973918105e-06 -4.4186085878545913e-06 1.1582898858939489e-06 -5.9556629650314739e-06 8.7170940271241839e-06 8.7547177185850723e-11 -4.5637230588030428e-09 -1.1773122673236046e-07 6.6767286410573094e-06 -4.3784608375045065e-07 -3.3233433606563564e-10 2.1711617819917338e-10 8.7547177185850723e-11 3.8469188269711409e-10 -4.0911656593764135e-12 -7.3378556221773318e-08 -4.5197730904023886e-07 6.0379645853219888e-06 -1.6196999215129352e-09 4.3629932998049867e-09 -4.5637230588030428e-09 -4.0911656593764135e-12 3.3521264616371627e-10</coeffs>
        </covariance>
      </sensor>
    </sensors>
    <components next_id="1" active_id="0">
      <component id="0" label="Component 1">
        <transform>
          <scale locked="true">1.7019790816508387e-01</scale>
        </transform>
        <region>
          <center>7.1010470251194813e-01 -2.6316826789532566e-01 -4.3637209009346725e+00</center>
          <size>4.3711357834437985e+00 1.6762350692293060e+00 1.6031054711645152e+00</size>
          <R>-8.3596393756984810e-01 4.1803477713790033e-02 5.4718987959733645e-01 -5.0262167883703324e-01 3.4195869574187171e-01 -7.9399981005637543e-01 -2.2030829091470211e-01 -9.3878470357028654e-01 -2.6485380362889294e-01</R>
        </region>
        <partition>
          <partition>
            <partition>
              <camera_ids>145 149 153 155 158 159 161 164 165 166 169 170 171 172 174 175 177 178 179 181 182 183 185 186 188 189 190 191 193 194 195 197 198 199 202 203 206 210 215</camera_ids>
            </partition>
            <partition>
              <camera_ids>0 1 2 3 4 5 6 7 8 9 10 11 12 13 14 15 16 17 18 19 20 21 22 23 24 26 27 28 29 32 34 38 40 48 56 64 72 184 192 241 244 245 246 249 251 252 255 257 260 261 262 263</camera_ids>
            </partition>
          </partition>
          <partition>
            <partition>
              <camera_ids>201 205 207 209 213 214 217 218 221 222 223 225 226 228 230 231 233 234 237 238 239 242 247 250 254 258</camera_ids>
            </partition>
            <partition>
              <camera_ids>180 187 196 200 204 208 211 212 216 219 220 224 227 229 232 235 236 240 243 248 253 256 259</camera_ids>
            </partition>
          </partition>
          <partition>
            <partition>
              <camera_ids>100 101 105 108 109 111 112 113 115 116 117 118 120 121 122 123 124 125 126 127 128 130 131 133 135 136 138 139 142 146 147 150</camera_ids>
            </partition>
            <partition>
              <camera_ids>65 68 69 71 73 74 75 76 77 78 79 80 81 82 83 84 85 86 87 88 89 90 91 92 93 94 95 96 97 98 99 102 103 104 106 107 110 114 119</camera_ids>
            </partition>
            <partition>
              <camera_ids>129 132 134 137 140 141 143 144 148 151 152 154 156 157 160 162 163 167 168 173 176</camera_ids>
            </partition>
            <partition>
              <camera_ids>25 30 31 33 35 36 37 39 41 42 43 44 45 46 47 49 50 51 52 53 54 55 57 58 59 60 61 62 63 66 67 70</camera_ids>
            </partition>
          </partition>
        </partition>
      </component>
    </components>
    <cameras next_id="264" next_group_id="0">
      <camera id="0" sensor_id="0" component_id="0" label="SSP_001_00001_08_71074003452">
        <transform>-7.8769575760356647e-01 -5.9690329336587578e-01 1.5245278555118352e-01 7.1085501783236582e-01 -2.5614250664698746e-01 9.2256591788135250e-02 -9.6222644817123804e-01 2.7348222230896595e+00 5.6029136147360092e-01 -7.9699132971482833e-01 -2.2556243175105511e-01 -3.9390716946956599e+00 0 0 0 1</transform>
        <orientation>1</orientation>
      </camera>
      <camera id="1" sensor_id="0" component_id="0" label="SSP_001_00002_03_31074011548">
        <transform>6.2512777942019637e-01 5.1611081747518506e-01 5.8552957524131144e-01 -2.4506756881109171e+00 5.2947912444092693e-01 2.7076581696485164e-01 -8.0395132262135505e-01 2.8152661893200439e+00 -5.7346936812565974e-01 8.1259799190525517e-01 -1.0400666984911870e-01 -3.6513744365257610e+00 0 0 0 1</transform>
        <rotation_covariance>8.0960594607723749e-08 -1.9234082786761039e-09 -2.1630876138277474e-09 -1.9234082786760973e-09 8.5739431905495346e-08 2.1512287569825374e-08 -2.1630876138277457e-09 2.1512287569825371e-08 2.4507854149164534e-08</rotation_covariance>
        <location_covariance>1.1038939978373797e-05 2.5664871511914393e-07 -8.2101110711469960e-07 2.5664871511914393e-07 1.0700413452031368e-06 1.8706750900551635e-08 -8.2101110711469960e-07 1.8706750900551635e-08 1.1805254505322348e-06</location_covariance>
        <orientation>1</orientation>
      </camera>
      <camera id="2" sensor_id="0" component_id="0" label="SSP_001_00003_02_31074011542">
        <transform>-7.0784736984304608e-01 -5.6751741899794328e-01 4.2056638018295606e-01 -2.2787908868307496e+00 -5.3283935219525802e-01 3.8131446728211560e-02 -8.4535685809162930e-01 3.0598000026989234e+00 4.6371793771474901e-01 -8.2247794615073200e-01 -3.2938685817326374e-01 -1.9079517573511935e+00 0 0 0 1</transform>
        <rotation_covariance>7.2149147644891231e-08 -2.8706828727569252e-09 9.6012102011390098e-09 -2.8706828727569186e-09 8.0573186217019413e-08 -1.1292819301080719e-08 9.6012102011390098e-09 -1.1292819301080716e-08 2.5653716198099091e-08</rotation_covariance>
        <location_covariance>1.0816365736979955e-05 -1.3633664920628610e-07 -5.6394251549889958e-06 -1.3633664920628610e-07 2.0829192496079692e-06 3.0488540882687080e-07 -5.6394251549889958e-06 3.0488540882687080e-07 6.1770100130219772e-06</location_covariance>
        <orientation>1</orientation>
      </camera>
      <camera id="3" sensor_id="0" component_id="0" label="SSP_001_00004_07_31074011579">
        <transform>7.6164228855950866e-01 5.3194371994402456e-01 3.7004986568021847e-01 -6.7983072992017146e-01 2.6336663611204797e-01 2.6765774278418941e-01 -9.2682109800688983e-01 2.5970605961508002e+00 -5.9206337436195000e-01 8.0336493048911839e-01 6.3763227642235243e-02 -4.8025137722005011e+00 0 0 0 1</transform>
        <rotation_covariance>9.3993880311451701e-08 -4.1157031331126007e-09 -1.4107569833903604e-08 -4.1157031331125940e-09 1.0090976675875088e-07 1.9038903165371723e-08 -1.4107569833903602e-08 1.9038903165371723e-08 3.2160346166894669e-08</rotation_covariance>
        <location_covariance>2.7044325503553536e-06 5.1528628208396380e-07 1.1844671010352747e-06 5.1528628208396380e-07 4.7567117636868597e-07 2.3223707374209127e-07 1.1844671010352747e-06 2.3223707374209127e-07 1.4806461295124401e-06</location_covariance>
        <orientation>1</orientation>
      </camera>
      <camera id="4" sensor_id="0" component_id="0" label="SSP_001_00005_05_31074008483">
        <transform>7.3476291182179221e-01 5.2678960598787505e-01 4.2733613752443200e-01 -1.5907900672795516e+00 3.3601613945508041e-01 2.6459845681719768e-01 -9.0392522405100628e-01 2.6853514659111855e+00 -5.8925089515151774e-01 8.0776256887348807e-01 1.7407322885448218e-02 -4.2144935642885208e+00 0 0 0 1</transform>
        <rotation_covariance>9.0728723464596042e-08 6.7426839337502393e-09 -4.8656085363950946e-09 6.7426839337502459e-09 1.0663122759795759e-07 2.5953694678876989e-08 -4.8656085363950996e-09 2.5953694678876989e-08 3.3145235775339829e-08</rotation_covariance>
        <location_covariance>6.1809928633486648e-06 5.0798721322140503e-07 5.7032531266439738e-07 5.0798721322140503e-07 9.2048955575182266e-07 3.8502627681075629e-08 5.7032531266439738e-07 3.8502627681075629e-08 1.1187654229333453e-06</location_covariance>
        <orientation>1</orientation>
      </camera>
      <camera id="5" sensor_id="0" component_id="0" label="SSP_001_00006_06_71074003383">
        <transform>-7.5244527887979218e-01 -5.9785159167724256e-01 2.7640473335400656e-01 -2.4177159101573231e-01 -3.8548870118618261e-01 5.9458052727875882e-02 -9.2079487467274690e-01 2.8577240203303336e+00 5.3406419422135176e-01 -7.9939865792656728e-01 -2.7520396464422797e-01 -3.2818325435788087e+00 0 0 0 1</transform>
        <rotation_covariance>5.3640442964266368e-08 -2.4386839793696371e-09 5.1314869387397015e-09 -2.4386839793696305e-09 9.4836609820648932e-08 -8.0956441755264662e-09 5.1314869387397015e-09 -8.0956441755264662e-09 1.7998256225568880e-08</rotation_covariance>
        <location_covariance>1.8911935785642222e-06 3.3603458590864621e-07 -7.1714547137295853e-07 3.3603458590864621e-07 6.2071023109295265e-07 -2.3011745165529941e-07 -7.1714547137295853e-07 -2.3011745165529941e-07 1.1873551960593852e-06</location_covariance>
        <orientation>1</orientation>
      </camera>
      <camera id="6" sensor_id="0" component_id="0" label="SSP_001_00007_01_71074004861">
        <transform>5.5386115755388543e-01 5.3058594161689665e-01 6.4165128902822388e-01 -3.6861405465976320e+00 6.4458211934239762e-01 2.1455854606353286e-01 -7.3381095776444094e-01 2.9064066481906461e+00 -5.2702154564792980e-01 8.2002633425373272e-01 -2.2317056605487401e-01 -2.8679312518240296e+00 0 0 0 1</transform>
        <rotation_covariance>8.7414278360177541e-08 -4.3498746208167469e-09 2.1029139772873556e-09 -4.3498746208167402e-09 9.4612874390399505e-08 1.8991746679025978e-08 2.1029139772873580e-09 1.8991746679025981e-08 2.6258476056761023e-08</rotation_covariance>
        <location_covariance>2.1071698830467447e-05 -1.5467224337764202e-08 -4.5597198158635147e-06 -1.5467224337764202e-08 2.2182580467452963e-06 2.1316291135963598e-07 -4.5597198158635147e-06 2.1316291135963598e-07 3.0048246168244158e-06</location_covariance>
        <orientation>1</orientation>
      </camera>
      <camera id="7" sensor_id="0" component_id="0" label="SSP_001_00008_04_71074003363">
        <transform>-6.8756728661647881e-01 -5.9433710581325738e-01 4.1715060952655214e-01 -1.2083058979156100e+00 -5.4290204064610592e-01 3.9276713133885865e-02 -8.3887705539470536e-01 2.9749132799986904e+00 4.8219145641243705e-01 -8.0325633795129137e-01 -3.4967221065439769e-01 -2.6565019893204593e+00 0 0 0 1</transform>
        <rotation_covariance>5.4005856242571973e-08 -3.4695903859404499e-09 -3.8461082651225515e-10 -3.4695903859404466e-09 7.7844094228233070e-08 -9.6121827473284133e-09 -3.8461082651225556e-10 -9.6121827473284099e-09 1.7831481873550763e-08</rotation_covariance>
        <location_covariance>4.8032205672383565e-06 1.3945539027148095e-07 -2.4158578830716448e-06 1.3945539027148095e-07 1.1015220287776443e-06 1.7940894085434649e-08 -2.4158578830716448e-06 1.7940894085434649e-08 2.6774516904221791e-06</location_covariance>
        <orientation>1</orientation>
      </camera>
      <camera id="8" sensor_id="0" component_id="0" label="SSP_002_00009_08_71074003452">
        <transform>-7.5774748968471561e-01 -5.9750210221217004e-01 2.6231656396146397e-01 3.6534166644587762e-01 -2.4425606853163503e-01 -1.1305739623598489e-01 -9.6309760571907188e-01 2.7350303817011374e+00 6.0510967176370634e-01 -7.9385720567894191e-01 -6.0274556237623830e-02 -4.4593427763773859e+00 0 0 0 1</transform>
        <rotation_covariance>1.0802172023519241e-07 -3.3140606937368170e-09 1.2739376226969044e-08 -3.3140606937368236e-09 7.9152988421684596e-08 -6.7901214000483906e-09 1.2739376226969053e-08 -6.7901214000483906e-09 2.0612013118400496e-08</rotation_covariance>
        <location_covariance>9.7830156580643114e-07 1.1209723837163112e-07 2.6117214687329325e-07 1.1209723837163112e-07 9.3845330121298238e-08 3.1657290674548846e-08 2.6117214687329325e-07 3.1657290674548846e-08 1.1311036523319772e-06</location_covariance>
        <orientation>1</orientation>
      </camera>
      <camera id="9" sensor_id="0" component_id="0" label="SSP_002_00010_03_31074011548">
        <transform>5.6815790121168630e-01 4.8024052914548043e-01 6.6825566473977671e-01 -2.7609548507879076e+00 4.8853402479733399e-01 4.5663612311945101e-01 -7.4351728808263462e-01 2.5227399678712645e+00 -6.6221681185700021e-01 7.4890085140057516e-01 2.4827582754745448e-02 -4.1419567439247080e+00 0 0 0 1</transform>
        <rotation_covariance>7.5846683114288851e-08 -9.3364693378316321e-10 -1.1498315604439965e-09 -9.3364693378315660e-10 7.0991017947507690e-08 2.3537265827397975e-08 -1.1498315604439994e-09 2.3537265827397978e-08 3.0331481680727094e-08</rotation_covariance>
        <location_covariance>1.3042766336883680e-05 1.1224564307617382e-06 8.0595660825166421e-07 1.1224564307617382e-06 1.0229220212769295e-06 1.2583154964929405e-07 8.0595660825166421e-07 1.2583154964929405e-07 9.6978564792963808e-07</location_covariance>
        <orientation>1</orientation>
      </camera>
      <camera id="10" sensor_id="0" component_id="0" label="SSP_002_00011_02_31074011542">
        <transform>-6.4801020456448755e-01 -5.6372397668061214e-01 5.1215042018501544e-01 -2.6433102866804958e+00 -5.2140522923434718e-01 -1.6181207202730971e-01 -8.3782661707139983e-01 3.0731873931996909e+00 5.5517507302414870e-01 -8.0995810475704533e-01 -1.8907275539063129e-01 -2.4631512798115560e+00 0 0 0 1</transform>
        <rotation_covariance>6.1715812678165734e-08 -1.7754618836610299e-09 5.8515407546962882e-09 -1.7754618836610299e-09 6.7525381626303900e-08 -1.9310397006827271e-08 5.8515407546962924e-09 -1.9310397006827271e-08 3.1389227128714842e-08</rotation_covariance>
        <location_covariance>1.2797157404762504e-05 -4.0145580933152768e-07 -4.7645179044062891e-06 -4.0145580933152768e-07 1.9502975593034003e-06 4.2564657494955841e-07 -4.7645179044062891e-06 4.2564657494955841e-07 3.9345075710905917e-06</location_covariance>
        <orientation>1</orientation>
      </camera>
      <camera id="11" sensor_id="0" component_id="0" label="SSP_002_00012_06_71074003383">
        <transform>-7.0736770155683359e-01 -5.9586415764879141e-01 3.8023261357187516e-01 -5.9701062892120449e-01 -3.6983211607936695e-01 -1.4642818909837013e-01 -9.1748732490080187e-01 2.8675548074702637e+00 6.0237458504692953e-01 -7.8962313230228276e-01 -1.1679113075345843e-01 -3.8229743309513005e+00 0 0 0 1</transform>
        <rotation_covariance>4.9345640915628483e-08 -3.3200700224990332e-09 6.5091497098462339e-09 -3.3200700224990232e-09 7.5939389587602992e-08 -1.3445234073162955e-08 6.5091497098462347e-09 -1.3445234073162953e-08 1.9510730743093996e-08</rotation_covariance>
        <location_covariance>2.5161816748160247e-06 2.3112993024231002e-07 -2.2222274351321397e-07 2.3112993024231002e-07 4.9301016234283679e-07 -1.4595978915494275e-07 -2.2222274351321397e-07 -1.4595978915494275e-07 7.8275215785755419e-07</location_covariance>
        <orientation>1</orientation>
      </camera>
      <camera id="12" sensor_id="0" component_id="0" label="SSP_002_00013_07_31074011579">
        <transform>7.3115031650530904e-01 4.9608768779602397e-01 4.6831209752832748e-01 -9.8568645337543925e-01 2.4212152638174794e-01 4.5307797400184668e-01 -8.5796125549872859e-01 2.3109982255008612e+00 -6.3780591180762769e-01 7.4068708338378419e-01 2.1115459590466931e-01 -5.2560864446344162e+00 0 0 0 1</transform>
        <rotation_covariance>8.6572176639147999e-08 9.8478701053295940e-09 -3.7572969992211372e-09 9.8478701053295874e-09 8.9719877878852735e-08 2.9249917338109384e-08 -3.7572969992211438e-09 2.9249917338109391e-08 4.1598155735654004e-08</rotation_covariance>
        <location_covariance>3.4722038177537777e-06 9.0030830898637690e-07 2.1991330182060941e-06 9.0030830898637690e-07 6.9110997081063964e-07 7.3210198520438021e-07 2.1991330182060941e-06 7.3210198520438021e-07 2.5201743191515703e-06</location_covariance>
        <orientation>1</orientation>
      </camera>
      <camera id="13" sensor_id="0" component_id="0" label="SSP_002_00014_05_31074008483">
        <transform>6.9774108201681018e-01 4.9255020351140227e-01 5.2014582521335972e-01 -1.8940652920775694e+00 3.0875346894207045e-01 4.4842082792408022e-01 -8.3880275184343545e-01 2.4053701445532956e+00 -6.4639668770983727e-01 7.4586396756027762e-01 1.6080504971235338e-01 -4.6777198640209523e+00 0 0 0 1</transform>
        <rotation_covariance>7.4877347519112166e-08 7.0275128642155053e-09 -7.0765599901547134e-09 7.0275128642155053e-09 7.1528825065048589e-08 2.4737906401017359e-08 -7.0765599901547142e-09 2.4737906401017362e-08 3.3188653388883036e-08</rotation_covariance>
        <location_covariance>7.4744203986634467e-06 1.1054004156060088e-06 1.9551801224159195e-06 1.1054004156060088e-06 6.9810772754309308e-07 3.9214783768415917e-07 1.9551801224159195e-06 3.9214783768415917e-07 1.2753517623891424e-06</location_covariance>
        <orientation>1</orientation>
      </camera>
      <camera id="14" sensor_id="0" component_id="0" label="SSP_002_00015_04_71074003363">
        <transform>-6.2668026068000637e-01 -5.9112734226233610e-01 5.0777979095657744e-01 -1.5590619542849791e+00 -5.2703821798389983e-01 -1.5847463227344311e-01 -8.3493503202952990e-01 2.9757636715233273e+00 5.7402314209306404e-01 -7.9085665967712737e-01 -2.1223377720321107e-01 -3.1924018597073340e+00 0 0 0 1</transform>
        <rotation_covariance>5.3516365633677082e-08 -5.5618468837687605e-09 4.1805030858284257e-09 -5.5618468837687506e-09 6.6660181017721316e-08 -1.5406672711320152e-08 4.1805030858284282e-09 -1.5406672711320152e-08 2.1512669731882053e-08</rotation_covariance>
        <location_covariance>6.1798299987083291e-06 1.7175772507373117e-08 -1.6039828187385261e-06 1.7175772507373117e-08 1.0085962118053683e-06 1.6778742881626416e-08 -1.6039828187385261e-06 1.6778742881626416e-08 1.5759131720231841e-06</location_covariance>
        <orientation>1</orientation>
      </camera>
      <camera id="15" sensor_id="0" component_id="0" label="SSP_002_00016_01_71074004861">
        <transform>4.8477092796473786e-01 5.0018261130062236e-01 7.1750575102412784e-01 -4.0046474262992495e+00 6.0268617075412489e-01 4.0347300685911891e-01 -6.8846126421011611e-01 2.6101693710698317e+00 -6.3385055571635873e-01 7.6617679949770867e-01 -1.0586115873875279e-01 -3.3683233837871565e+00 0 0 0 1</transform>
        <rotation_covariance>7.8310736970784104e-08 -5.3832200221331032e-09 1.9762920587221822e-09 -5.3832200221331164e-09 7.7681372748456595e-08 2.1824297625956080e-08 1.9762920587221797e-09 2.1824297625956080e-08 3.0209220917044197e-08</rotation_covariance>
        <location_covariance>2.3921214939089164e-05 1.1641953606558567e-06 -2.5564049727567931e-06 1.1641953606558567e-06 1.9226430709962194e-06 2.3896330674143455e-08 -2.5564049727567931e-06 2.3896330674143455e-08 1.7535724232155221e-06</location_covariance>
        <orientation>1</orientation>
      </camera>
      <camera id="16" sensor_id="0" component_id="0" label="SSP_003_00017_08_71074003452">
        <transform>-7.3071921413937480e-01 -5.7601138178660360e-01 3.6641549931713091e-01 3.7001469021048082e-02 -2.2273666948247950e-01 -3.0620096001302510e-01 -9.2554273167420753e-01 2.6189082863576716e+00 6.4531992542876515e-01 -7.5792602550604515e-01 9.5448068106291029e-02 -4.9500262771687655e+00 0 0 0 1</transform>
        <rotation_covariance>4.5140517255572037e-08 -9.6778289523478562e-10 1.1407117999434781e-08 -9.6778289523477569e-10 5.1035143432836585e-08 -1.5907397890954685e-08 1.1407117999434781e-08 -1.5907397890954688e-08 2.5647362776028727e-08</rotation_covariance>
        <location_covariance>9.3135014082489962e-07 1.9846431900442799e-07 6.4406179362985233e-07 1.9846431900442799e-07 1.7029283895285020e-07 2.1208005587749680e-07 6.4406179362985233e-07 2.1208005587749680e-07 1.5445510490103406e-06</location_covariance>
        <orientation>1</orientation>
      </camera>
      <camera id="17" sensor_id="0" component_id="0" label="SSP_003_00018_03_31074011548">
        <transform>5.1804578837658566e-01 4.2589517516641739e-01 7.4178289338272607e-01 -3.0356648037097576e+00 4.3263076239947668e-01 6.1764971974966898e-01 -6.5676437716947056e-01 2.1380240863321958e+00 -7.3787477567059445e-01 6.6115211824747377e-01 1.3571548167378861e-01 -4.5563539395446382e+00 0 0 0 1</transform>
        <rotation_covariance>7.4255481779675111e-08 -6.2087125326992988e-10 -3.0470709377889689e-09 -6.2087125326992327e-10 6.1692761215835988e-08 2.3888708985329958e-08 -3.0470709377889689e-09 2.3888708985329955e-08 3.4912205290436855e-08</rotation_covariance>
        <location_covariance>1.5036797378742773e-05 2.6128464949376791e-06 2.4555027778875205e-06 2.6128464949376791e-06 1.3493338913605226e-06 5.2825793293361058e-07 2.4555027778875205e-06 5.2825793293361058e-07 1.2523673724168589e-06</location_covariance>
        <orientation>1</orientation>
      </camera>
      <camera id="18" sensor_id="0" component_id="0" label="SSP_003_00019_02_31074011542">
        <transform>-5.9307798448355220e-01 -5.3581452494514714e-01 6.0096697012292999e-01 -2.9946267780566158e+00 -4.9235737795540219e-01 -3.4922720165990273e-01 -7.9726066878636059e-01 2.9378221288763924e+00 6.3705785976927531e-01 -7.6872827219935180e-01 -5.6693269685125711e-02 -3.0027921695792217e+00 0 0 0 1</transform>
        <rotation_covariance>6.3800687830006056e-08 1.5182652492063666e-09 1.1106586535728628e-08 1.5182652492063600e-09 7.4015913017396371e-08 -2.9272919029877199e-08 1.1106586535728628e-08 -2.9272919029877192e-08 4.2692324974228656e-08</rotation_covariance>
        <location_covariance>1.5297801368343936e-05 7.5610007163341885e-08 -3.4298351015971124e-06 7.5610007163341885e-08 1.9552635023327655e-06 1.4090131945577998e-07 -3.4298351015971124e-06 1.4090131945577998e-07 2.7884897234525013e-06</location_covariance>
        <orientation>1</orientation>
      </camera>
      <camera id="19" sensor_id="0" component_id="0" label="SSP_003_00020_07_31074011579">
        <transform>7.0556713967415541e-01 4.4292360419669985e-01 5.5316696598534865e-01 -1.2494325303126685e+00 2.1244207474047105e-01 6.1249097987701839e-01 -7.6139553745031485e-01 1.9581674754293943e+00 -6.7604983269874075e-01 6.5473160945130360e-01 3.3805789932097430e-01 -5.6406103115648794e+00 0 0 0 1</transform>
        <rotation_covariance>7.9498462839931764e-08 1.1755871765572966e-08 -9.1026080502361936e-09 1.1755871765572966e-08 6.7644870374213570e-08 3.4438667100450992e-08 -9.1026080502361903e-09 3.4438667100450992e-08 5.5221162397223705e-08</rotation_covariance>
        <location_covariance>4.3692704664285919e-06 1.5209276045932590e-06 3.3314681548012585e-06 1.5209276045932590e-06 1.2408829322625505e-06 1.6128896431088360e-06 3.3314681548012585e-06 1.6128896431088360e-06 3.4730355359249675e-06</location_covariance>
        <orientation>1</orientation>
      </camera>
      <camera id="20" sensor_id="0" component_id="0" label="SSP_003_00021_05_31074008483">
        <transform>6.6544765553776730e-01 4.3767005401479575e-01 6.0466878665760049e-01 -2.1606562315988902e+00 2.7254772885466433e-01 6.1167121742467179e-01 -7.4268166617359277e-01 2.0204176077231066e+00 -6.9490801782354861e-01 6.5901687807893461e-01 2.8774919838574908e-01 -5.0794753072473142e+00 0 0 0 1</transform>
        <rotation_covariance>8.3474679460898709e-08 3.6659000881740676e-09 -6.7893407224632838e-09 3.6659000881740610e-09 7.7298017457217549e-08 2.8044829846083171e-08 -6.7893407224632805e-09 2.8044829846083171e-08 4.4590164353463980e-08</rotation_covariance>
        <location_covariance>9.0277808349314422e-06 2.3601481498328470e-06 3.3567088127574535e-06 2.3601481498328470e-06 1.4028190175809560e-06 9.5156978542964413e-07 3.3567088127574535e-06 9.5156978542964413e-07 2.1672703343022397e-06</location_covariance>
        <orientation>1</orientation>
      </camera>
      <camera id="21" sensor_id="0" component_id="0" label="SSP_003_00022_06_71074003383">
        <transform>-6.6710724463402449e-01 -5.6939410964175430e-01 4.8037305509580175e-01 -9.3673079328915376e-01 -3.4331460161905664e-01 -3.3729105980011581e-01 -8.7656706833765019e-01 2.7304710683031432e+00 6.6113766227008208e-01 -7.4968332573439778e-01 2.9527997627049107e-02 -4.3300660029130986e+00 0 0 0 1</transform>
        <rotation_covariance>5.3879269348652742e-08 -6.5915599027369594e-09 1.1707415622313222e-08 -6.5915599027369561e-09 6.6539208529307459e-08 -1.9187403118482348e-08 1.1707415622313221e-08 -1.9187403118482348e-08 2.8045867083074999e-08</rotation_covariance>
        <location_covariance>3.5092232446491413e-06 4.2599330274229661e-07 6.1871822479075051e-07 4.2599330274229661e-07 5.1591568872919092e-07 2.9089731544469910e-10 6.1871822479075051e-07 2.9089731544469910e-10 9.1921266960791833e-07</location_covariance>
        <orientation>1</orientation>
      </camera>
      <camera id="22" sensor_id="0" component_id="0" label="SSP_003_00023_01_71074004861">
        <transform>4.2303231255086782e-01 4.5106305846413097e-01 7.8586626077650679e-01 -4.2863227340729928e+00 5.4034000979594055e-01 5.7063463354843258e-01 -6.1839209956852492e-01 2.2186450218542695e+00 -7.2737633749771335e-01 6.8623482298993677e-01 -2.3305287774847069e-03 -3.7941846966253157e+00 0 0 0 1</transform>
        <rotation_covariance>7.7718383296312157e-08 -5.3779605117348996e-09 -1.1051654623080627e-09 -5.3779605117348996e-09 6.8113226653685311e-08 2.3597342324917798e-08 -1.1051654623080633e-09 2.3597342324917795e-08 3.5785647782966820e-08</rotation_covariance>
        <location_covariance>2.6684174436266542e-05 3.1424697436034962e-06 -5.5433168300082435e-07 3.1424697436034962e-06 2.1592524729649727e-06 1.0563403803587620e-07 -5.5433168300082435e-07 1.0563403803587620e-07 1.3680253347538901e-06</location_covariance>
        <orientation>1</orientation>
      </camera>
      <camera id="23" sensor_id="0" component_id="0" label="SSP_003_00024_04_71074003363">
        <transform>-5.7068132189494603e-01 -5.6409822187290681e-01 5.9675457679020893e-01 -1.9039232724181037e+00 -4.9244670591122003e-01 -3.4644591064692876e-01 -7.9841810652890888e-01 2.8441396161774328e+00 6.5712941699289718e-01 -7.4951212603656070e-01 -8.0078100918601902e-02 -3.7135016708188364e+00 0 0 0 1</transform>
        <rotation_covariance>5.5991718861994751e-08 -8.3434084568568733e-09 8.2972403783043631e-09 -8.3434084568568799e-09 6.6036963143926220e-08 -1.9465486248572567e-08 8.2972403783043681e-09 -1.9465486248572570e-08 2.7044962023152738e-08</rotation_covariance>
        <location_covariance>7.8610900057364825e-06 3.3130648884086378e-07 -5.0943548000450188e-07 3.3130648884086378e-07 1.0745607295089256e-06 -7.7311043812348305e-08 -5.0943548000450188e-07 -7.7311043812348305e-08 1.0800234374773444e-06</location_covariance>
        <orientation>1</orientation>
      </camera>
      <camera id="24" sensor_id="0" component_id="0" label="SSP_004_00025_08_71074003452">
        <transform>-7.0656590274686704e-01 -5.3627323856516185e-01 4.6170947431727805e-01 -2.6308727570425566e-01 -1.8970283570076232e-01 -4.8503382757477809e-01 -8.5367149433212863e-01 2.3849994736546578e+00 6.8174589049190037e-01 -6.9076276658994340e-01 2.4097581017689862e-01 -5.4095255356892471e+00 0 0 0 1</transform>
        <rotation_covariance>4.7228032380976085e-08 6.9100955202221334e-10 1.5192696915506639e-08 6.9100955202220341e-10 4.7682774849027688e-08 -1.6203318215834343e-08 1.5192696915506646e-08 -1.6203318215834350e-08 3.6135831796555954e-08</rotation_covariance>
        <location_covariance>1.4154508109801212e-06 4.6479064776843039e-07 1.4049866936810909e-06 4.6479064776843039e-07 4.0357712352526669e-07 6.9959637280928070e-07 1.4049866936810909e-06 6.9959637280928070e-07 2.7203509540754431e-06</location_covariance>
        <orientation>1</orientation>
      </camera>
      <camera id="25" sensor_id="0" component_id="0" label="SSP_004_00026_03_31074011548">
        <transform>4.7213525307458615e-01 3.5321953802000072e-01 8.0766593388921248e-01 -3.2816600670522638e+00 3.5951985036475786e-01 7.5939755069396486e-01 -5.4227376590953469e-01 1.6513810153520474e+00 -8.0488122104935367e-01 5.4639849739996937e-01 2.3154891932625682e-01 -4.9052970394569266e+00 0 0 0 1</transform>
        <rotation_covariance>7.8929228579415493e-08 2.1008314497767937e-11 -2.2451112588421185e-10 2.1008314497774555e-11 5.9739255608969442e-08 2.2176863895778913e-08 -2.2451112588422012e-10 2.2176863895778913e-08 4.1729053009974703e-08</rotation_covariance>
        <location_covariance>1.7006405046720895e-05 4.6474348445256546e-06 4.1566268957596700e-06 4.6474348445256546e-06 2.4320290216742343e-06 1.1822059436197170e-06 4.1566268957596700e-06 1.1822059436197170e-06 1.9237654735687878e-06</location_covariance>
        <orientation>1</orientation>
      </camera>
      <camera id="26" sensor_id="0" component_id="0" label="SSP_004_00027_02_31074011542">
        <transform>-5.4048975879396000e-01 -4.9117608128162155e-01 6.8309360838444111e-01 -3.3242601045264846e+00 -4.4120540847378387e-01 -5.2584349904065608e-01 -7.2720451184667478e-01 2.6928206754375066e+00 7.1638579562434668e-01 -6.9443118571497731e-01 6.7503482385445734e-02 -3.5070036200134407e+00 0 0 0 1</transform>
        <rotation_covariance>5.9064592971584697e-08 -1.7375786834855063e-09 5.1696437022752379e-09 -1.7375786834855129e-09 5.2253127991524389e-08 -2.2821427664054339e-08 5.1696437022752330e-09 -2.2821427664054332e-08 4.3527366843670710e-08</rotation_covariance>
        <location_covariance>1.7756150418415104e-05 6.6747715105926613e-07 -1.6294623500855961e-06 6.6747715105926613e-07 1.9563278417909410e-06 7.6647530382520769e-08 -1.6294623500855961e-06 7.6647530382520769e-08 1.5947722466500614e-06</location_covariance>
        <orientation>1</orientation>
      </camera>
      <camera id="27" sensor_id="0" component_id="0" label="SSP_004_00028_06_71074003383">
        <transform>-6.3066755993281587e-01 -5.2609723504624362e-01 5.7050865736208278e-01 -1.2472880600746630e+00 -2.9818309044659297e-01 -5.1443665557282303e-01 -8.0401602718774701e-01 2.4925213246264155e+00 7.1648117450503013e-01 -6.7718286059213517e-01 1.6756521088861395e-01 -4.8083393456769290e+00 0 0 0 1</transform>
        <rotation_covariance>5.3206637625110257e-08 -1.5230470433739978e-09 1.1843881783652395e-08 -1.5230470433739879e-09 5.2226499497430624e-08 -1.8677306577799727e-08 1.1843881783652395e-08 -1.8677306577799724e-08 3.6298298917461342e-08</rotation_covariance>
        <location_covariance>4.5001428233181849e-06 8.0395527448734265e-07 1.7222155941826961e-06 8.0395527448734265e-07 6.2894364552609402e-07 3.2401872050661456e-07 1.7222155941826961e-06 3.2401872050661456e-07 1.5098027373039375e-06</location_covariance>
        <orientation>1</orientation>
      </camera>
      <camera id="28" sensor_id="0" component_id="0" label="SSP_004_00029_07_31074011579">
        <transform>6.8349720477644083e-01 3.7111391199942312e-01 6.2857460605983539e-01 -1.4655182391687904e+00 1.7209038028880908e-01 7.5491971390371504e-01 -6.3283578167766896e-01 1.4830716589600255e+00 -7.0937752436544366e-01 5.4071313085592609e-01 4.5212038003737121e-01 -5.9676964326570783e+00 0 0 0 1</transform>
        <rotation_covariance>7.5673755296797927e-08 6.4267286616278919e-09 -1.8935002993036673e-08 6.4267286616278853e-09 5.9230801207115711e-08 3.5949583926877486e-08 -1.8935002993036663e-08 3.5949583926877486e-08 8.0398829829082022e-08</rotation_covariance>
        <location_covariance>5.3074180103527521e-06 2.7628565064245992e-06 4.4981256433775947e-06 2.7628565064245992e-06 2.1969576134758989e-06 2.8248472356996102e-06 4.4981256433775947e-06 2.8248472356996102e-06 4.6459652180141835e-06</location_covariance>
        <orientation>1</orientation>
      </camera>
      <camera id="29" sensor_id="0" component_id="0" label="SSP_004_00030_04_71074003363">
        <transform>-5.1854738976544490e-01 -5.1914434779798990e-01 6.7940985473927529e-01 -2.2280524667188684e+00 -4.3525342622953428e-01 -5.2367023491629028e-01 -7.3234140946567350e-01 2.5995844805951944e+00 7.3597762161827651e-01 -6.7546919338495193e-01 4.5588477326927446e-02 -4.2093738947798007e+00 0 0 0 1</transform>
        <rotation_covariance>4.9179102533547065e-08 -4.6017374274673820e-10 9.4389393607640970e-09 -4.6017374274674151e-10 4.3511409232483359e-08 -1.9115955427899210e-08 9.4389393607640921e-09 -1.9115955427899213e-08 3.3978713326574811e-08</rotation_covariance>
        <location_covariance>9.4823496262361994e-06 7.9555561621807021e-07 8.5985483496140587e-07 7.9555561621807021e-07 8.3585290467233236e-07 1.2861383387998580e-07 8.5985483496140587e-07 1.2861383387998580e-07 9.7637006321701918e-07</location_covariance>
        <orientation>1</orientation>
      </camera>
      <camera id="30" sensor_id="0" component_id="0" label="SSP_004_00031_05_31074008483">
        <transform>6.3774083181057506e-01 3.6724911893478906e-01 6.7706330286257355e-01 -2.3811359698509653e+00 2.2354260631684333e-01 7.5293624211765964e-01 -6.1896342255969361e-01 1.5504618067549139e+00 -7.3709927052102575e-01 5.4609074332692964e-01 3.9808236013419762e-01 -5.4155728022575040e+00 0 0 0 1</transform>
        <rotation_covariance>8.2544448849264269e-08 6.4004686424823865e-09 -5.0588761579947554e-09 6.4004686424823898e-09 6.6444458228686842e-08 2.2017674790098689e-08 -5.0588761579947488e-09 2.2017674790098689e-08 4.3617162652746060e-08</rotation_covariance>
        <location_covariance>1.0277287886916575e-05 3.9539583694584784e-06 4.7249926478385624e-06 3.9539583694584784e-06 2.3268698193524589e-06 1.9383857863892860e-06 4.7249926478385624e-06 1.9383857863892860e-06 3.0830190374961088e-06</location_covariance>
        <orientation>1</orientation>
      </camera>
      <camera id="31" sensor_id="0" component_id="0" label="SSP_004_00032_01_71074004861">
        <transform>3.6634451274935043e-01 3.8299711673857650e-01 8.4800053452128088e-01 -4.5291779239583398e+00 4.5543136273701434e-01 7.2092243620889040e-01 -5.2235343858937533e-01 1.7152891665100891e+00 -8.1140247215173500e-01 5.7756735498171596e-01 8.9677079822423511e-02 -4.1537891061236101e+00 0 0 0 1</transform>
        <rotation_covariance>7.6255366770167468e-08 -2.9747215283533500e-09 -8.4506116422943958e-10 -2.9747215283533434e-09 5.7124452264364145e-08 2.2523302036210235e-08 -8.4506116422943462e-10 2.2523302036210235e-08 4.1736592788451871e-08</rotation_covariance>
        <location_covariance>2.9264731742356137e-05 5.8301087210471713e-06 1.3207947084227499e-06 5.8301087210471713e-06 2.8786122730383551e-06 4.8401390593107871e-07 1.3207947084227499e-06 4.8401390593107871e-07 1.2887230368133316e-06</location_covariance>
        <orientation>1</orientation>
      </camera>
      <camera id="32" sensor_id="0" component_id="0" label="SSP_005_00033_08_71074003452">
        <transform>-6.8658051806127829e-01 -4.8145156880082735e-01 5.4480416584120228e-01 -5.2544863178089862e-01 -1.5060998082299440e-01 -6.3889622849841643e-01 -7.5440588736236425e-01 2.0687667752994203e+00 7.1128322480936057e-01 -6.0001332994336187e-01 3.6614229200554654e-01 -5.8042187423637586e+00 0 0 0 1</transform>
        <rotation_covariance>5.2390231998398250e-08 3.0289593131121185e-09 1.9883884793172945e-08 3.0289593131121151e-09 4.8915060237736847e-08 -1.4068633314359843e-08 1.9883884793172948e-08 -1.4068633314359840e-08 4.6303052289006872e-08</rotation_covariance>
        <location_covariance>2.0327049670164320e-06 9.5093546007441022e-07 2.2759287078468514e-06 9.5093546007441022e-07 8.6527829911883380e-07 1.5127911203399358e-06 2.2759287078468514e-06 1.5127911203399358e-06 4.0873056811937600e-06</location_covariance>
        <orientation>1</orientation>
      </camera>
      <camera id="33" sensor_id="0" component_id="0" label="SSP_005_00034_03_31074011548">
        <transform>4.3663508555761538e-01 2.7176779572578885e-01 8.5760834141608000e-01 -3.4514476869730508e+00 2.7494277779240389e-01 8.6736046922724319e-01 -4.1484007202980500e-01 1.1178004838192805e+00 -8.5659574537811611e-01 4.1692694999033497e-01 3.0399942001896385e-01 -5.1546956804958040e+00 0 0 0 1</transform>
        <rotation_covariance>8.7189552776821028e-08 3.0451590549754686e-09 7.2850849757353972e-09 3.0451590549754620e-09 7.1206370269470299e-08 1.8130459837483963e-08 7.2850849757353890e-09 1.8130459837483963e-08 5.2011706832243469e-08</rotation_covariance>
        <location_covariance>1.8548568357570852e-05 6.9895150932688010e-06 5.6192682736459864e-06 6.9895150932688010e-06 4.1549632060048609e-06 2.0114158358417465e-06 5.6192682736459864e-06 2.0114158358417465e-06 2.8822898122916358e-06</location_covariance>
        <orientation>1</orientation>
      </camera>
      <camera id="34" sensor_id="0" component_id="0" label="SSP_005_00035_02_31074011542">
        <transform>-4.9589390519160764e-01 -4.3243719750863774e-01 7.5305199356000219e-01 -3.6081250197973516e+00 -3.7497868353942410e-01 -6.7553844266084684e-01 -6.3485336840753870e-01 2.3578794669277698e+00 7.8324978243524435e-01 -5.9719836126552894e-01 1.7284066540287774e-01 -3.9380152420545795e+00 0 0 0 1</transform>
        <rotation_covariance>5.4174401532855170e-08 1.2147123296996922e-09 5.6840985215747611e-09 1.2147123296996922e-09 4.1454456990997739e-08 -1.6506691341587782e-08 5.6840985215747627e-09 -1.6506691341587782e-08 4.7395617265351107e-08</rotation_covariance>
        <location_covariance>2.0146602332857846e-05 2.0231854481002570e-06 2.1448841390350574e-07 2.0231854481002570e-06 1.8565952541542181e-06 1.1378794510246384e-07 2.1448841390350574e-07 1.1378794510246384e-07 1.2344805686017564e-06</location_covariance>
        <orientation>1</orientation>
      </camera>
      <camera id="35" sensor_id="0" component_id="0" label="SSP_005_00036_06_71074003383">
        <transform>-5.9969785258556108e-01 -4.6999213081986735e-01 6.4766494622734372e-01 -1.5175470616795694e+00 -2.4359373702225021e-01 -6.6372518189766860e-01 -7.0719938786628012e-01 2.1756160603693280e+00 7.6224968146126670e-01 -5.8187307884306416e-01 2.8354742677353084e-01 -5.2124685120923466e+00 0 0 0 1</transform>
        <rotation_covariance>5.1775045907476037e-08 1.5496188185649454e-10 1.1623410913462538e-08 1.5496188185649123e-10 4.7839929563601156e-08 -1.4207828952822274e-08 1.1623410913462534e-08 -1.4207828952822276e-08 4.0555188652884210e-08</rotation_covariance>
