1.906000000000000000e+03,1.906000000000000000e+03,1.906000000000000000e+03,1.906000000000000000e+03,1.906000000000000000e+03,1.906000000000000000e+03,1.906000000000000000e+03,1.906000000000000000e+03,1.906000000000000000e+03,1.906000000000000000e+03,1.906000000000000000e+03,1.906000000000000000e+03,1.906000000000000000e+03,1.906000000000000000e+03,1.906000000000000000e+03,1.906000000000000000e+03,1.906000000000000000e+03,1.906000000000000000e+03,1.906000000000000000e+03,1.906000000000000000e+03,1.906000000000000000e+03,1.906000000000000000e+03,1.906000000000000000e+03,1.906000000000000000e+03,1.906000000000000000e+03,1.906000000000000000e+03,1.906000000000000000e+03,1.906000000000000000e+03,1.906000000000000000e+03,1.906000000000000000e+03,1.906000000000000000e+03,1.906000000000000000e+03,1.906000000000000000e+03,1.906000000000000000e+03,1.906000000000000000e+03,1.906000000000000000e+03,1.906000000000000000e+03,1.906000000000000000e+03,1.906000000000000000e+03,1.906000000000000000e+03,1.906000000000000000e+03,1.906000000000000000e+03,1.906000000000000000e+03,1.906000000000000000e+03,1.906000000000000000e+03,1.906000000000000000e+03,1.906000000000000000e+03,1.906000000000000000e+03,1.906000000000000000e+03,1.906000000000000000e+03,1.906000000000000000e+03,1.906000000000000000e+03,1.906000000000000000e+03,1.906000000000000000e+03,1.906000000000000000e+03,1.906000000000000000e+03,1.906000000000000000e+03,1.906000000000000000e+03,1.906000000000000000e+03,1.906000000000000000e+03,1.906000000000000000e+03,1.906000000000000000e+03,1.906000000000000000e+03,1.906000000000000000e+03,1.906000000000000000e+03,1.906000000000000000e+03,1.906000000000000000e+03,1.906000000000000000e+03,1.906000000000000000e+03,1.906000000000000000e+03,1.906000000000000000e+03,1.906000000000000000e+03,1.906000000000000000e+03,1.906000000000000000e+03,1.906000000000000000e+03,1.906000000000000000e+03,1.906000000000000000e+03,1.906000000000000000e+03,1.906000000000000000e+03,1.906000000000000000e+03,1.906000000000000000e+03,1.906000000000000000e+03,1.906000000000000000e+03,1.906000000000000000e+03,1.907000000000000000e+03,1.907000000000000000e+03,1.907000000000000000e+03,1.907000000000000000e+03,1.907000000000000000e+03,1.907000000000000000e+03,1.907000000000000000e+03,1.907000000000000000e+03,1.907000000000000000e+03,1.907000000000000000e+03,1.907000000000000000e+03,1.907000000000000000e+03,1.907000000000000000e+03,1.907000000000000000e+03,1.907000000000000000e+03,1.907000000000000000e+03,1.907000000000000000e+03,1.907000000000000000e+03,1.907000000000000000e+03,1.907000000000000000e+03,1.907000000000000000e+03,1.907000000000000000e+03,1.907000000000000000e+03,1.907000000000000000e+03,1.907000000000000000e+03,1.907000000000000000e+03,1.907000000000000000e+03,1.907000000000000000e+03,1.907000000000000000e+03,1.907000000000000000e+03,1.907000000000000000e+03,1.907000000000000000e+03,1.907000000000000000e+03,1.907000000000000000e+03,1.907000000000000000e+03,1.907000000000000000e+03,1.907000000000000000e+03,1.907000000000000000e+03,1.907000000000000000e+03,1.907000000000000000e+03,1.907000000000000000e+03,1.907000000000000000e+03,1.907000000000000000e+03,1.907000000000000000e+03,1.907000000000000000e+03,1.907000000000000000e+03,1.907000000000000000e+03,1.907000000000000000e+03,1.907000000000000000e+03,1.907000000000000000e+03,1.907000000000000000e+03,1.907000000000000000e+03,1.907000000000000000e+03,1.907000000000000000e+03,1.907000000000000000e+03,1.907000000000000000e+03,1.907000000000000000e+03,1.907000000000000000e+03,1.907000000000000000e+03,1.907000000000000000e+03,1.907000000000000000e+03,1.907000000000000000e+03,1.907000000000000000e+03,1.907000000000000000e+03,1.907000000000000000e+03,1.907000000000000000e+03,1.907000000000000000e+03,1.907000000000000000e+03,1.907000000000000000e+03,1.907000000000000000e+03,1.907000000000000000e+03,1.907000000000000000e+03,1.907000000000000000e+03,1.907000000000000000e+03,1.907000000000000000e+03,1.907000000000000000e+03,1.907000000000000000e+03,1.907000000000000000e+03,1.907000000000000000e+03,1.907000000000000000e+03,1.907000000000000000e+03,1.907000000000000000e+03,1.907000000000000000e+03,1.907000000000000000e+03,1.907000000000000000e+03,1.907000000000000000e+03,1.907000000000000000e+03,1.907000000000000000e+03,1.907000000000000000e+03,1.908000000000000000e+03,1.908000000000000000e+03,1.908000000000000000e+03,1.908000000000000000e+03,1.908000000000000000e+03,1.908000000000000000e+03,1.908000000000000000e+03,1.908000000000000000e+03,1.908000000000000000e+03,1.908000000000000000e+03,1.908000000000000000e+03,1.908000000000000000e+03,1.908000000000000000e+03,1.908000000000000000e+03,1.908000000000000000e+03,1.908000000000000000e+03,1.908000000000000000e+03,1.908000000000000000e+03,1.908000000000000000e+03,1.908000000000000000e+03,1.908000000000000000e+03,1.908000000000000000e+03,1.908000000000000000e+03,1.908000000000000000e+03,1.908000000000000000e+03,1.908000000000000000e+03,1.908000000000000000e+03,1.908000000000000000e+03,1.908000000000000000e+03,1.908000000000000000e+03,1.908000000000000000e+03,1.908000000000000000e+03,1.908000000000000000e+03,1.908000000000000000e+03,1.908000000000000000e+03,1.908000000000000000e+03,1.908000000000000000e+03,1.908000000000000000e+03,1.908000000000000000e+03,1.908000000000000000e+03,1.908000000000000000e+03,1.908000000000000000e+03,1.908000000000000000e+03,1.908000000000000000e+03,1.908000000000000000e+03,1.908000000000000000e+03,1.908000000000000000e+03,1.908000000000000000e+03,1.908000000000000000e+03,1.908000000000000000e+03,1.908000000000000000e+03,1.908000000000000000e+03,1.908000000000000000e+03,1.908000000000000000e+03,1.908000000000000000e+03,1.908000000000000000e+03,1.908000000000000000e+03,1.908000000000000000e+03,1.908000000000000000e+03,1.908000000000000000e+03,1.908000000000000000e+03,1.908000000000000000e+03,1.908000000000000000e+03,1.908000000000000000e+03,1.908000000000000000e+03,1.908000000000000000e+03,1.908000000000000000e+03,1.908000000000000000e+03,1.908000000000000000e+03,1.908000000000000000e+03,1.908000000000000000e+03,1.908000000000000000e+03,1.908000000000000000e+03,1.908000000000000000e+03,1.908000000000000000e+03,1.908000000000000000e+03,1.908000000000000000e+03,1.908000000000000000e+03,1.908000000000000000e+03,1.908000000000000000e+03,1.908000000000000000e+03,1.908000000000000000e+03,1.908000000000000000e+03,1.908000000000000000e+03,1.908000000000000000e+03,1.908000000000000000e+03,1.908000000000000000e+03,1.908000000000000000e+03,1.908000000000000000e+03,1.908000000000000000e+03,1.908000000000000000e+03,1.908000000000000000e+03,1.909000000000000000e+03,1.909000000000000000e+03,1.909000000000000000e+03,1.909000000000000000e+03,1.909000000000000000e+03,1.909000000000000000e+03,1.909000000000000000e+03,1.909000000000000000e+03,1.909000000000000000e+03,1.909000000000000000e+03,1.909000000000000000e+03,1.909000000000000000e+03,1.909000000000000000e+03,1.909000000000000000e+03,1.909000000000000000e+03,1.909000000000000000e+03,1.909000000000000000e+03,1.909000000000000000e+03,1.909000000000000000e+03,1.909000000000000000e+03,1.909000000000000000e+03,1.909000000000000000e+03,1.909000000000000000e+03,1.909000000000000000e+03,1.909000000000000000e+03,1.909000000000000000e+03,1.909000000000000000e+03,1.909000000000000000e+03,1.909000000000000000e+03,1.909000000000000000e+03,1.909000000000000000e+03,1.909000000000000000e+03,1.909000000000000000e+03,1.909000000000000000e+03,1.909000000000000000e+03,1.909000000000000000e+03,1.909000000000000000e+03,1.909000000000000000e+03,1.909000000000000000e+03,1.909000000000000000e+03,1.909000000000000000e+03,1.909000000000000000e+03,1.909000000000000000e+03,1.909000000000000000e+03,1.909000000000000000e+03,1.909000000000000000e+03,1.909000000000000000e+03,1.909000000000000000e+03,1.909000000000000000e+03,1.909000000000000000e+03,1.909000000000000000e+03,1.909000000000000000e+03,1.909000000000000000e+03,1.909000000000000000e+03,1.909000000000000000e+03,1.909000000000000000e+03,1.909000000000000000e+03,1.909000000000000000e+03,1.909000000000000000e+03,1.909000000000000000e+03,1.909000000000000000e+03,1.909000000000000000e+03,1.909000000000000000e+03,1.909000000000000000e+03,1.909000000000000000e+03,1.909000000000000000e+03,1.909000000000000000e+03,1.909000000000000000e+03,1.909000000000000000e+03,1.909000000000000000e+03,1.909000000000000000e+03,1.909000000000000000e+03,1.909000000000000000e+03,1.909000000000000000e+03,1.909000000000000000e+03,1.909000000000000000e+03,1.909000000000000000e+03,1.909000000000000000e+03,1.909000000000000000e+03,1.909000000000000000e+03,1.909000000000000000e+03,1.909000000000000000e+03,1.909000000000000000e+03,1.909000000000000000e+03,1.909000000000000000e+03,1.909000000000000000e+03,1.909000000000000000e+03,1.909000000000000000e+03,1.909000000000000000e+03,1.909000000000000000e+03,1.909000000000000000e+03,1.909000000000000000e+03,1.909000000000000000e+03,1.910000000000000000e+03,1.910000000000000000e+03,1.910000000000000000e+03,1.910000000000000000e+03,1.910000000000000000e+03,1.910000000000000000e+03,1.910000000000000000e+03,1.910000000000000000e+03,1.910000000000000000e+03,1.910000000000000000e+03,1.910000000000000000e+03,1.910000000000000000e+03,1.910000000000000000e+03,1.910000000000000000e+03,1.910000000000000000e+03,1.910000000000000000e+03,1.910000000000000000e+03,1.910000000000000000e+03,1.910000000000000000e+03,1.910000000000000000e+03,1.910000000000000000e+03,1.910000000000000000e+03,1.910000000000000000e+03,1.910000000000000000e+03,1.910000000000000000e+03,1.910000000000000000e+03,1.910000000000000000e+03,1.910000000000000000e+03,1.910000000000000000e+03,1.910000000000000000e+03,1.910000000000000000e+03,1.910000000000000000e+03,1.910000000000000000e+03,1.910000000000000000e+03,1.910000000000000000e+03,1.910000000000000000e+03,1.910000000000000000e+03,1.910000000000000000e+03,1.910000000000000000e+03,1.910000000000000000e+03,1.910000000000000000e+03,1.910000000000000000e+03,1.910000000000000000e+03,1.910000000000000000e+03,1.910000000000000000e+03,1.910000000000000000e+03,1.910000000000000000e+03,1.910000000000000000e+03,1.910000000000000000e+03,1.910000000000000000e+03,1.910000000000000000e+03,1.910000000000000000e+03,1.910000000000000000e+03,1.910000000000000000e+03,1.910000000000000000e+03,1.910000000000000000e+03,1.910000000000000000e+03,1.910000000000000000e+03,1.910000000000000000e+03,1.910000000000000000e+03,1.910000000000000000e+03,1.910000000000000000e+03,1.910000000000000000e+03,1.910000000000000000e+03,1.910000000000000000e+03,1.910000000000000000e+03,1.910000000000000000e+03,1.910000000000000000e+03,1.910000000000000000e+03,1.910000000000000000e+03,1.910000000000000000e+03,1.910000000000000000e+03,1.910000000000000000e+03,1.910000000000000000e+03,1.910000000000000000e+03,1.910000000000000000e+03,1.910000000000000000e+03,1.910000000000000000e+03,1.910000000000000000e+03,1.910000000000000000e+03,1.910000000000000000e+03,1.910000000000000000e+03,1.910000000000000000e+03,1.910000000000000000e+03,1.910000000000000000e+03,1.910000000000000000e+03,1.910000000000000000e+03,1.910000000000000000e+03,1.910000000000000000e+03,1.910000000000000000e+03,1.910000000000000000e+03,1.910000000000000000e+03,1.910000000000000000e+03,1.910000000000000000e+03,1.910000000000000000e+03,1.911000000000000000e+03,1.911000000000000000e+03,1.911000000000000000e+03,1.911000000000000000e+03,1.911000000000000000e+03,1.911000000000000000e+03,1.911000000000000000e+03,1.911000000000000000e+03,1.911000000000000000e+03,1.911000000000000000e+03,1.911000000000000000e+03,1.911000000000000000e+03,1.911000000000000000e+03,1.911000000000000000e+03,1.911000000000000000e+03,1.911000000000000000e+03,1.911000000000000000e+03,1.911000000000000000e+03,1.911000000000000000e+03,1.911000000000000000e+03,1.911000000000000000e+03,1.911000000000000000e+03,1.911000000000000000e+03,1.911000000000000000e+03,1.911000000000000000e+03,1.911000000000000000e+03,1.911000000000000000e+03,1.911000000000000000e+03,1.911000000000000000e+03,1.911000000000000000e+03,1.911000000000000000e+03,1.911000000000000000e+03,1.911000000000000000e+03,1.911000000000000000e+03,1.911000000000000000e+03,1.911000000000000000e+03,1.911000000000000000e+03,1.911000000000000000e+03,1.911000000000000000e+03,1.911000000000000000e+03,1.911000000000000000e+03,1.911000000000000000e+03,1.911000000000000000e+03,1.911000000000000000e+03,1.911000000000000000e+03,1.911000000000000000e+03,1.911000000000000000e+03,1.911000000000000000e+03,1.911000000000000000e+03,1.911000000000000000e+03,1.911000000000000000e+03,1.911000000000000000e+03,1.911000000000000000e+03,1.911000000000000000e+03,1.911000000000000000e+03,1.911000000000000000e+03,1.911000000000000000e+03,1.911000000000000000e+03,1.911000000000000000e+03,1.911000000000000000e+03,1.911000000000000000e+03,1.911000000000000000e+03,1.911000000000000000e+03,1.911000000000000000e+03,1.911000000000000000e+03,1.911000000000000000e+03,1.911000000000000000e+03,1.911000000000000000e+03,1.911000000000000000e+03,1.911000000000000000e+03,1.911000000000000000e+03,1.911000000000000000e+03,1.911000000000000000e+03,1.911000000000000000e+03,1.911000000000000000e+03,1.911000000000000000e+03,1.911000000000000000e+03,1.911000000000000000e+03,1.911000000000000000e+03,1.911000000000000000e+03,1.911000000000000000e+03,1.911000000000000000e+03,1.911000000000000000e+03,1.911000000000000000e+03,1.911000000000000000e+03,1.911000000000000000e+03,1.911000000000000000e+03,1.911000000000000000e+03,1.911000000000000000e+03,1.911000000000000000e+03,1.911000000000000000e+03,1.911000000000000000e+03,1.911000000000000000e+03,1.911000000000000000e+03,1.911000000000000000e+03,1.912000000000000000e+03,1.912000000000000000e+03,1.912000000000000000e+03,1.912000000000000000e+03,1.912000000000000000e+03,1.912000000000000000e+03,1.912000000000000000e+03,1.912000000000000000e+03,1.912000000000000000e+03,1.912000000000000000e+03,1.912000000000000000e+03,1.912000000000000000e+03,1.912000000000000000e+03,1.912000000000000000e+03,1.912000000000000000e+03,1.912000000000000000e+03,1.912000000000000000e+03,1.912000000000000000e+03,1.912000000000000000e+03,1.912000000000000000e+03,1.912000000000000000e+03,1.912000000000000000e+03,1.912000000000000000e+03,1.912000000000000000e+03,1.912000000000000000e+03,1.912000000000000000e+03,1.912000000000000000e+03,1.912000000000000000e+03,1.912000000000000000e+03,1.912000000000000000e+03,1.912000000000000000e+03,1.912000000000000000e+03,1.912000000000000000e+03,1.912000000000000000e+03,1.912000000000000000e+03,1.912000000000000000e+03,1.912000000000000000e+03,1.912000000000000000e+03,1.912000000000000000e+03,1.912000000000000000e+03,1.912000000000000000e+03,1.912000000000000000e+03,1.912000000000000000e+03,1.912000000000000000e+03,1.912000000000000000e+03,1.912000000000000000e+03,1.912000000000000000e+03,1.912000000000000000e+03,1.912000000000000000e+03,1.912000000000000000e+03,1.912000000000000000e+03,1.912000000000000000e+03,1.912000000000000000e+03,1.912000000000000000e+03,1.912000000000000000e+03,1.912000000000000000e+03,1.912000000000000000e+03,1.912000000000000000e+03,1.912000000000000000e+03,1.912000000000000000e+03,1.912000000000000000e+03,1.912000000000000000e+03,1.912000000000000000e+03,1.912000000000000000e+03,1.912000000000000000e+03,1.912000000000000000e+03,1.912000000000000000e+03,1.912000000000000000e+03,1.912000000000000000e+03,1.912000000000000000e+03,1.912000000000000000e+03,1.912000000000000000e+03,1.912000000000000000e+03,1.912000000000000000e+03,1.912000000000000000e+03,1.912000000000000000e+03,1.912000000000000000e+03,1.912000000000000000e+03,1.912000000000000000e+03,1.912000000000000000e+03,1.912000000000000000e+03,1.912000000000000000e+03,1.912000000000000000e+03,1.912000000000000000e+03,1.912000000000000000e+03,1.912000000000000000e+03,1.912000000000000000e+03,1.912000000000000000e+03,1.912000000000000000e+03,1.912000000000000000e+03,1.912000000000000000e+03,1.912000000000000000e+03,1.912000000000000000e+03,1.912000000000000000e+03,1.912000000000000000e+03,1.912000000000000000e+03,1.912000000000000000e+03,1.913000000000000000e+03,1.913000000000000000e+03,1.913000000000000000e+03,1.913000000000000000e+03,1.913000000000000000e+03,1.913000000000000000e+03,1.913000000000000000e+03,1.913000000000000000e+03,1.913000000000000000e+03,1.913000000000000000e+03,1.913000000000000000e+03,1.913000000000000000e+03,1.913000000000000000e+03,1.913000000000000000e+03,1.913000000000000000e+03,1.913000000000000000e+03,1.913000000000000000e+03,1.913000000000000000e+03,1.913000000000000000e+03,1.913000000000000000e+03,1.913000000000000000e+03,1.913000000000000000e+03,1.913000000000000000e+03,1.913000000000000000e+03,1.913000000000000000e+03,1.913000000000000000e+03,1.913000000000000000e+03,1.913000000000000000e+03,1.913000000000000000e+03,1.913000000000000000e+03,1.913000000000000000e+03,1.913000000000000000e+03,1.913000000000000000e+03,1.913000000000000000e+03,1.913000000000000000e+03,1.913000000000000000e+03,1.913000000000000000e+03,1.913000000000000000e+03,1.913000000000000000e+03,1.913000000000000000e+03,1.913000000000000000e+03,1.913000000000000000e+03,1.913000000000000000e+03,1.913000000000000000e+03,1.913000000000000000e+03,1.913000000000000000e+03,1.913000000000000000e+03,1.913000000000000000e+03,1.913000000000000000e+03,1.913000000000000000e+03,1.913000000000000000e+03,1.913000000000000000e+03,1.913000000000000000e+03,1.913000000000000000e+03,1.913000000000000000e+03,1.913000000000000000e+03,1.913000000000000000e+03,1.913000000000000000e+03,1.913000000000000000e+03,1.913000000000000000e+03,1.913000000000000000e+03,1.913000000000000000e+03,1.913000000000000000e+03,1.913000000000000000e+03,1.913000000000000000e+03,1.913000000000000000e+03,1.913000000000000000e+03,1.913000000000000000e+03,1.913000000000000000e+03,1.913000000000000000e+03,1.913000000000000000e+03,1.913000000000000000e+03,1.913000000000000000e+03,1.913000000000000000e+03,1.913000000000000000e+03,1.913000000000000000e+03,1.913000000000000000e+03,1.913000000000000000e+03,1.913000000000000000e+03,1.913000000000000000e+03,1.913000000000000000e+03,1.913000000000000000e+03,1.913000000000000000e+03,1.913000000000000000e+03,1.913000000000000000e+03,1.913000000000000000e+03,1.913000000000000000e+03,1.913000000000000000e+03,1.913000000000000000e+03,1.913000000000000000e+03,1.913000000000000000e+03,1.913000000000000000e+03,1.913000000000000000e+03,1.913000000000000000e+03,1.913000000000000000e+03,1.913000000000000000e+03,1.913000000000000000e+03,1.914000000000000000e+03,1.914000000000000000e+03,1.914000000000000000e+03,1.914000000000000000e+03,1.914000000000000000e+03,1.914000000000000000e+03,1.914000000000000000e+03,1.914000000000000000e+03,1.914000000000000000e+03,1.914000000000000000e+03,1.914000000000000000e+03,1.914000000000000000e+03,1.914000000000000000e+03,1.914000000000000000e+03,1.914000000000000000e+03,1.914000000000000000e+03,1.914000000000000000e+03,1.914000000000000000e+03,1.914000000000000000e+03,1.914000000000000000e+03,1.914000000000000000e+03,1.914000000000000000e+03,1.914000000000000000e+03,1.914000000000000000e+03,1.914000000000000000e+03,1.914000000000000000e+03,1.914000000000000000e+03,1.914000000000000000e+03,1.914000000000000000e+03,1.914000000000000000e+03,1.914000000000000000e+03,1.914000000000000000e+03,1.914000000000000000e+03,1.914000000000000000e+03,1.914000000000000000e+03,1.914000000000000000e+03,1.914000000000000000e+03,1.914000000000000000e+03,1.914000000000000000e+03,1.914000000000000000e+03,1.914000000000000000e+03,1.914000000000000000e+03,1.914000000000000000e+03,1.914000000000000000e+03,1.914000000000000000e+03,1.914000000000000000e+03,1.914000000000000000e+03,1.914000000000000000e+03,1.914000000000000000e+03,1.914000000000000000e+03,1.914000000000000000e+03,1.914000000000000000e+03,1.914000000000000000e+03,1.914000000000000000e+03,1.914000000000000000e+03,1.914000000000000000e+03,1.914000000000000000e+03,1.914000000000000000e+03,1.914000000000000000e+03,1.914000000000000000e+03,1.914000000000000000e+03,1.914000000000000000e+03,1.914000000000000000e+03,1.914000000000000000e+03,1.914000000000000000e+03,1.914000000000000000e+03,1.914000000000000000e+03,1.914000000000000000e+03,1.914000000000000000e+03,1.914000000000000000e+03,1.914000000000000000e+03,1.914000000000000000e+03,1.914000000000000000e+03,1.914000000000000000e+03,1.914000000000000000e+03,1.914000000000000000e+03,1.914000000000000000e+03,1.914000000000000000e+03,1.914000000000000000e+03,1.914000000000000000e+03,1.914000000000000000e+03,1.914000000000000000e+03,1.914000000000000000e+03,1.914000000000000000e+03,1.914000000000000000e+03,1.914000000000000000e+03,1.914000000000000000e+03,1.914000000000000000e+03,1.914000000000000000e+03,1.914000000000000000e+03,1.914000000000000000e+03,1.914000000000000000e+03,1.914000000000000000e+03,1.914000000000000000e+03,1.914000000000000000e+03,1.914000000000000000e+03,1.914000000000000000e+03,1.914000000000000000e+03,1.915000000000000000e+03,1.915000000000000000e+03,1.915000000000000000e+03,1.915000000000000000e+03,1.915000000000000000e+03,1.915000000000000000e+03,1.915000000000000000e+03,1.915000000000000000e+03,1.915000000000000000e+03,1.915000000000000000e+03,1.915000000000000000e+03,1.915000000000000000e+03,1.915000000000000000e+03,1.915000000000000000e+03,1.915000000000000000e+03,1.915000000000000000e+03,1.915000000000000000e+03,1.915000000000000000e+03,1.915000000000000000e+03,1.915000000000000000e+03,1.915000000000000000e+03,1.915000000000000000e+03,1.915000000000000000e+03,1.915000000000000000e+03,1.915000000000000000e+03,1.915000000000000000e+03,1.915000000000000000e+03,1.915000000000000000e+03,1.915000000000000000e+03,1.915000000000000000e+03,1.915000000000000000e+03,1.915000000000000000e+03,1.915000000000000000e+03,1.915000000000000000e+03,1.915000000000000000e+03,1.915000000000000000e+03,1.915000000000000000e+03,1.915000000000000000e+03,1.915000000000000000e+03,1.915000000000000000e+03,1.915000000000000000e+03,1.915000000000000000e+03,1.915000000000000000e+03,1.915000000000000000e+03,1.915000000000000000e+03,1.915000000000000000e+03,1.915000000000000000e+03,1.915000000000000000e+03,1.915000000000000000e+03,1.915000000000000000e+03,1.915000000000000000e+03,1.915000000000000000e+03,1.915000000000000000e+03,1.915000000000000000e+03,1.915000000000000000e+03,1.915000000000000000e+03,1.915000000000000000e+03,1.915000000000000000e+03,1.915000000000000000e+03,1.915000000000000000e+03,1.915000000000000000e+03,1.915000000000000000e+03,1.915000000000000000e+03,1.915000000000000000e+03,1.915000000000000000e+03,1.915000000000000000e+03,1.915000000000000000e+03,1.915000000000000000e+03,1.915000000000000000e+03,1.915000000000000000e+03,1.915000000000000000e+03,1.915000000000000000e+03,1.915000000000000000e+03,1.915000000000000000e+03,1.915000000000000000e+03,1.915000000000000000e+03,1.915000000000000000e+03,1.915000000000000000e+03,1.915000000000000000e+03,1.915000000000000000e+03,1.915000000000000000e+03,1.915000000000000000e+03,1.915000000000000000e+03,1.915000000000000000e+03,1.915000000000000000e+03,1.915000000000000000e+03,1.915000000000000000e+03,1.915000000000000000e+03,1.915000000000000000e+03,1.915000000000000000e+03,1.915000000000000000e+03,1.915000000000000000e+03,1.915000000000000000e+03,1.915000000000000000e+03,1.915000000000000000e+03,1.915000000000000000e+03,1.915000000000000000e+03,1.915000000000000000e+03,1.916000000000000000e+03,1.916000000000000000e+03,1.916000000000000000e+03,1.916000000000000000e+03,1.916000000000000000e+03,1.916000000000000000e+03,1.916000000000000000e+03,1.916000000000000000e+03,1.916000000000000000e+03,1.916000000000000000e+03,1.916000000000000000e+03,1.916000000000000000e+03,1.916000000000000000e+03,1.916000000000000000e+03,1.916000000000000000e+03,1.916000000000000000e+03,1.916000000000000000e+03,1.916000000000000000e+03,1.916000000000000000e+03,1.916000000000000000e+03,1.916000000000000000e+03,1.916000000000000000e+03,1.916000000000000000e+03,1.916000000000000000e+03,1.916000000000000000e+03,1.916000000000000000e+03,1.916000000000000000e+03,1.916000000000000000e+03,1.916000000000000000e+03,1.916000000000000000e+03,1.916000000000000000e+03,1.916000000000000000e+03,1.916000000000000000e+03,1.916000000000000000e+03,1.916000000000000000e+03,1.916000000000000000e+03,1.916000000000000000e+03,1.916000000000000000e+03,1.916000000000000000e+03,1.916000000000000000e+03,1.916000000000000000e+03,1.916000000000000000e+03,1.916000000000000000e+03,1.916000000000000000e+03,1.916000000000000000e+03,1.916000000000000000e+03,1.916000000000000000e+03,1.916000000000000000e+03,1.916000000000000000e+03,1.916000000000000000e+03,1.916000000000000000e+03,1.916000000000000000e+03,1.916000000000000000e+03,1.916000000000000000e+03,1.916000000000000000e+03,1.916000000000000000e+03,1.916000000000000000e+03,1.916000000000000000e+03,1.916000000000000000e+03,1.916000000000000000e+03,1.916000000000000000e+03,1.916000000000000000e+03,1.916000000000000000e+03,1.916000000000000000e+03,1.916000000000000000e+03,1.916000000000000000e+03,1.916000000000000000e+03,1.916000000000000000e+03,1.916000000000000000e+03,1.916000000000000000e+03,1.916000000000000000e+03,1.916000000000000000e+03,1.916000000000000000e+03,1.916000000000000000e+03,1.916000000000000000e+03,1.916000000000000000e+03,1.916000000000000000e+03,1.916000000000000000e+03,1.916000000000000000e+03,1.916000000000000000e+03,1.916000000000000000e+03,1.916000000000000000e+03,1.916000000000000000e+03,1.916000000000000000e+03,1.916000000000000000e+03,1.916000000000000000e+03,1.916000000000000000e+03,1.916000000000000000e+03,1.916000000000000000e+03,1.916000000000000000e+03,1.916000000000000000e+03,1.916000000000000000e+03,1.916000000000000000e+03,1.916000000000000000e+03,1.916000000000000000e+03,1.916000000000000000e+03,1.916000000000000000e+03,1.916000000000000000e+03,1.916000000000000000e+03,1.917000000000000000e+03,1.917000000000000000e+03,1.917000000000000000e+03,1.917000000000000000e+03,1.917000000000000000e+03,1.917000000000000000e+03,1.917000000000000000e+03,1.917000000000000000e+03,1.917000000000000000e+03,1.917000000000000000e+03,1.917000000000000000e+03,1.917000000000000000e+03,1.917000000000000000e+03,1.917000000000000000e+03,1.917000000000000000e+03,1.917000000000000000e+03,1.917000000000000000e+03,1.917000000000000000e+03,1.917000000000000000e+03,1.917000000000000000e+03,1.917000000000000000e+03,1.917000000000000000e+03,1.917000000000000000e+03,1.917000000000000000e+03,1.917000000000000000e+03,1.917000000000000000e+03,1.917000000000000000e+03,1.917000000000000000e+03,1.917000000000000000e+03,1.917000000000000000e+03,1.917000000000000000e+03,1.917000000000000000e+03,1.917000000000000000e+03,1.917000000000000000e+03,1.917000000000000000e+03,1.917000000000000000e+03,1.917000000000000000e+03,1.917000000000000000e+03,1.917000000000000000e+03,1.917000000000000000e+03,1.917000000000000000e+03,1.917000000000000000e+03,1.917000000000000000e+03,1.917000000000000000e+03,1.917000000000000000e+03,1.917000000000000000e+03,1.917000000000000000e+03,1.917000000000000000e+03,1.917000000000000000e+03,1.917000000000000000e+03,1.917000000000000000e+03,1.917000000000000000e+03,1.917000000000000000e+03,1.917000000000000000e+03,1.917000000000000000e+03,1.917000000000000000e+03,1.917000000000000000e+03,1.917000000000000000e+03,1.917000000000000000e+03,1.917000000000000000e+03,1.917000000000000000e+03,1.917000000000000000e+03,1.917000000000000000e+03,1.917000000000000000e+03,1.917000000000000000e+03,1.917000000000000000e+03,1.917000000000000000e+03,1.917000000000000000e+03,1.917000000000000000e+03,1.917000000000000000e+03,1.917000000000000000e+03,1.917000000000000000e+03,1.917000000000000000e+03,1.917000000000000000e+03,1.917000000000000000e+03,1.917000000000000000e+03,1.917000000000000000e+03,1.917000000000000000e+03,1.917000000000000000e+03,1.917000000000000000e+03,1.917000000000000000e+03,1.917000000000000000e+03,1.917000000000000000e+03,1.917000000000000000e+03,1.917000000000000000e+03,1.917000000000000000e+03,1.917000000000000000e+03,1.917000000000000000e+03,1.917000000000000000e+03,1.917000000000000000e+03,1.917000000000000000e+03,1.917000000000000000e+03,1.917000000000000000e+03,1.917000000000000000e+03,1.917000000000000000e+03,1.917000000000000000e+03,1.917000000000000000e+03,1.917000000000000000e+03,1.917000000000000000e+03,1.918000000000000000e+03,1.918000000000000000e+03,1.918000000000000000e+03,1.918000000000000000e+03,1.918000000000000000e+03,1.918000000000000000e+03,1.918000000000000000e+03,1.918000000000000000e+03,1.918000000000000000e+03,1.918000000000000000e+03,1.918000000000000000e+03,1.918000000000000000e+03,1.918000000000000000e+03,1.918000000000000000e+03,1.918000000000000000e+03,1.918000000000000000e+03,1.918000000000000000e+03,1.918000000000000000e+03,1.918000000000000000e+03,1.918000000000000000e+03,1.918000000000000000e+03,1.918000000000000000e+03,1.918000000000000000e+03,1.918000000000000000e+03,1.918000000000000000e+03,1.918000000000000000e+03,1.918000000000000000e+03,1.918000000000000000e+03,1.918000000000000000e+03,1.918000000000000000e+03,1.918000000000000000e+03,1.918000000000000000e+03,1.918000000000000000e+03,1.918000000000000000e+03,1.918000000000000000e+03,1.918000000000000000e+03,1.918000000000000000e+03,1.918000000000000000e+03,1.918000000000000000e+03,1.918000000000000000e+03,1.918000000000000000e+03,1.918000000000000000e+03,1.918000000000000000e+03,1.918000000000000000e+03,1.918000000000000000e+03,1.918000000000000000e+03,1.918000000000000000e+03,1.918000000000000000e+03,1.918000000000000000e+03,1.918000000000000000e+03,1.918000000000000000e+03,1.918000000000000000e+03,1.918000000000000000e+03,1.918000000000000000e+03,1.918000000000000000e+03,1.918000000000000000e+03,1.918000000000000000e+03,1.918000000000000000e+03,1.918000000000000000e+03,1.918000000000000000e+03,1.918000000000000000e+03,1.918000000000000000e+03,1.918000000000000000e+03,1.918000000000000000e+03,1.918000000000000000e+03,1.918000000000000000e+03,1.918000000000000000e+03,1.918000000000000000e+03,1.918000000000000000e+03,1.918000000000000000e+03,1.918000000000000000e+03,1.918000000000000000e+03,1.918000000000000000e+03,1.918000000000000000e+03,1.918000000000000000e+03,1.918000000000000000e+03,1.918000000000000000e+03,1.918000000000000000e+03,1.918000000000000000e+03,1.918000000000000000e+03,1.918000000000000000e+03,1.918000000000000000e+03,1.918000000000000000e+03,1.918000000000000000e+03,1.918000000000000000e+03,1.918000000000000000e+03,1.918000000000000000e+03,1.918000000000000000e+03,1.918000000000000000e+03,1.918000000000000000e+03,1.918000000000000000e+03,1.918000000000000000e+03,1.918000000000000000e+03,1.918000000000000000e+03,1.918000000000000000e+03,1.918000000000000000e+03,1.918000000000000000e+03,1.918000000000000000e+03,1.918000000000000000e+03,1.918000000000000000e+03,1.919000000000000000e+03,1.919000000000000000e+03,1.919000000000000000e+03,1.919000000000000000e+03,1.919000000000000000e+03,1.919000000000000000e+03,1.919000000000000000e+03,1.919000000000000000e+03,1.919000000000000000e+03,1.919000000000000000e+03,1.919000000000000000e+03,1.919000000000000000e+03,1.919000000000000000e+03,1.919000000000000000e+03,1.919000000000000000e+03,1.919000000000000000e+03,1.919000000000000000e+03,1.919000000000000000e+03,1.919000000000000000e+03,1.919000000000000000e+03,1.919000000000000000e+03,1.919000000000000000e+03,1.919000000000000000e+03,1.919000000000000000e+03,1.919000000000000000e+03,1.919000000000000000e+03,1.919000000000000000e+03,1.919000000000000000e+03,1.919000000000000000e+03,1.919000000000000000e+03,1.919000000000000000e+03,1.919000000000000000e+03,1.919000000000000000e+03,1.919000000000000000e+03,1.919000000000000000e+03,1.919000000000000000e+03,1.919000000000000000e+03,1.919000000000000000e+03,1.919000000000000000e+03,1.919000000000000000e+03,1.919000000000000000e+03,1.919000000000000000e+03,1.919000000000000000e+03,1.919000000000000000e+03,1.919000000000000000e+03,1.919000000000000000e+03,1.919000000000000000e+03,1.919000000000000000e+03,1.919000000000000000e+03,1.919000000000000000e+03,1.919000000000000000e+03,1.919000000000000000e+03,1.919000000000000000e+03,1.919000000000000000e+03,1.919000000000000000e+03,1.919000000000000000e+03,1.919000000000000000e+03,1.919000000000000000e+03,1.919000000000000000e+03,1.919000000000000000e+03,1.919000000000000000e+03,1.919000000000000000e+03,1.919000000000000000e+03,1.919000000000000000e+03,1.919000000000000000e+03,1.919000000000000000e+03,1.919000000000000000e+03,1.919000000000000000e+03,1.919000000000000000e+03,1.919000000000000000e+03,1.919000000000000000e+03,1.919000000000000000e+03,1.919000000000000000e+03,1.919000000000000000e+03,1.919000000000000000e+03,1.919000000000000000e+03,1.919000000000000000e+03,1.919000000000000000e+03,1.919000000000000000e+03,1.919000000000000000e+03,1.919000000000000000e+03,1.919000000000000000e+03,1.919000000000000000e+03,1.919000000000000000e+03,1.919000000000000000e+03,1.919000000000000000e+03,1.919000000000000000e+03,1.919000000000000000e+03,1.919000000000000000e+03,1.919000000000000000e+03,1.919000000000000000e+03,1.919000000000000000e+03,1.919000000000000000e+03,1.919000000000000000e+03,1.919000000000000000e+03,1.919000000000000000e+03,1.919000000000000000e+03,1.919000000000000000e+03,1.919000000000000000e+03,1.919000000000000000e+03,1.919000000000000000e+03,1.920000000000000000e+03,1.920000000000000000e+03,1.920000000000000000e+03,1.920000000000000000e+03,1.920000000000000000e+03,1.920000000000000000e+03,1.920000000000000000e+03,1.920000000000000000e+03,1.920000000000000000e+03,1.920000000000000000e+03,1.920000000000000000e+03,1.920000000000000000e+03,1.920000000000000000e+03,1.920000000000000000e+03,1.920000000000000000e+03,1.920000000000000000e+03,1.920000000000000000e+03,1.920000000000000000e+03,1.920000000000000000e+03,1.920000000000000000e+03,1.920000000000000000e+03,1.920000000000000000e+03,1.920000000000000000e+03,1.920000000000000000e+03,1.920000000000000000e+03,1.920000000000000000e+03,1.920000000000000000e+03,1.920000000000000000e+03,1.920000000000000000e+03,1.920000000000000000e+03,1.920000000000000000e+03,1.920000000000000000e+03,1.920000000000000000e+03,1.920000000000000000e+03,1.920000000000000000e+03,1.920000000000000000e+03,1.920000000000000000e+03,1.920000000000000000e+03,1.920000000000000000e+03,1.920000000000000000e+03,1.920000000000000000e+03,1.920000000000000000e+03,1.920000000000000000e+03,1.920000000000000000e+03,1.920000000000000000e+03,1.920000000000000000e+03,1.920000000000000000e+03,1.920000000000000000e+03,1.920000000000000000e+03,1.920000000000000000e+03,1.920000000000000000e+03,1.920000000000000000e+03,1.920000000000000000e+03,1.920000000000000000e+03,1.920000000000000000e+03,1.920000000000000000e+03,1.920000000000000000e+03,1.920000000000000000e+03,1.920000000000000000e+03,1.920000000000000000e+03,1.920000000000000000e+03,1.920000000000000000e+03,1.920000000000000000e+03,1.920000000000000000e+03,1.920000000000000000e+03,1.920000000000000000e+03,1.920000000000000000e+03,1.920000000000000000e+03,1.920000000000000000e+03,1.920000000000000000e+03,1.920000000000000000e+03,1.920000000000000000e+03,1.920000000000000000e+03,1.920000000000000000e+03,1.920000000000000000e+03,1.920000000000000000e+03,1.920000000000000000e+03,1.920000000000000000e+03,1.920000000000000000e+03,1.920000000000000000e+03,1.920000000000000000e+03,1.920000000000000000e+03,1.920000000000000000e+03,1.920000000000000000e+03,1.920000000000000000e+03,1.920000000000000000e+03,1.920000000000000000e+03,1.920000000000000000e+03,1.920000000000000000e+03,1.920000000000000000e+03,1.920000000000000000e+03,1.920000000000000000e+03,1.920000000000000000e+03,1.920000000000000000e+03,1.920000000000000000e+03,1.920000000000000000e+03,1.920000000000000000e+03,1.920000000000000000e+03,1.920000000000000000e+03,1.920000000000000000e+03,1.920000000000000000e+03,1.920000000000000000e+03,1.921000000000000000e+03,1.921000000000000000e+03,1.921000000000000000e+03,1.921000000000000000e+03,1.921000000000000000e+03,1.921000000000000000e+03,1.921000000000000000e+03,1.921000000000000000e+03,1.921000000000000000e+03,1.921000000000000000e+03,1.921000000000000000e+03,1.921000000000000000e+03,1.921000000000000000e+03,1.921000000000000000e+03,1.921000000000000000e+03,1.921000000000000000e+03,1.921000000000000000e+03,1.921000000000000000e+03,1.921000000000000000e+03,1.921000000000000000e+03,1.921000000000000000e+03,1.921000000000000000e+03,1.921000000000000000e+03,1.921000000000000000e+03,1.921000000000000000e+03,1.921000000000000000e+03,1.921000000000000000e+03,1.921000000000000000e+03,1.921000000000000000e+03,1.921000000000000000e+03,1.921000000000000000e+03,1.921000000000000000e+03,1.921000000000000000e+03,1.921000000000000000e+03,1.921000000000000000e+03,1.921000000000000000e+03,1.921000000000000000e+03,1.921000000000000000e+03,1.921000000000000000e+03,1.921000000000000000e+03,1.921000000000000000e+03,1.921000000000000000e+03,1.921000000000000000e+03,1.921000000000000000e+03,1.921000000000000000e+03,1.921000000000000000e+03,1.921000000000000000e+03,1.921000000000000000e+03,1.921000000000000000e+03,1.921000000000000000e+03,1.921000000000000000e+03,1.921000000000000000e+03,1.921000000000000000e+03,1.921000000000000000e+03,1.921000000000000000e+03,1.921000000000000000e+03,1.921000000000000000e+03,1.921000000000000000e+03,1.921000000000000000e+03,1.921000000000000000e+03,1.921000000000000000e+03,1.921000000000000000e+03,1.921000000000000000e+03,1.921000000000000000e+03,1.921000000000000000e+03,1.921000000000000000e+03,1.921000000000000000e+03,1.921000000000000000e+03,1.921000000000000000e+03,1.921000000000000000e+03,1.921000000000000000e+03,1.921000000000000000e+03,1.921000000000000000e+03,1.921000000000000000e+03,1.921000000000000000e+03,1.921000000000000000e+03,1.921000000000000000e+03,1.921000000000000000e+03,1.921000000000000000e+03,1.921000000000000000e+03,1.921000000000000000e+03,1.921000000000000000e+03,1.921000000000000000e+03,1.921000000000000000e+03,1.921000000000000000e+03,1.921000000000000000e+03,1.921000000000000000e+03,1.921000000000000000e+03,1.921000000000000000e+03,1.921000000000000000e+03,1.921000000000000000e+03,1.921000000000000000e+03,1.921000000000000000e+03,1.921000000000000000e+03,1.921000000000000000e+03,1.921000000000000000e+03,1.921000000000000000e+03,1.921000000000000000e+03,1.921000000000000000e+03,1.921000000000000000e+03,1.921000000000000000e+03,1.921000000000000000e+03,1.921000000000000000e+03,1.922000000000000000e+03,1.922000000000000000e+03,1.922000000000000000e+03,1.922000000000000000e+03,1.922000000000000000e+03,1.922000000000000000e+03,1.922000000000000000e+03,1.922000000000000000e+03,1.922000000000000000e+03,1.922000000000000000e+03,1.922000000000000000e+03,1.922000000000000000e+03,1.922000000000000000e+03,1.922000000000000000e+03,1.922000000000000000e+03,1.922000000000000000e+03,1.922000000000000000e+03,1.922000000000000000e+03,1.922000000000000000e+03,1.922000000000000000e+03,1.922000000000000000e+03,1.922000000000000000e+03,1.922000000000000000e+03,1.922000000000000000e+03,1.922000000000000000e+03,1.922000000000000000e+03,1.922000000000000000e+03,1.922000000000000000e+03,1.922000000000000000e+03,1.922000000000000000e+03,1.922000000000000000e+03,1.922000000000000000e+03,1.922000000000000000e+03,1.922000000000000000e+03,1.922000000000000000e+03,1.922000000000000000e+03,1.922000000000000000e+03,1.922000000000000000e+03,1.922000000000000000e+03,1.922000000000000000e+03,1.922000000000000000e+03,1.922000000000000000e+03,1.922000000000000000e+03,1.922000000000000000e+03,1.922000000000000000e+03,1.922000000000000000e+03,1.922000000000000000e+03,1.922000000000000000e+03,1.922000000000000000e+03,1.922000000000000000e+03,1.922000000000000000e+03,1.922000000000000000e+03,1.922000000000000000e+03,1.922000000000000000e+03,1.922000000000000000e+03,1.922000000000000000e+03,1.922000000000000000e+03,1.922000000000000000e+03,1.922000000000000000e+03,1.922000000000000000e+03,1.922000000000000000e+03,1.922000000000000000e+03,1.922000000000000000e+03,1.922000000000000000e+03,1.922000000000000000e+03,1.922000000000000000e+03,1.922000000000000000e+03,1.922000000000000000e+03,1.922000000000000000e+03,1.922000000000000000e+03,1.922000000000000000e+03,1.922000000000000000e+03,1.922000000000000000e+03,1.922000000000000000e+03,1.922000000000000000e+03,1.922000000000000000e+03,1.922000000000000000e+03,1.922000000000000000e+03,1.922000000000000000e+03,1.922000000000000000e+03,1.922000000000000000e+03,1.922000000000000000e+03,1.922000000000000000e+03,1.922000000000000000e+03,1.922000000000000000e+03,1.922000000000000000e+03,1.922000000000000000e+03,1.922000000000000000e+03,1.922000000000000000e+03,1.922000000000000000e+03,1.922000000000000000e+03,1.922000000000000000e+03,1.922000000000000000e+03,1.922000000000000000e+03,1.922000000000000000e+03,1.922000000000000000e+03,1.922000000000000000e+03,1.922000000000000000e+03,1.922000000000000000e+03,1.922000000000000000e+03,1.922000000000000000e+03,1.922000000000000000e+03,1.922000000000000000e+03,1.922000000000000000e+03,1.923000000000000000e+03,1.923000000000000000e+03,1.923000000000000000e+03,1.923000000000000000e+03,1.923000000000000000e+03,1.923000000000000000e+03,1.923000000000000000e+03,1.923000000000000000e+03,1.923000000000000000e+03,1.923000000000000000e+03,1.923000000000000000e+03,1.923000000000000000e+03,1.923000000000000000e+03,1.923000000000000000e+03,1.923000000000000000e+03,1.923000000000000000e+03,1.923000000000000000e+03,1.923000000000000000e+03,1.923000000000000000e+03,1.923000000000000000e+03,1.923000000000000000e+03,1.923000000000000000e+03,1.923000000000000000e+03,1.923000000000000000e+03,1.923000000000000000e+03,1.923000000000000000e+03,1.923000000000000000e+03,1.923000000000000000e+03,1.923000000000000000e+03,1.923000000000000000e+03,1.923000000000000000e+03,1.923000000000000000e+03,1.923000000000000000e+03,1.923000000000000000e+03,1.923000000000000000e+03,1.923000000000000000e+03,1.923000000000000000e+03,1.923000000000000000e+03,1.923000000000000000e+03,1.923000000000000000e+03,1.923000000000000000e+03,1.923000000000000000e+03,1.923000000000000000e+03,1.923000000000000000e+03,1.923000000000000000e+03,1.923000000000000000e+03,1.923000000000000000e+03,1.923000000000000000e+03,1.923000000000000000e+03,1.923000000000000000e+03,1.923000000000000000e+03,1.923000000000000000e+03,1.923000000000000000e+03,1.923000000000000000e+03,1.923000000000000000e+03,1.923000000000000000e+03,1.923000000000000000e+03,1.923000000000000000e+03,1.923000000000000000e+03,1.923000000000000000e+03,1.923000000000000000e+03,1.923000000000000000e+03,1.923000000000000000e+03,1.923000000000000000e+03,1.923000000000000000e+03,1.923000000000000000e+03,1.923000000000000000e+03,1.923000000000000000e+03,1.923000000000000000e+03,1.923000000000000000e+03,1.923000000000000000e+03,1.923000000000000000e+03,1.923000000000000000e+03,1.923000000000000000e+03,1.923000000000000000e+03,1.923000000000000000e+03,1.923000000000000000e+03,1.923000000000000000e+03,1.923000000000000000e+03,1.923000000000000000e+03,1.923000000000000000e+03,1.923000000000000000e+03,1.923000000000000000e+03,1.923000000000000000e+03,1.923000000000000000e+03,1.923000000000000000e+03,1.923000000000000000e+03,1.923000000000000000e+03,1.923000000000000000e+03,1.923000000000000000e+03,1.923000000000000000e+03,1.923000000000000000e+03,1.923000000000000000e+03,1.923000000000000000e+03,1.923000000000000000e+03,1.923000000000000000e+03,1.923000000000000000e+03,1.923000000000000000e+03,1.923000000000000000e+03,1.923000000000000000e+03,1.923000000000000000e+03,1.923000000000000000e+03,1.923000000000000000e+03,1.923000000000000000e+03,1.923000000000000000e+03,1.924000000000000000e+03,1.924000000000000000e+03,1.924000000000000000e+03,1.924000000000000000e+03,1.924000000000000000e+03,1.924000000000000000e+03,1.924000000000000000e+03,1.924000000000000000e+03,1.924000000000000000e+03,1.924000000000000000e+03,1.924000000000000000e+03,1.924000000000000000e+03,1.924000000000000000e+03,1.924000000000000000e+03,1.924000000000000000e+03,1.924000000000000000e+03,1.924000000000000000e+03,1.924000000000000000e+03,1.924000000000000000e+03,1.924000000000000000e+03,1.924000000000000000e+03,1.924000000000000000e+03,1.924000000000000000e+03,1.924000000000000000e+03,1.924000000000000000e+03,1.924000000000000000e+03,1.924000000000000000e+03,1.924000000000000000e+03,1.924000000000000000e+03,1.924000000000000000e+03,1.924000000000000000e+03,1.924000000000000000e+03,1.924000000000000000e+03,1.924000000000000000e+03,1.924000000000000000e+03,1.924000000000000000e+03,1.924000000000000000e+03,1.924000000000000000e+03,1.924000000000000000e+03,1.924000000000000000e+03,1.924000000000000000e+03,1.924000000000000000e+03,1.924000000000000000e+03,1.924000000000000000e+03,1.924000000000000000e+03,1.924000000000000000e+03,1.924000000000000000e+03,1.924000000000000000e+03,1.924000000000000000e+03,1.924000000000000000e+03,1.924000000000000000e+03,1.924000000000000000e+03,1.924000000000000000e+03,1.924000000000000000e+03,1.924000000000000000e+03,1.924000000000000000e+03,1.924000000000000000e+03,1.924000000000000000e+03,1.924000000000000000e+03,1.924000000000000000e+03,1.924000000000000000e+03,1.924000000000000000e+03,1.924000000000000000e+03,1.924000000000000000e+03,1.924000000000000000e+03,1.924000000000000000e+03,1.924000000000000000e+03,1.924000000000000000e+03,1.924000000000000000e+03,1.924000000000000000e+03,1.924000000000000000e+03,1.924000000000000000e+03,1.924000000000000000e+03,1.924000000000000000e+03,1.924000000000000000e+03,1.924000000000000000e+03,1.924000000000000000e+03,1.924000000000000000e+03,1.924000000000000000e+03,1.924000000000000000e+03,1.924000000000000000e+03,1.924000000000000000e+03,1.924000000000000000e+03,1.924000000000000000e+03,1.924000000000000000e+03,1.924000000000000000e+03,1.924000000000000000e+03,1.924000000000000000e+03,1.924000000000000000e+03,1.924000000000000000e+03,1.924000000000000000e+03,1.924000000000000000e+03,1.924000000000000000e+03,1.924000000000000000e+03,1.924000000000000000e+03,1.924000000000000000e+03,1.924000000000000000e+03,1.924000000000000000e+03,1.924000000000000000e+03,1.924000000000000000e+03,1.924000000000000000e+03,1.924000000000000000e+03,1.924000000000000000e+03,1.924000000000000000e+03,1.924000000000000000e+03,1.925000000000000000e+03,1.925000000000000000e+03,1.925000000000000000e+03,1.925000000000000000e+03,1.925000000000000000e+03,1.925000000000000000e+03,1.925000000000000000e+03,1.925000000000000000e+03,1.925000000000000000e+03,1.925000000000000000e+03,1.925000000000000000e+03,1.925000000000000000e+03,1.925000000000000000e+03,1.925000000000000000e+03,1.925000000000000000e+03,1.925000000000000000e+03,1.925000000000000000e+03,1.925000000000000000e+03,1.925000000000000000e+03,1.925000000000000000e+03,1.925000000000000000e+03,1.925000000000000000e+03,1.925000000000000000e+03,1.925000000000000000e+03,1.925000000000000000e+03,1.925000000000000000e+03,1.925000000000000000e+03,1.925000000000000000e+03,1.925000000000000000e+03,1.925000000000000000e+03,1.925000000000000000e+03,1.925000000000000000e+03,1.925000000000000000e+03,1.925000000000000000e+03,1.925000000000000000e+03,1.925000000000000000e+03,1.925000000000000000e+03,1.925000000000000000e+03,1.925000000000000000e+03,1.925000000000000000e+03,1.925000000000000000e+03,1.925000000000000000e+03,1.925000000000000000e+03,1.925000000000000000e+03,1.925000000000000000e+03,1.925000000000000000e+03,1.925000000000000000e+03,1.925000000000000000e+03,1.925000000000000000e+03,1.925000000000000000e+03,1.925000000000000000e+03,1.925000000000000000e+03,1.925000000000000000e+03,1.925000000000000000e+03,1.925000000000000000e+03,1.925000000000000000e+03,1.925000000000000000e+03,1.925000000000000000e+03,1.925000000000000000e+03,1.925000000000000000e+03,1.925000000000000000e+03,1.925000000000000000e+03,1.925000000000000000e+03,1.925000000000000000e+03,1.925000000000000000e+03,1.925000000000000000e+03,1.925000000000000000e+03,1.925000000000000000e+03,1.925000000000000000e+03,1.925000000000000000e+03,1.925000000000000000e+03,1.925000000000000000e+03,1.925000000000000000e+03,1.925000000000000000e+03,1.925000000000000000e+03,1.925000000000000000e+03,1.925000000000000000e+03,1.925000000000000000e+03,1.925000000000000000e+03,1.925000000000000000e+03,1.925000000000000000e+03,1.925000000000000000e+03,1.925000000000000000e+03,1.925000000000000000e+03,1.925000000000000000e+03,1.925000000000000000e+03,1.925000000000000000e+03,1.925000000000000000e+03,1.925000000000000000e+03,1.925000000000000000e+03,1.925000000000000000e+03,1.925000000000000000e+03,1.925000000000000000e+03,1.925000000000000000e+03,1.925000000000000000e+03,1.925000000000000000e+03,1.925000000000000000e+03,1.925000000000000000e+03,1.925000000000000000e+03,1.925000000000000000e+03,1.925000000000000000e+03,1.925000000000000000e+03,1.925000000000000000e+03,1.925000000000000000e+03,1.925000000000000000e+03,1.925000000000000000e+03,1.926000000000000000e+03,1.926000000000000000e+03,1.926000000000000000e+03,1.926000000000000000e+03,1.926000000000000000e+03,1.926000000000000000e+03,1.926000000000000000e+03,1.926000000000000000e+03,1.926000000000000000e+03,1.926000000000000000e+03,1.926000000000000000e+03,1.926000000000000000e+03,1.926000000000000000e+03,1.926000000000000000e+03,1.926000000000000000e+03,1.926000000000000000e+03,1.926000000000000000e+03,1.926000000000000000e+03,1.926000000000000000e+03,1.926000000000000000e+03,1.926000000000000000e+03,1.926000000000000000e+03,1.926000000000000000e+03,1.926000000000000000e+03,1.926000000000000000e+03,1.926000000000000000e+03,1.926000000000000000e+03,1.926000000000000000e+03,1.926000000000000000e+03,1.926000000000000000e+03,1.926000000000000000e+03,1.926000000000000000e+03,1.926000000000000000e+03,1.926000000000000000e+03,1.926000000000000000e+03,1.926000000000000000e+03,1.926000000000000000e+03,1.926000000000000000e+03,1.926000000000000000e+03,1.926000000000000000e+03,1.926000000000000000e+03,1.926000000000000000e+03,1.926000000000000000e+03,1.926000000000000000e+03,1.926000000000000000e+03,1.926000000000000000e+03,1.926000000000000000e+03,1.926000000000000000e+03,1.926000000000000000e+03,1.926000000000000000e+03,1.926000000000000000e+03,1.926000000000000000e+03,1.926000000000000000e+03,1.926000000000000000e+03,1.926000000000000000e+03,1.926000000000000000e+03,1.926000000000000000e+03,1.926000000000000000e+03,1.926000000000000000e+03,1.926000000000000000e+03,1.926000000000000000e+03,1.926000000000000000e+03,1.926000000000000000e+03,1.926000000000000000e+03,1.926000000000000000e+03,1.926000000000000000e+03,1.926000000000000000e+03,1.926000000000000000e+03,1.926000000000000000e+03,1.926000000000000000e+03,1.926000000000000000e+03,1.926000000000000000e+03,1.926000000000000000e+03,1.926000000000000000e+03,1.926000000000000000e+03,1.926000000000000000e+03,1.926000000000000000e+03,1.926000000000000000e+03,1.926000000000000000e+03,1.926000000000000000e+03,1.926000000000000000e+03,1.926000000000000000e+03,1.926000000000000000e+03,1.926000000000000000e+03,1.926000000000000000e+03,1.926000000000000000e+03,1.926000000000000000e+03,1.926000000000000000e+03,1.926000000000000000e+03,1.926000000000000000e+03,1.926000000000000000e+03,1.926000000000000000e+03,1.926000000000000000e+03,1.926000000000000000e+03,1.926000000000000000e+03,1.926000000000000000e+03,1.926000000000000000e+03,1.926000000000000000e+03,1.926000000000000000e+03,1.926000000000000000e+03,1.926000000000000000e+03,1.926000000000000000e+03,1.926000000000000000e+03,1.926000000000000000e+03,1.926000000000000000e+03,1.926000000000000000e+03,1.927000000000000000e+03,1.927000000000000000e+03,1.927000000000000000e+03,1.927000000000000000e+03,1.927000000000000000e+03,1.927000000000000000e+03,1.927000000000000000e+03,1.927000000000000000e+03,1.927000000000000000e+03,1.927000000000000000e+03,1.927000000000000000e+03,1.927000000000000000e+03,1.927000000000000000e+03,1.927000000000000000e+03,1.927000000000000000e+03,1.927000000000000000e+03,1.927000000000000000e+03,1.927000000000000000e+03,1.927000000000000000e+03,1.927000000000000000e+03,1.927000000000000000e+03,1.927000000000000000e+03,1.927000000000000000e+03,1.927000000000000000e+03,1.927000000000000000e+03,1.927000000000000000e+03,1.927000000000000000e+03,1.927000000000000000e+03,1.927000000000000000e+03,1.927000000000000000e+03,1.927000000000000000e+03,1.927000000000000000e+03,1.927000000000000000e+03,1.927000000000000000e+03,1.927000000000000000e+03,1.927000000000000000e+03,1.927000000000000000e+03,1.927000000000000000e+03,1.927000000000000000e+03,1.927000000000000000e+03,1.927000000000000000e+03,1.927000000000000000e+03,1.927000000000000000e+03,1.927000000000000000e+03,1.927000000000000000e+03,1.927000000000000000e+03,1.927000000000000000e+03,1.927000000000000000e+03,1.927000000000000000e+03,1.927000000000000000e+03,1.927000000000000000e+03,1.927000000000000000e+03,1.927000000000000000e+03,1.927000000000000000e+03,1.927000000000000000e+03,1.927000000000000000e+03,1.927000000000000000e+03,1.927000000000000000e+03,1.927000000000000000e+03,1.927000000000000000e+03,1.927000000000000000e+03,1.927000000000000000e+03,1.927000000000000000e+03,1.927000000000000000e+03,1.927000000000000000e+03,1.927000000000000000e+03,1.927000000000000000e+03,1.927000000000000000e+03,1.927000000000000000e+03,1.927000000000000000e+03,1.927000000000000000e+03,1.927000000000000000e+03,1.927000000000000000e+03,1.927000000000000000e+03,1.927000000000000000e+03,1.927000000000000000e+03,1.927000000000000000e+03,1.927000000000000000e+03,1.927000000000000000e+03,1.927000000000000000e+03,1.927000000000000000e+03,1.927000000000000000e+03,1.927000000000000000e+03,1.927000000000000000e+03,1.927000000000000000e+03,1.927000000000000000e+03,1.927000000000000000e+03,1.927000000000000000e+03,1.927000000000000000e+03,1.927000000000000000e+03,1.927000000000000000e+03,1.927000000000000000e+03,1.927000000000000000e+03,1.927000000000000000e+03,1.927000000000000000e+03,1.927000000000000000e+03,1.927000000000000000e+03,1.927000000000000000e+03,1.927000000000000000e+03,1.927000000000000000e+03,1.927000000000000000e+03,1.927000000000000000e+03,1.927000000000000000e+03,1.927000000000000000e+03,1.927000000000000000e+03,1.927000000000000000e+03,1.927000000000000000e+03,1.928000000000000000e+03,1.928000000000000000e+03,1.928000000000000000e+03,1.928000000000000000e+03,1.928000000000000000e+03,1.928000000000000000e+03,1.928000000000000000e+03,1.928000000000000000e+03,1.928000000000000000e+03,1.928000000000000000e+03,1.928000000000000000e+03,1.928000000000000000e+03,1.928000000000000000e+03,1.928000000000000000e+03,1.928000000000000000e+03,1.928000000000000000e+03,1.928000000000000000e+03,1.928000000000000000e+03,1.928000000000000000e+03,1.928000000000000000e+03,1.928000000000000000e+03,1.928000000000000000e+03,1.928000000000000000e+03,1.928000000000000000e+03,1.928000000000000000e+03,1.928000000000000000e+03,1.928000000000000000e+03,1.928000000000000000e+03,1.928000000000000000e+03,1.928000000000000000e+03,1.928000000000000000e+03,1.928000000000000000e+03,1.928000000000000000e+03,1.928000000000000000e+03,1.928000000000000000e+03,1.928000000000000000e+03,1.928000000000000000e+03,1.928000000000000000e+03,1.928000000000000000e+03,1.928000000000000000e+03,1.928000000000000000e+03,1.928000000000000000e+03,1.928000000000000000e+03,1.928000000000000000e+03,1.928000000000000000e+03,1.928000000000000000e+03,1.928000000000000000e+03,1.928000000000000000e+03,1.928000000000000000e+03,1.928000000000000000e+03,1.928000000000000000e+03,1.928000000000000000e+03,1.928000000000000000e+03,1.928000000000000000e+03,1.928000000000000000e+03,1.928000000000000000e+03,1.928000000000000000e+03,1.928000000000000000e+03,1.928000000000000000e+03,1.928000000000000000e+03,1.928000000000000000e+03,1.928000000000000000e+03,1.928000000000000000e+03,1.928000000000000000e+03,1.928000000000000000e+03,1.928000000000000000e+03,1.928000000000000000e+03,1.928000000000000000e+03,1.928000000000000000e+03,1.928000000000000000e+03,1.928000000000000000e+03,1.928000000000000000e+03,1.928000000000000000e+03,1.928000000000000000e+03,1.928000000000000000e+03,1.928000000000000000e+03,1.928000000000000000e+03,1.928000000000000000e+03,1.928000000000000000e+03,1.928000000000000000e+03,1.928000000000000000e+03,1.928000000000000000e+03,1.928000000000000000e+03,1.928000000000000000e+03,1.928000000000000000e+03,1.928000000000000000e+03,1.928000000000000000e+03,1.928000000000000000e+03,1.928000000000000000e+03,1.928000000000000000e+03,1.928000000000000000e+03,1.928000000000000000e+03,1.928000000000000000e+03,1.928000000000000000e+03,1.928000000000000000e+03,1.928000000000000000e+03,1.928000000000000000e+03,1.928000000000000000e+03,1.928000000000000000e+03,1.928000000000000000e+03,1.928000000000000000e+03,1.928000000000000000e+03,1.928000000000000000e+03,1.928000000000000000e+03,1.928000000000000000e+03,1.928000000000000000e+03,1.928000000000000000e+03,1.929000000000000000e+03,1.929000000000000000e+03,1.929000000000000000e+03,1.929000000000000000e+03,1.929000000000000000e+03,1.929000000000000000e+03,1.929000000000000000e+03,1.929000000000000000e+03,1.929000000000000000e+03,1.929000000000000000e+03,1.929000000000000000e+03,1.929000000000000000e+03,1.929000000000000000e+03,1.929000000000000000e+03,1.929000000000000000e+03,1.929000000000000000e+03,1.929000000000000000e+03,1.929000000000000000e+03,1.929000000000000000e+03,1.929000000000000000e+03,1.929000000000000000e+03,1.929000000000000000e+03,1.929000000000000000e+03,1.929000000000000000e+03,1.929000000000000000e+03,1.929000000000000000e+03,1.929000000000000000e+03,1.929000000000000000e+03,1.929000000000000000e+03,1.929000000000000000e+03,1.929000000000000000e+03,1.929000000000000000e+03,1.929000000000000000e+03,1.929000000000000000e+03,1.929000000000000000e+03,1.929000000000000000e+03,1.929000000000000000e+03,1.929000000000000000e+03,1.929000000000000000e+03,1.929000000000000000e+03,1.929000000000000000e+03,1.929000000000000000e+03,1.929000000000000000e+03,1.929000000000000000e+03,1.929000000000000000e+03,1.929000000000000000e+03,1.929000000000000000e+03,1.929000000000000000e+03,1.929000000000000000e+03,1.929000000000000000e+03,1.929000000000000000e+03,1.929000000000000000e+03,1.929000000000000000e+03,1.929000000000000000e+03,1.929000000000000000e+03,1.929000000000000000e+03,1.929000000000000000e+03,1.929000000000000000e+03,1.929000000000000000e+03,1.929000000000000000e+03,1.929000000000000000e+03,1.929000000000000000e+03,1.929000000000000000e+03,1.929000000000000000e+03,1.929000000000000000e+03,1.929000000000000000e+03,1.929000000000000000e+03,1.929000000000000000e+03,1.929000000000000000e+03,1.929000000000000000e+03,1.929000000000000000e+03,1.929000000000000000e+03,1.929000000000000000e+03,1.929000000000000000e+03,1.929000000000000000e+03,1.929000000000000000e+03,1.929000000000000000e+03,1.929000000000000000e+03,1.929000000000000000e+03,1.929000000000000000e+03,1.929000000000000000e+03,1.929000000000000000e+03,1.929000000000000000e+03,1.929000000000000000e+03,1.929000000000000000e+03,1.929000000000000000e+03,1.929000000000000000e+03,1.929000000000000000e+03,1.929000000000000000e+03,1.929000000000000000e+03,1.929000000000000000e+03,1.929000000000000000e+03,1.929000000000000000e+03,1.929000000000000000e+03,1.929000000000000000e+03,1.929000000000000000e+03,1.929000000000000000e+03,1.929000000000000000e+03,1.929000000000000000e+03,1.929000000000000000e+03,1.929000000000000000e+03,1.929000000000000000e+03,1.929000000000000000e+03,1.929000000000000000e+03,1.929000000000000000e+03,1.929000000000000000e+03,1.929000000000000000e+03,1.929000000000000000e+03,1.930000000000000000e+03,1.930000000000000000e+03,1.930000000000000000e+03,1.930000000000000000e+03,1.930000000000000000e+03,1.930000000000000000e+03,1.930000000000000000e+03,1.930000000000000000e+03,1.930000000000000000e+03,1.930000000000000000e+03,1.930000000000000000e+03,1.930000000000000000e+03,1.930000000000000000e+03,1.930000000000000000e+03,1.930000000000000000e+03,1.930000000000000000e+03,1.930000000000000000e+03,1.930000000000000000e+03,1.930000000000000000e+03,1.930000000000000000e+03,1.930000000000000000e+03,1.930000000000000000e+03,1.930000000000000000e+03,1.930000000000000000e+03,1.930000000000000000e+03,1.930000000000000000e+03,1.930000000000000000e+03,1.930000000000000000e+03,1.930000000000000000e+03,1.930000000000000000e+03,1.930000000000000000e+03,1.930000000000000000e+03,1.930000000000000000e+03,1.930000000000000000e+03,1.930000000000000000e+03,1.930000000000000000e+03,1.930000000000000000e+03,1.930000000000000000e+03,1.930000000000000000e+03,1.930000000000000000e+03,1.930000000000000000e+03,1.930000000000000000e+03,1.930000000000000000e+03,1.930000000000000000e+03,1.930000000000000000e+03,1.930000000000000000e+03,1.930000000000000000e+03,1.930000000000000000e+03,1.930000000000000000e+03,1.930000000000000000e+03,1.930000000000000000e+03,1.930000000000000000e+03,1.930000000000000000e+03,1.930000000000000000e+03,1.930000000000000000e+03,1.930000000000000000e+03,1.930000000000000000e+03,1.930000000000000000e+03,1.930000000000000000e+03,1.930000000000000000e+03,1.930000000000000000e+03,1.930000000000000000e+03,1.930000000000000000e+03,1.930000000000000000e+03,1.930000000000000000e+03,1.930000000000000000e+03,1.930000000000000000e+03,1.930000000000000000e+03,1.930000000000000000e+03,1.930000000000000000e+03,1.930000000000000000e+03,1.930000000000000000e+03,1.930000000000000000e+03,1.930000000000000000e+03,1.930000000000000000e+03,1.930000000000000000e+03,1.930000000000000000e+03,1.930000000000000000e+03,1.930000000000000000e+03,1.930000000000000000e+03,1.930000000000000000e+03,1.930000000000000000e+03,1.930000000000000000e+03,1.930000000000000000e+03,1.930000000000000000e+03,1.930000000000000000e+03,1.930000000000000000e+03,1.930000000000000000e+03,1.930000000000000000e+03,1.930000000000000000e+03,1.930000000000000000e+03,1.930000000000000000e+03,1.930000000000000000e+03,1.930000000000000000e+03,1.930000000000000000e+03,1.930000000000000000e+03,1.930000000000000000e+03,1.930000000000000000e+03,1.930000000000000000e+03,1.930000000000000000e+03,1.930000000000000000e+03,1.930000000000000000e+03,1.930000000000000000e+03,1.930000000000000000e+03,1.930000000000000000e+03,1.930000000000000000e+03,1.930000000000000000e+03,1.930000000000000000e+03,1.930000000000000000e+03,1.931000000000000000e+03,1.931000000000000000e+03,1.931000000000000000e+03,1.931000000000000000e+03,1.931000000000000000e+03,1.931000000000000000e+03,1.931000000000000000e+03,1.931000000000000000e+03,1.931000000000000000e+03,1.931000000000000000e+03,1.931000000000000000e+03,1.931000000000000000e+03,1.931000000000000000e+03,1.931000000000000000e+03,1.931000000000000000e+03,1.931000000000000000e+03,1.931000000000000000e+03,1.931000000000000000e+03,1.931000000000000000e+03,1.931000000000000000e+03,1.931000000000000000e+03,1.931000000000000000e+03,1.931000000000000000e+03,1.931000000000000000e+03,1.931000000000000000e+03,1.931000000000000000e+03,1.931000000000000000e+03,1.931000000000000000e+03,1.931000000000000000e+03,1.931000000000000000e+03,1.931000000000000000e+03,1.931000000000000000e+03,1.931000000000000000e+03,1.931000000000000000e+03,1.931000000000000000e+03,1.931000000000000000e+03,1.931000000000000000e+03,1.931000000000000000e+03,1.931000000000000000e+03,1.931000000000000000e+03,1.931000000000000000e+03,1.931000000000000000e+03,1.931000000000000000e+03,1.931000000000000000e+03,1.931000000000000000e+03,1.931000000000000000e+03,1.931000000000000000e+03,1.931000000000000000e+03,1.931000000000000000e+03,1.931000000000000000e+03,1.931000000000000000e+03,1.931000000000000000e+03,1.931000000000000000e+03,1.931000000000000000e+03,1.931000000000000000e+03,1.931000000000000000e+03,1.931000000000000000e+03,1.931000000000000000e+03,1.931000000000000000e+03,1.931000000000000000e+03,1.931000000000000000e+03,1.931000000000000000e+03,1.931000000000000000e+03,1.931000000000000000e+03,1.931000000000000000e+03,1.931000000000000000e+03,1.931000000000000000e+03,1.931000000000000000e+03,1.931000000000000000e+03,1.931000000000000000e+03,1.931000000000000000e+03,1.931000000000000000e+03,1.931000000000000000e+03,1.931000000000000000e+03,1.931000000000000000e+03,1.931000000000000000e+03,1.931000000000000000e+03,1.931000000000000000e+03,1.931000000000000000e+03,1.931000000000000000e+03,1.931000000000000000e+03,1.931000000000000000e+03,1.931000000000000000e+03,1.931000000000000000e+03,1.931000000000000000e+03,1.931000000000000000e+03,1.931000000000000000e+03,1.931000000000000000e+03,1.931000000000000000e+03,1.931000000000000000e+03,1.931000000000000000e+03,1.931000000000000000e+03,1.931000000000000000e+03,1.931000000000000000e+03,1.931000000000000000e+03,1.931000000000000000e+03,1.931000000000000000e+03,1.931000000000000000e+03,1.931000000000000000e+03,1.931000000000000000e+03,1.931000000000000000e+03,1.931000000000000000e+03,1.931000000000000000e+03,1.931000000000000000e+03,1.931000000000000000e+03,1.931000000000000000e+03,1.931000000000000000e+03,1.931000000000000000e+03,1.931000000000000000e+03,1.931000000000000000e+03,1.932000000000000000e+03,1.932000000000000000e+03,1.932000000000000000e+03,1.932000000000000000e+03,1.932000000000000000e+03,1.932000000000000000e+03,1.932000000000000000e+03,1.932000000000000000e+03,1.932000000000000000e+03,1.932000000000000000e+03,1.932000000000000000e+03,1.932000000000000000e+03,1.932000000000000000e+03,1.932000000000000000e+03,1.932000000000000000e+03,1.932000000000000000e+03,1.932000000000000000e+03,1.932000000000000000e+03,1.932000000000000000e+03,1.932000000000000000e+03,1.932000000000000000e+03,1.932000000000000000e+03,1.932000000000000000e+03,1.932000000000000000e+03,1.932000000000000000e+03,1.932000000000000000e+03,1.932000000000000000e+03,1.932000000000000000e+03,1.932000000000000000e+03,1.932000000000000000e+03,1.932000000000000000e+03,1.932000000000000000e+03,1.932000000000000000e+03,1.932000000000000000e+03,1.932000000000000000e+03,1.932000000000000000e+03,1.932000000000000000e+03,1.932000000000000000e+03,1.932000000000000000e+03,1.932000000000000000e+03,1.932000000000000000e+03,1.932000000000000000e+03,1.932000000000000000e+03,1.932000000000000000e+03,1.932000000000000000e+03,1.932000000000000000e+03,1.932000000000000000e+03,1.932000000000000000e+03,1.932000000000000000e+03,1.932000000000000000e+03,1.932000000000000000e+03,1.932000000000000000e+03,1.932000000000000000e+03,1.932000000000000000e+03,1.932000000000000000e+03,1.932000000000000000e+03,1.932000000000000000e+03,1.932000000000000000e+03,1.932000000000000000e+03,1.932000000000000000e+03,1.932000000000000000e+03,1.932000000000000000e+03,1.932000000000000000e+03,1.932000000000000000e+03,1.932000000000000000e+03,1.932000000000000000e+03,1.932000000000000000e+03,1.932000000000000000e+03,1.932000000000000000e+03,1.932000000000000000e+03,1.932000000000000000e+03,1.932000000000000000e+03,1.932000000000000000e+03,1.932000000000000000e+03,1.932000000000000000e+03,1.932000000000000000e+03,1.932000000000000000e+03,1.932000000000000000e+03,1.932000000000000000e+03,1.932000000000000000e+03,1.932000000000000000e+03,1.932000000000000000e+03,1.932000000000000000e+03,1.932000000000000000e+03,1.932000000000000000e+03,1.932000000000000000e+03,1.932000000000000000e+03,1.932000000000000000e+03,1.932000000000000000e+03,1.932000000000000000e+03,1.932000000000000000e+03,1.932000000000000000e+03,1.932000000000000000e+03,1.932000000000000000e+03,1.932000000000000000e+03,1.932000000000000000e+03,1.932000000000000000e+03,1.932000000000000000e+03,1.932000000000000000e+03,1.932000000000000000e+03,1.932000000000000000e+03,1.932000000000000000e+03,1.932000000000000000e+03,1.932000000000000000e+03,1.932000000000000000e+03,1.932000000000000000e+03,1.932000000000000000e+03,1.932000000000000000e+03,1.932000000000000000e+03,1.932000000000000000e+03,1.932000000000000000e+03,1.933000000000000000e+03,1.933000000000000000e+03,1.933000000000000000e+03,1.933000000000000000e+03,1.933000000000000000e+03,1.933000000000000000e+03,1.933000000000000000e+03,1.933000000000000000e+03,1.933000000000000000e+03,1.933000000000000000e+03,1.933000000000000000e+03,1.933000000000000000e+03,1.933000000000000000e+03,1.933000000000000000e+03,1.933000000000000000e+03,1.933000000000000000e+03,1.933000000000000000e+03,1.933000000000000000e+03,1.933000000000000000e+03,1.933000000000000000e+03,1.933000000000000000e+03,1.933000000000000000e+03,1.933000000000000000e+03,1.933000000000000000e+03,1.933000000000000000e+03,1.933000000000000000e+03,1.933000000000000000e+03,1.933000000000000000e+03,1.933000000000000000e+03,1.933000000000000000e+03,1.933000000000000000e+03,1.933000000000000000e+03,1.933000000000000000e+03,1.933000000000000000e+03,1.933000000000000000e+03,1.933000000000000000e+03,1.933000000000000000e+03,1.933000000000000000e+03,1.933000000000000000e+03,1.933000000000000000e+03,1.933000000000000000e+03,1.933000000000000000e+03,1.933000000000000000e+03,1.933000000000000000e+03,1.933000000000000000e+03,1.933000000000000000e+03,1.933000000000000000e+03,1.933000000000000000e+03,1.933000000000000000e+03,1.933000000000000000e+03,1.933000000000000000e+03,1.933000000000000000e+03,1.933000000000000000e+03,1.933000000000000000e+03,1.933000000000000000e+03,1.933000000000000000e+03,1.933000000000000000e+03,1.933000000000000000e+03,1.933000000000000000e+03,1.933000000000000000e+03,1.933000000000000000e+03,1.933000000000000000e+03,1.933000000000000000e+03,1.933000000000000000e+03,1.933000000000000000e+03,1.933000000000000000e+03,1.933000000000000000e+03,1.933000000000000000e+03,1.933000000000000000e+03,1.933000000000000000e+03,1.933000000000000000e+03,1.933000000000000000e+03,1.933000000000000000e+03,1.933000000000000000e+03,1.933000000000000000e+03,1.933000000000000000e+03,1.933000000000000000e+03,1.933000000000000000e+03,1.933000000000000000e+03,1.933000000000000000e+03,1.933000000000000000e+03,1.933000000000000000e+03,1.933000000000000000e+03,1.933000000000000000e+03,1.933000000000000000e+03,1.933000000000000000e+03,1.933000000000000000e+03,1.933000000000000000e+03,1.933000000000000000e+03,1.933000000000000000e+03,1.933000000000000000e+03,1.933000000000000000e+03,1.933000000000000000e+03,1.933000000000000000e+03,1.933000000000000000e+03,1.933000000000000000e+03,1.933000000000000000e+03,1.933000000000000000e+03,1.933000000000000000e+03,1.933000000000000000e+03,1.933000000000000000e+03,1.933000000000000000e+03,1.933000000000000000e+03,1.933000000000000000e+03,1.933000000000000000e+03,1.933000000000000000e+03,1.933000000000000000e+03,1.933000000000000000e+03,1.933000000000000000e+03,1.933000000000000000e+03,1.933000000000000000e+03,1.933000000000000000e+03,1.934000000000000000e+03,1.934000000000000000e+03,1.934000000000000000e+03,1.934000000000000000e+03,1.934000000000000000e+03,1.934000000000000000e+03,1.934000000000000000e+03,1.934000000000000000e+03,1.934000000000000000e+03,1.934000000000000000e+03,1.934000000000000000e+03,1.934000000000000000e+03,1.934000000000000000e+03,1.934000000000000000e+03,1.934000000000000000e+03,1.934000000000000000e+03,1.934000000000000000e+03,1.934000000000000000e+03,1.934000000000000000e+03,1.934000000000000000e+03,1.934000000000000000e+03,1.934000000000000000e+03,1.934000000000000000e+03,1.934000000000000000e+03,1.934000000000000000e+03,1.934000000000000000e+03,1.934000000000000000e+03,1.934000000000000000e+03,1.934000000000000000e+03,1.934000000000000000e+03,1.934000000000000000e+03,1.934000000000000000e+03,1.934000000000000000e+03,1.934000000000000000e+03,1.934000000000000000e+03,1.934000000000000000e+03,1.934000000000000000e+03,1.934000000000000000e+03,1.934000000000000000e+03,1.934000000000000000e+03,1.934000000000000000e+03,1.934000000000000000e+03,1.934000000000000000e+03,1.934000000000000000e+03,1.934000000000000000e+03,1.934000000000000000e+03,1.934000000000000000e+03,1.934000000000000000e+03,1.934000000000000000e+03,1.934000000000000000e+03,1.934000000000000000e+03,1.934000000000000000e+03,1.934000000000000000e+03,1.934000000000000000e+03,1.934000000000000000e+03,1.934000000000000000e+03,1.934000000000000000e+03,1.934000000000000000e+03,1.934000000000000000e+03,1.934000000000000000e+03,1.934000000000000000e+03,1.934000000000000000e+03,1.934000000000000000e+03,1.934000000000000000e+03,1.934000000000000000e+03,1.934000000000000000e+03,1.934000000000000000e+03,1.934000000000000000e+03,1.934000000000000000e+03,1.934000000000000000e+03,1.934000000000000000e+03,1.934000000000000000e+03,1.934000000000000000e+03,1.934000000000000000e+03,1.934000000000000000e+03,1.934000000000000000e+03,1.934000000000000000e+03,1.934000000000000000e+03,1.934000000000000000e+03,1.934000000000000000e+03,1.934000000000000000e+03,1.934000000000000000e+03,1.934000000000000000e+03,1.934000000000000000e+03,1.934000000000000000e+03,1.934000000000000000e+03,1.934000000000000000e+03,1.934000000000000000e+03,1.934000000000000000e+03,1.934000000000000000e+03,1.934000000000000000e+03,1.934000000000000000e+03,1.934000000000000000e+03,1.934000000000000000e+03,1.934000000000000000e+03,1.934000000000000000e+03,1.934000000000000000e+03,1.934000000000000000e+03,1.934000000000000000e+03,1.934000000000000000e+03,1.934000000000000000e+03,1.934000000000000000e+03,1.934000000000000000e+03,1.934000000000000000e+03,1.934000000000000000e+03,1.934000000000000000e+03,1.934000000000000000e+03,1.934000000000000000e+03,1.934000000000000000e+03,1.934000000000000000e+03,1.934000000000000000e+03,1.934000000000000000e+03,1.934000000000000000e+03,1.934000000000000000e+03,1.935000000000000000e+03,1.935000000000000000e+03,1.935000000000000000e+03,1.935000000000000000e+03,1.935000000000000000e+03,1.935000000000000000e+03,1.935000000000000000e+03,1.935000000000000000e+03,1.935000000000000000e+03,1.935000000000000000e+03,1.935000000000000000e+03,1.935000000000000000e+03,1.935000000000000000e+03,1.935000000000000000e+03,1.935000000000000000e+03,1.935000000000000000e+03,1.935000000000000000e+03,1.935000000000000000e+03,1.935000000000000000e+03,1.935000000000000000e+03,1.935000000000000000e+03,1.935000000000000000e+03,1.935000000000000000e+03,1.935000000000000000e+03,1.935000000000000000e+03,1.935000000000000000e+03,1.935000000000000000e+03,1.935000000000000000e+03,1.935000000000000000e+03,1.935000000000000000e+03,1.935000000000000000e+03,1.935000000000000000e+03,1.935000000000000000e+03,1.935000000000000000e+03,1.935000000000000000e+03,1.935000000000000000e+03,1.935000000000000000e+03,1.935000000000000000e+03,1.935000000000000000e+03,1.935000000000000000e+03,1.935000000000000000e+03,1.935000000000000000e+03,1.935000000000000000e+03,1.935000000000000000e+03,1.935000000000000000e+03,1.935000000000000000e+03,1.935000000000000000e+03,1.935000000000000000e+03,1.935000000000000000e+03,1.935000000000000000e+03,1.935000000000000000e+03,1.935000000000000000e+03,1.935000000000000000e+03,1.935000000000000000e+03,1.935000000000000000e+03,1.935000000000000000e+03,1.935000000000000000e+03,1.935000000000000000e+03,1.935000000000000000e+03,1.935000000000000000e+03,1.935000000000000000e+03,1.935000000000000000e+03,1.935000000000000000e+03,1.935000000000000000e+03,1.935000000000000000e+03,1.935000000000000000e+03,1.935000000000000000e+03,1.935000000000000000e+03,1.935000000000000000e+03,1.935000000000000000e+03,1.935000000000000000e+03,1.935000000000000000e+03,1.935000000000000000e+03,1.935000000000000000e+03,1.935000000000000000e+03,1.935000000000000000e+03,1.935000000000000000e+03,1.935000000000000000e+03,1.935000000000000000e+03,1.935000000000000000e+03,1.935000000000000000e+03,1.935000000000000000e+03,1.935000000000000000e+03,1.935000000000000000e+03,1.935000000000000000e+03,1.935000000000000000e+03,1.935000000000000000e+03,1.935000000000000000e+03,1.935000000000000000e+03,1.935000000000000000e+03,1.935000000000000000e+03,1.935000000000000000e+03,1.935000000000000000e+03,1.935000000000000000e+03,1.935000000000000000e+03,1.935000000000000000e+03,1.935000000000000000e+03,1.935000000000000000e+03,1.935000000000000000e+03,1.935000000000000000e+03,1.935000000000000000e+03,1.935000000000000000e+03,1.935000000000000000e+03,1.935000000000000000e+03,1.935000000000000000e+03,1.935000000000000000e+03,1.935000000000000000e+03,1.935000000000000000e+03,1.935000000000000000e+03,1.935000000000000000e+03,1.935000000000000000e+03,1.935000000000000000e+03,1.935000000000000000e+03,1.935000000000000000e+03,1.935000000000000000e+03,1.935000000000000000e+03,1.936000000000000000e+03,1.936000000000000000e+03,1.936000000000000000e+03,1.936000000000000000e+03,1.936000000000000000e+03,1.936000000000000000e+03,1.936000000000000000e+03,1.936000000000000000e+03,1.936000000000000000e+03,1.936000000000000000e+03,1.936000000000000000e+03,1.936000000000000000e+03,1.936000000000000000e+03,1.936000000000000000e+03,1.936000000000000000e+03,1.936000000000000000e+03,1.936000000000000000e+03,1.936000000000000000e+03,1.936000000000000000e+03,1.936000000000000000e+03,1.936000000000000000e+03,1.936000000000000000e+03,1.936000000000000000e+03,1.936000000000000000e+03,1.936000000000000000e+03,1.936000000000000000e+03,1.936000000000000000e+03,1.936000000000000000e+03,1.936000000000000000e+03,1.936000000000000000e+03,1.936000000000000000e+03,1.936000000000000000e+03,1.936000000000000000e+03,1.936000000000000000e+03,1.936000000000000000e+03,1.936000000000000000e+03,1.936000000000000000e+03,1.936000000000000000e+03,1.936000000000000000e+03,1.936000000000000000e+03,1.936000000000000000e+03,1.936000000000000000e+03,1.936000000000000000e+03,1.936000000000000000e+03,1.936000000000000000e+03,1.936000000000000000e+03,1.936000000000000000e+03,1.936000000000000000e+03,1.936000000000000000e+03,1.936000000000000000e+03,1.936000000000000000e+03,1.936000000000000000e+03,1.936000000000000000e+03,1.936000000000000000e+03,1.936000000000000000e+03,1.936000000000000000e+03,1.936000000000000000e+03,1.936000000000000000e+03,1.936000000000000000e+03,1.936000000000000000e+03,1.936000000000000000e+03,1.936000000000000000e+03,1.936000000000000000e+03,1.936000000000000000e+03,1.936000000000000000e+03,1.936000000000000000e+03,1.936000000000000000e+03,1.936000000000000000e+03,1.936000000000000000e+03,1.936000000000000000e+03,1.936000000000000000e+03,1.936000000000000000e+03,1.936000000000000000e+03,1.936000000000000000e+03,1.936000000000000000e+03,1.936000000000000000e+03,1.936000000000000000e+03,1.936000000000000000e+03,1.936000000000000000e+03,1.936000000000000000e+03,1.936000000000000000e+03,1.936000000000000000e+03,1.936000000000000000e+03,1.936000000000000000e+03,1.936000000000000000e+03,1.936000000000000000e+03,1.936000000000000000e+03,1.936000000000000000e+03,1.936000000000000000e+03,1.936000000000000000e+03,1.936000000000000000e+03,1.936000000000000000e+03,1.936000000000000000e+03,1.936000000000000000e+03,1.936000000000000000e+03,1.936000000000000000e+03,1.936000000000000000e+03,1.936000000000000000e+03,1.936000000000000000e+03,1.936000000000000000e+03,1.936000000000000000e+03,1.936000000000000000e+03,1.936000000000000000e+03,1.936000000000000000e+03,1.936000000000000000e+03,1.936000000000000000e+03,1.936000000000000000e+03,1.936000000000000000e+03,1.936000000000000000e+03,1.936000000000000000e+03,1.936000000000000000e+03,1.936000000000000000e+03,1.936000000000000000e+03,1.936000000000000000e+03,1.936000000000000000e+03,1.936000000000000000e+03,1.936000000000000000e+03,1.937000000000000000e+03,1.937000000000000000e+03,1.937000000000000000e+03,1.937000000000000000e+03,1.937000000000000000e+03,1.937000000000000000e+03,1.937000000000000000e+03,1.937000000000000000e+03,1.937000000000000000e+03,1.937000000000000000e+03,1.937000000000000000e+03,1.937000000000000000e+03,1.937000000000000000e+03,1.937000000000000000e+03,1.937000000000000000e+03,1.937000000000000000e+03,1.937000000000000000e+03,1.937000000000000000e+03,1.937000000000000000e+03,1.937000000000000000e+03,1.937000000000000000e+03,1.937000000000000000e+03,1.937000000000000000e+03,1.937000000000000000e+03,1.937000000000000000e+03,1.937000000000000000e+03,1.937000000000000000e+03,1.937000000000000000e+03,1.937000000000000000e+03,1.937000000000000000e+03,1.937000000000000000e+03,1.937000000000000000e+03,1.937000000000000000e+03,1.937000000000000000e+03,1.937000000000000000e+03,1.937000000000000000e+03,1.937000000000000000e+03,1.937000000000000000e+03,1.937000000000000000e+03,1.937000000000000000e+03,1.937000000000000000e+03,1.937000000000000000e+03,1.937000000000000000e+03,1.937000000000000000e+03,1.937000000000000000e+03,1.937000000000000000e+03,1.937000000000000000e+03,1.937000000000000000e+03,1.937000000000000000e+03,1.937000000000000000e+03,1.937000000000000000e+03,1.937000000000000000e+03,1.937000000000000000e+03,1.937000000000000000e+03,1.937000000000000000e+03,1.937000000000000000e+03,1.937000000000000000e+03,1.937000000000000000e+03,1.937000000000000000e+03,1.937000000000000000e+03,1.937000000000000000e+03,1.937000000000000000e+03,1.937000000000000000e+03,1.937000000000000000e+03,1.937000000000000000e+03,1.937000000000000000e+03,1.937000000000000000e+03,1.937000000000000000e+03,1.937000000000000000e+03,1.937000000000000000e+03,1.937000000000000000e+03,1.937000000000000000e+03,1.937000000000000000e+03,1.937000000000000000e+03,1.937000000000000000e+03,1.937000000000000000e+03,1.937000000000000000e+03,1.937000000000000000e+03,1.937000000000000000e+03,1.937000000000000000e+03,1.937000000000000000e+03,1.937000000000000000e+03,1.937000000000000000e+03,1.937000000000000000e+03,1.937000000000000000e+03,1.937000000000000000e+03,1.937000000000000000e+03,1.937000000000000000e+03,1.937000000000000000e+03,1.937000000000000000e+03,1.937000000000000000e+03,1.937000000000000000e+03,1.937000000000000000e+03,1.937000000000000000e+03,1.937000000000000000e+03,1.937000000000000000e+03,1.937000000000000000e+03,1.937000000000000000e+03,1.937000000000000000e+03,1.937000000000000000e+03,1.937000000000000000e+03,1.937000000000000000e+03,1.937000000000000000e+03,1.937000000000000000e+03,1.937000000000000000e+03,1.937000000000000000e+03,1.937000000000000000e+03,1.937000000000000000e+03,1.937000000000000000e+03,1.937000000000000000e+03,1.937000000000000000e+03,1.937000000000000000e+03,1.937000000000000000e+03,1.937000000000000000e+03,1.937000000000000000e+03,1.937000000000000000e+03,1.937000000000000000e+03,1.937000000000000000e+03,1.938000000000000000e+03,1.938000000000000000e+03,1.938000000000000000e+03,1.938000000000000000e+03,1.938000000000000000e+03,1.938000000000000000e+03,1.938000000000000000e+03,1.938000000000000000e+03,1.938000000000000000e+03,1.938000000000000000e+03,1.938000000000000000e+03,1.938000000000000000e+03,1.938000000000000000e+03,1.938000000000000000e+03,1.938000000000000000e+03,1.938000000000000000e+03,1.938000000000000000e+03,1.938000000000000000e+03,1.938000000000000000e+03,1.938000000000000000e+03,1.938000000000000000e+03,1.938000000000000000e+03,1.938000000000000000e+03,1.938000000000000000e+03,1.938000000000000000e+03,1.938000000000000000e+03,1.938000000000000000e+03,1.938000000000000000e+03,1.938000000000000000e+03,1.938000000000000000e+03,1.938000000000000000e+03,1.938000000000000000e+03,1.938000000000000000e+03,1.938000000000000000e+03,1.938000000000000000e+03,1.938000000000000000e+03,1.938000000000000000e+03,1.938000000000000000e+03,1.938000000000000000e+03,1.938000000000000000e+03,1.938000000000000000e+03,1.938000000000000000e+03,1.938000000000000000e+03,1.938000000000000000e+03,1.938000000000000000e+03,1.938000000000000000e+03,1.938000000000000000e+03,1.938000000000000000e+03,1.938000000000000000e+03,1.938000000000000000e+03,1.938000000000000000e+03,1.938000000000000000e+03,1.938000000000000000e+03,1.938000000000000000e+03,1.938000000000000000e+03,1.938000000000000000e+03,1.938000000000000000e+03,1.938000000000000000e+03,1.938000000000000000e+03,1.938000000000000000e+03,1.938000000000000000e+03,1.938000000000000000e+03,1.938000000000000000e+03,1.938000000000000000e+03,1.938000000000000000e+03,1.938000000000000000e+03,1.938000000000000000e+03,1.938000000000000000e+03,1.938000000000000000e+03,1.938000000000000000e+03,1.938000000000000000e+03,1.938000000000000000e+03,1.938000000000000000e+03,1.938000000000000000e+03,1.938000000000000000e+03,1.938000000000000000e+03,1.938000000000000000e+03,1.938000000000000000e+03,1.938000000000000000e+03,1.938000000000000000e+03,1.938000000000000000e+03,1.938000000000000000e+03,1.938000000000000000e+03,1.938000000000000000e+03,1.938000000000000000e+03,1.938000000000000000e+03,1.938000000000000000e+03,1.938000000000000000e+03,1.938000000000000000e+03,1.938000000000000000e+03,1.938000000000000000e+03,1.938000000000000000e+03,1.938000000000000000e+03,1.938000000000000000e+03,1.938000000000000000e+03,1.938000000000000000e+03,1.938000000000000000e+03,1.938000000000000000e+03,1.938000000000000000e+03,1.938000000000000000e+03,1.938000000000000000e+03,1.938000000000000000e+03,1.938000000000000000e+03,1.938000000000000000e+03,1.938000000000000000e+03,1.938000000000000000e+03,1.938000000000000000e+03,1.938000000000000000e+03,1.938000000000000000e+03,1.938000000000000000e+03,1.938000000000000000e+03,1.938000000000000000e+03,1.938000000000000000e+03,1.938000000000000000e+03,1.938000000000000000e+03,1.938000000000000000e+03,1.938000000000000000e+03,1.938000000000000000e+03,1.938000000000000000e+03,1.939000000000000000e+03,1.939000000000000000e+03,1.939000000000000000e+03,1.939000000000000000e+03,1.939000000000000000e+03,1.939000000000000000e+03,1.939000000000000000e+03,1.939000000000000000e+03,1.939000000000000000e+03,1.939000000000000000e+03,1.939000000000000000e+03,1.939000000000000000e+03,1.939000000000000000e+03,1.939000000000000000e+03,1.939000000000000000e+03,1.939000000000000000e+03,1.939000000000000000e+03,1.939000000000000000e+03,1.939000000000000000e+03,1.939000000000000000e+03,1.939000000000000000e+03,1.939000000000000000e+03,1.939000000000000000e+03,1.939000000000000000e+03,1.939000000000000000e+03,1.939000000000000000e+03,1.939000000000000000e+03,1.939000000000000000e+03,1.939000000000000000e+03,1.939000000000000000e+03,1.939000000000000000e+03,1.939000000000000000e+03,1.939000000000000000e+03,1.939000000000000000e+03,1.939000000000000000e+03,1.939000000000000000e+03,1.939000000000000000e+03,1.939000000000000000e+03,1.939000000000000000e+03,1.939000000000000000e+03,1.939000000000000000e+03,1.939000000000000000e+03,1.939000000000000000e+03,1.939000000000000000e+03,1.939000000000000000e+03,1.939000000000000000e+03,1.939000000000000000e+03,1.939000000000000000e+03,1.939000000000000000e+03,1.939000000000000000e+03,1.939000000000000000e+03,1.939000000000000000e+03,1.939000000000000000e+03,1.939000000000000000e+03,1.939000000000000000e+03,1.939000000000000000e+03,1.939000000000000000e+03,1.939000000000000000e+03,1.939000000000000000e+03,1.939000000000000000e+03,1.939000000000000000e+03,1.939000000000000000e+03,1.939000000000000000e+03,1.939000000000000000e+03,1.939000000000000000e+03,1.939000000000000000e+03,1.939000000000000000e+03,1.939000000000000000e+03,1.939000000000000000e+03,1.939000000000000000e+03,1.939000000000000000e+03,1.939000000000000000e+03,1.939000000000000000e+03,1.939000000000000000e+03,1.939000000000000000e+03,1.939000000000000000e+03,1.939000000000000000e+03,1.939000000000000000e+03,1.939000000000000000e+03,1.939000000000000000e+03,1.939000000000000000e+03,1.939000000000000000e+03,1.939000000000000000e+03,1.939000000000000000e+03,1.939000000000000000e+03,1.939000000000000000e+03,1.939000000000000000e+03,1.939000000000000000e+03,1.939000000000000000e+03,1.939000000000000000e+03,1.939000000000000000e+03,1.939000000000000000e+03,1.939000000000000000e+03,1.939000000000000000e+03,1.939000000000000000e+03,1.939000000000000000e+03,1.939000000000000000e+03,1.939000000000000000e+03,1.939000000000000000e+03,1.939000000000000000e+03,1.939000000000000000e+03,1.939000000000000000e+03,1.939000000000000000e+03,1.939000000000000000e+03,1.939000000000000000e+03,1.939000000000000000e+03,1.939000000000000000e+03,1.939000000000000000e+03,1.939000000000000000e+03,1.939000000000000000e+03,1.939000000000000000e+03,1.939000000000000000e+03,1.939000000000000000e+03,1.939000000000000000e+03,1.939000000000000000e+03,1.939000000000000000e+03,1.939000000000000000e+03,1.939000000000000000e+03,1.939000000000000000e+03,1.940000000000000000e+03,1.940000000000000000e+03,1.940000000000000000e+03,1.940000000000000000e+03,1.940000000000000000e+03,1.940000000000000000e+03,1.940000000000000000e+03,1.940000000000000000e+03,1.940000000000000000e+03,1.940000000000000000e+03,1.940000000000000000e+03,1.940000000000000000e+03,1.940000000000000000e+03,1.940000000000000000e+03,1.940000000000000000e+03,1.940000000000000000e+03,1.940000000000000000e+03,1.940000000000000000e+03,1.940000000000000000e+03,1.940000000000000000e+03,1.940000000000000000e+03,1.940000000000000000e+03,1.940000000000000000e+03,1.940000000000000000e+03,1.940000000000000000e+03,1.940000000000000000e+03,1.940000000000000000e+03,1.940000000000000000e+03,1.940000000000000000e+03,1.940000000000000000e+03,1.940000000000000000e+03,1.940000000000000000e+03,1.940000000000000000e+03,1.940000000000000000e+03,1.940000000000000000e+03,1.940000000000000000e+03,1.940000000000000000e+03,1.940000000000000000e+03,1.940000000000000000e+03,1.940000000000000000e+03,1.940000000000000000e+03,1.940000000000000000e+03,1.940000000000000000e+03,1.940000000000000000e+03,1.940000000000000000e+03,1.940000000000000000e+03,1.940000000000000000e+03,1.940000000000000000e+03,1.940000000000000000e+03,1.940000000000000000e+03,1.940000000000000000e+03,1.940000000000000000e+03,1.940000000000000000e+03,1.940000000000000000e+03,1.940000000000000000e+03,1.940000000000000000e+03,1.940000000000000000e+03,1.940000000000000000e+03,1.940000000000000000e+03,1.940000000000000000e+03,1.940000000000000000e+03,1.940000000000000000e+03,1.940000000000000000e+03,1.940000000000000000e+03,1.940000000000000000e+03,1.940000000000000000e+03,1.940000000000000000e+03,1.940000000000000000e+03,1.940000000000000000e+03,1.940000000000000000e+03,1.940000000000000000e+03,1.940000000000000000e+03,1.940000000000000000e+03,1.940000000000000000e+03,1.940000000000000000e+03,1.940000000000000000e+03,1.940000000000000000e+03,1.940000000000000000e+03,1.940000000000000000e+03,1.940000000000000000e+03,1.940000000000000000e+03,1.940000000000000000e+03,1.940000000000000000e+03,1.940000000000000000e+03,1.940000000000000000e+03,1.940000000000000000e+03,1.940000000000000000e+03,1.940000000000000000e+03,1.940000000000000000e+03,1.940000000000000000e+03,1.940000000000000000e+03,1.940000000000000000e+03,1.940000000000000000e+03,1.940000000000000000e+03,1.940000000000000000e+03,1.940000000000000000e+03,1.940000000000000000e+03,1.940000000000000000e+03,1.940000000000000000e+03,1.940000000000000000e+03,1.940000000000000000e+03,1.940000000000000000e+03,1.940000000000000000e+03,1.940000000000000000e+03,1.940000000000000000e+03,1.940000000000000000e+03,1.940000000000000000e+03,1.940000000000000000e+03,1.940000000000000000e+03,1.940000000000000000e+03,1.940000000000000000e+03,1.940000000000000000e+03,1.940000000000000000e+03,1.940000000000000000e+03,1.940000000000000000e+03,1.940000000000000000e+03,1.940000000000000000e+03,1.940000000000000000e+03,1.940000000000000000e+03,1.940000000000000000e+03,1.941000000000000000e+03,1.941000000000000000e+03,1.941000000000000000e+03,1.941000000000000000e+03,1.941000000000000000e+03,1.941000000000000000e+03,1.941000000000000000e+03,1.941000000000000000e+03,1.941000000000000000e+03,1.941000000000000000e+03,1.941000000000000000e+03,1.941000000000000000e+03,1.941000000000000000e+03,1.941000000000000000e+03,1.941000000000000000e+03,1.941000000000000000e+03,1.941000000000000000e+03,1.941000000000000000e+03,1.941000000000000000e+03,1.941000000000000000e+03,1.941000000000000000e+03,1.941000000000000000e+03,1.941000000000000000e+03,1.941000000000000000e+03,1.941000000000000000e+03,1.941000000000000000e+03,1.941000000000000000e+03,1.941000000000000000e+03,1.941000000000000000e+03,1.941000000000000000e+03,1.941000000000000000e+03,1.941000000000000000e+03,1.941000000000000000e+03,1.941000000000000000e+03,1.941000000000000000e+03,1.941000000000000000e+03,1.941000000000000000e+03,1.941000000000000000e+03,1.941000000000000000e+03,1.941000000000000000e+03,1.941000000000000000e+03,1.941000000000000000e+03,1.941000000000000000e+03,1.941000000000000000e+03,1.941000000000000000e+03,1.941000000000000000e+03,1.941000000000000000e+03,1.941000000000000000e+03,1.941000000000000000e+03,1.941000000000000000e+03,1.941000000000000000e+03,1.941000000000000000e+03,1.941000000000000000e+03,1.941000000000000000e+03,1.941000000000000000e+03,1.941000000000000000e+03,1.941000000000000000e+03,1.941000000000000000e+03,1.941000000000000000e+03,1.941000000000000000e+03,1.941000000000000000e+03,1.941000000000000000e+03,1.941000000000000000e+03,1.941000000000000000e+03,1.941000000000000000e+03,1.941000000000000000e+03,1.941000000000000000e+03,1.941000000000000000e+03,1.941000000000000000e+03,1.941000000000000000e+03,1.941000000000000000e+03,1.941000000000000000e+03,1.941000000000000000e+03,1.941000000000000000e+03,1.941000000000000000e+03,1.941000000000000000e+03,1.941000000000000000e+03,1.941000000000000000e+03,1.941000000000000000e+03,1.941000000000000000e+03,1.941000000000000000e+03,1.941000000000000000e+03,1.941000000000000000e+03,1.941000000000000000e+03,1.941000000000000000e+03,1.941000000000000000e+03,1.941000000000000000e+03,1.941000000000000000e+03,1.941000000000000000e+03,1.941000000000000000e+03,1.941000000000000000e+03,1.941000000000000000e+03,1.941000000000000000e+03,1.941000000000000000e+03,1.941000000000000000e+03,1.941000000000000000e+03,1.941000000000000000e+03,1.941000000000000000e+03,1.941000000000000000e+03,1.941000000000000000e+03,1.941000000000000000e+03,1.941000000000000000e+03,1.941000000000000000e+03,1.941000000000000000e+03,1.941000000000000000e+03,1.941000000000000000e+03,1.941000000000000000e+03,1.941000000000000000e+03,1.941000000000000000e+03,1.941000000000000000e+03,1.941000000000000000e+03,1.941000000000000000e+03,1.941000000000000000e+03,1.941000000000000000e+03,1.941000000000000000e+03,1.941000000000000000e+03,1.941000000000000000e+03,1.941000000000000000e+03,1.941000000000000000e+03,1.941000000000000000e+03,1.942000000000000000e+03,1.942000000000000000e+03,1.942000000000000000e+03,1.942000000000000000e+03,1.942000000000000000e+03,1.942000000000000000e+03,1.942000000000000000e+03,1.942000000000000000e+03,1.942000000000000000e+03,1.942000000000000000e+03,1.942000000000000000e+03,1.942000000000000000e+03,1.942000000000000000e+03,1.942000000000000000e+03,1.942000000000000000e+03,1.942000000000000000e+03,1.942000000000000000e+03,1.942000000000000000e+03,1.942000000000000000e+03,1.942000000000000000e+03,1.942000000000000000e+03,1.942000000000000000e+03,1.942000000000000000e+03,1.942000000000000000e+03,1.942000000000000000e+03,1.942000000000000000e+03,1.942000000000000000e+03,1.942000000000000000e+03,1.942000000000000000e+03,1.942000000000000000e+03,1.942000000000000000e+03,1.942000000000000000e+03,1.942000000000000000e+03,1.942000000000000000e+03,1.942000000000000000e+03,1.942000000000000000e+03,1.942000000000000000e+03,1.942000000000000000e+03,1.942000000000000000e+03,1.942000000000000000e+03,1.942000000000000000e+03,1.942000000000000000e+03,1.942000000000000000e+03,1.942000000000000000e+03,1.942000000000000000e+03,1.942000000000000000e+03,1.942000000000000000e+03,1.942000000000000000e+03,1.942000000000000000e+03,1.942000000000000000e+03,1.942000000000000000e+03,1.942000000000000000e+03,1.942000000000000000e+03,1.942000000000000000e+03,1.942000000000000000e+03,1.942000000000000000e+03,1.942000000000000000e+03,1.942000000000000000e+03,1.942000000000000000e+03,1.942000000000000000e+03,1.942000000000000000e+03,1.942000000000000000e+03,1.942000000000000000e+03,1.942000000000000000e+03,1.942000000000000000e+03,1.942000000000000000e+03,1.942000000000000000e+03,1.942000000000000000e+03,1.942000000000000000e+03,1.942000000000000000e+03,1.942000000000000000e+03,1.942000000000000000e+03,1.942000000000000000e+03,1.942000000000000000e+03,1.942000000000000000e+03,1.942000000000000000e+03,1.942000000000000000e+03,1.942000000000000000e+03,1.942000000000000000e+03,1.942000000000000000e+03,1.942000000000000000e+03,1.942000000000000000e+03,1.942000000000000000e+03,1.942000000000000000e+03,1.942000000000000000e+03,1.942000000000000000e+03,1.942000000000000000e+03,1.942000000000000000e+03,1.942000000000000000e+03,1.942000000000000000e+03,1.942000000000000000e+03,1.942000000000000000e+03,1.942000000000000000e+03,1.942000000000000000e+03,1.942000000000000000e+03,1.942000000000000000e+03,1.942000000000000000e+03,1.942000000000000000e+03,1.942000000000000000e+03,1.942000000000000000e+03,1.942000000000000000e+03,1.942000000000000000e+03,1.942000000000000000e+03,1.942000000000000000e+03,1.942000000000000000e+03,1.942000000000000000e+03,1.942000000000000000e+03,1.942000000000000000e+03,1.942000000000000000e+03,1.942000000000000000e+03,1.942000000000000000e+03,1.942000000000000000e+03,1.942000000000000000e+03,1.942000000000000000e+03,1.942000000000000000e+03,1.942000000000000000e+03,1.942000000000000000e+03,1.942000000000000000e+03,1.942000000000000000e+03,1.942000000000000000e+03,1.942000000000000000e+03,1.943000000000000000e+03,1.943000000000000000e+03,1.943000000000000000e+03,1.943000000000000000e+03,1.943000000000000000e+03,1.943000000000000000e+03,1.943000000000000000e+03,1.943000000000000000e+03,1.943000000000000000e+03,1.943000000000000000e+03,1.943000000000000000e+03,1.943000000000000000e+03,1.943000000000000000e+03,1.943000000000000000e+03,1.943000000000000000e+03,1.943000000000000000e+03,1.943000000000000000e+03,1.943000000000000000e+03,1.943000000000000000e+03,1.943000000000000000e+03,1.943000000000000000e+03,1.943000000000000000e+03,1.943000000000000000e+03,1.943000000000000000e+03,1.943000000000000000e+03,1.943000000000000000e+03,1.943000000000000000e+03,1.943000000000000000e+03,1.943000000000000000e+03,1.943000000000000000e+03,1.943000000000000000e+03,1.943000000000000000e+03,1.943000000000000000e+03,1.943000000000000000e+03,1.943000000000000000e+03,1.943000000000000000e+03,1.943000000000000000e+03,1.943000000000000000e+03,1.943000000000000000e+03,1.943000000000000000e+03,1.943000000000000000e+03,1.943000000000000000e+03,1.943000000000000000e+03,1.943000000000000000e+03,1.943000000000000000e+03,1.943000000000000000e+03,1.943000000000000000e+03,1.943000000000000000e+03,1.943000000000000000e+03,1.943000000000000000e+03,1.943000000000000000e+03,1.943000000000000000e+03,1.943000000000000000e+03,1.943000000000000000e+03,1.943000000000000000e+03,1.943000000000000000e+03,1.943000000000000000e+03,1.943000000000000000e+03,1.943000000000000000e+03,1.943000000000000000e+03,1.943000000000000000e+03,1.943000000000000000e+03,1.943000000000000000e+03,1.943000000000000000e+03,1.943000000000000000e+03,1.943000000000000000e+03,1.943000000000000000e+03,1.943000000000000000e+03,1.943000000000000000e+03,1.943000000000000000e+03,1.943000000000000000e+03,1.943000000000000000e+03,1.943000000000000000e+03,1.943000000000000000e+03,1.943000000000000000e+03,1.943000000000000000e+03,1.943000000000000000e+03,1.943000000000000000e+03,1.943000000000000000e+03,1.943000000000000000e+03,1.943000000000000000e+03,1.943000000000000000e+03,1.943000000000000000e+03,1.943000000000000000e+03,1.943000000000000000e+03,1.943000000000000000e+03,1.943000000000000000e+03,1.943000000000000000e+03,1.943000000000000000e+03,1.943000000000000000e+03,1.943000000000000000e+03,1.943000000000000000e+03,1.943000000000000000e+03,1.943000000000000000e+03,1.943000000000000000e+03,1.943000000000000000e+03,1.943000000000000000e+03,1.943000000000000000e+03,1.943000000000000000e+03,1.943000000000000000e+03,1.943000000000000000e+03,1.943000000000000000e+03,1.943000000000000000e+03,1.943000000000000000e+03,1.943000000000000000e+03,1.943000000000000000e+03,1.943000000000000000e+03,1.943000000000000000e+03,1.943000000000000000e+03,1.943000000000000000e+03,1.943000000000000000e+03,1.943000000000000000e+03,1.943000000000000000e+03,1.943000000000000000e+03,1.943000000000000000e+03,1.943000000000000000e+03,1.943000000000000000e+03,1.943000000000000000e+03,1.943000000000000000e+03,1.943000000000000000e+03,1.943000000000000000e+03,1.944000000000000000e+03,1.944000000000000000e+03,1.944000000000000000e+03,1.944000000000000000e+03,1.944000000000000000e+03,1.944000000000000000e+03,1.944000000000000000e+03,1.944000000000000000e+03,1.944000000000000000e+03,1.944000000000000000e+03,1.944000000000000000e+03,1.944000000000000000e+03,1.944000000000000000e+03,1.944000000000000000e+03,1.944000000000000000e+03,1.944000000000000000e+03,1.944000000000000000e+03,1.944000000000000000e+03,1.944000000000000000e+03,1.944000000000000000e+03,1.944000000000000000e+03,1.944000000000000000e+03,1.944000000000000000e+03,1.944000000000000000e+03,1.944000000000000000e+03,1.944000000000000000e+03,1.944000000000000000e+03,1.944000000000000000e+03,1.944000000000000000e+03,1.944000000000000000e+03,1.944000000000000000e+03,1.944000000000000000e+03,1.944000000000000000e+03,1.944000000000000000e+03,1.944000000000000000e+03,1.944000000000000000e+03,1.944000000000000000e+03,1.944000000000000000e+03,1.944000000000000000e+03,1.944000000000000000e+03,1.944000000000000000e+03,1.944000000000000000e+03,1.944000000000000000e+03,1.944000000000000000e+03,1.944000000000000000e+03,1.944000000000000000e+03,1.944000000000000000e+03,1.944000000000000000e+03,1.944000000000000000e+03,1.944000000000000000e+03,1.944000000000000000e+03,1.944000000000000000e+03,1.944000000000000000e+03,1.944000000000000000e+03,1.944000000000000000e+03,1.944000000000000000e+03,1.944000000000000000e+03,1.944000000000000000e+03,1.944000000000000000e+03,1.944000000000000000e+03,1.944000000000000000e+03,1.944000000000000000e+03,1.944000000000000000e+03,1.944000000000000000e+03,1.944000000000000000e+03,1.944000000000000000e+03,1.944000000000000000e+03,1.944000000000000000e+03,1.944000000000000000e+03,1.944000000000000000e+03,1.944000000000000000e+03,1.944000000000000000e+03,1.944000000000000000e+03,1.944000000000000000e+03,1.944000000000000000e+03,1.944000000000000000e+03,1.944000000000000000e+03,1.944000000000000000e+03,1.944000000000000000e+03,1.944000000000000000e+03,1.944000000000000000e+03,1.944000000000000000e+03,1.944000000000000000e+03,1.944000000000000000e+03,1.944000000000000000e+03,1.944000000000000000e+03,1.944000000000000000e+03,1.944000000000000000e+03,1.944000000000000000e+03,1.944000000000000000e+03,1.944000000000000000e+03,1.944000000000000000e+03,1.944000000000000000e+03,1.944000000000000000e+03,1.944000000000000000e+03,1.944000000000000000e+03,1.944000000000000000e+03,1.944000000000000000e+03,1.944000000000000000e+03,1.944000000000000000e+03,1.944000000000000000e+03,1.944000000000000000e+03,1.944000000000000000e+03,1.944000000000000000e+03,1.944000000000000000e+03,1.944000000000000000e+03,1.944000000000000000e+03,1.944000000000000000e+03,1.944000000000000000e+03,1.944000000000000000e+03,1.944000000000000000e+03,1.944000000000000000e+03,1.944000000000000000e+03,1.944000000000000000e+03,1.944000000000000000e+03,1.944000000000000000e+03,1.944000000000000000e+03,1.944000000000000000e+03,1.944000000000000000e+03,1.944000000000000000e+03,1.944000000000000000e+03,1.944000000000000000e+03,1.945000000000000000e+03,1.945000000000000000e+03,1.945000000000000000e+03,1.945000000000000000e+03,1.945000000000000000e+03,1.945000000000000000e+03,1.945000000000000000e+03,1.945000000000000000e+03,1.945000000000000000e+03,1.945000000000000000e+03,1.945000000000000000e+03,1.945000000000000000e+03,1.945000000000000000e+03,1.945000000000000000e+03,1.945000000000000000e+03,1.945000000000000000e+03,1.945000000000000000e+03,1.945000000000000000e+03,1.945000000000000000e+03,1.945000000000000000e+03,1.945000000000000000e+03,1.945000000000000000e+03,1.945000000000000000e+03,1.945000000000000000e+03,1.945000000000000000e+03,1.945000000000000000e+03,1.945000000000000000e+03,1.945000000000000000e+03,1.945000000000000000e+03,1.945000000000000000e+03,1.945000000000000000e+03,1.945000000000000000e+03,1.945000000000000000e+03,1.945000000000000000e+03,1.945000000000000000e+03,1.945000000000000000e+03,1.945000000000000000e+03,1.945000000000000000e+03,1.945000000000000000e+03,1.945000000000000000e+03,1.945000000000000000e+03,1.945000000000000000e+03,1.945000000000000000e+03,1.945000000000000000e+03,1.945000000000000000e+03,1.945000000000000000e+03,1.945000000000000000e+03,1.945000000000000000e+03,1.945000000000000000e+03,1.945000000000000000e+03,1.945000000000000000e+03,1.945000000000000000e+03,1.945000000000000000e+03,1.945000000000000000e+03,1.945000000000000000e+03,1.945000000000000000e+03,1.945000000000000000e+03,1.945000000000000000e+03,1.945000000000000000e+03,1.945000000000000000e+03,1.945000000000000000e+03,1.945000000000000000e+03,1.945000000000000000e+03,1.945000000000000000e+03,1.945000000000000000e+03,1.945000000000000000e+03,1.945000000000000000e+03,1.945000000000000000e+03,1.945000000000000000e+03,1.945000000000000000e+03,1.945000000000000000e+03,1.945000000000000000e+03,1.945000000000000000e+03,1.945000000000000000e+03,1.945000000000000000e+03,1.945000000000000000e+03,1.945000000000000000e+03,1.945000000000000000e+03,1.945000000000000000e+03,1.945000000000000000e+03,1.945000000000000000e+03,1.945000000000000000e+03,1.945000000000000000e+03,1.945000000000000000e+03,1.945000000000000000e+03,1.945000000000000000e+03,1.945000000000000000e+03,1.945000000000000000e+03,1.945000000000000000e+03,1.945000000000000000e+03,1.945000000000000000e+03,1.945000000000000000e+03,1.945000000000000000e+03,1.945000000000000000e+03,1.945000000000000000e+03,1.945000000000000000e+03,1.945000000000000000e+03,1.945000000000000000e+03,1.945000000000000000e+03,1.945000000000000000e+03,1.945000000000000000e+03,1.945000000000000000e+03,1.945000000000000000e+03,1.945000000000000000e+03,1.945000000000000000e+03,1.945000000000000000e+03,1.945000000000000000e+03,1.945000000000000000e+03,1.945000000000000000e+03,1.945000000000000000e+03,1.945000000000000000e+03,1.945000000000000000e+03,1.945000000000000000e+03,1.945000000000000000e+03,1.945000000000000000e+03,1.945000000000000000e+03,1.945000000000000000e+03,1.945000000000000000e+03,1.945000000000000000e+03,1.945000000000000000e+03,1.945000000000000000e+03,1.945000000000000000e+03,1.946000000000000000e+03,1.946000000000000000e+03,1.946000000000000000e+03,1.946000000000000000e+03,1.946000000000000000e+03,1.946000000000000000e+03,1.946000000000000000e+03,1.946000000000000000e+03,1.946000000000000000e+03,1.946000000000000000e+03,1.946000000000000000e+03,1.946000000000000000e+03,1.946000000000000000e+03,1.946000000000000000e+03,1.946000000000000000e+03,1.946000000000000000e+03,1.946000000000000000e+03,1.946000000000000000e+03,1.946000000000000000e+03,1.946000000000000000e+03,1.946000000000000000e+03,1.946000000000000000e+03,1.946000000000000000e+03,1.946000000000000000e+03,1.946000000000000000e+03,1.946000000000000000e+03,1.946000000000000000e+03,1.946000000000000000e+03,1.946000000000000000e+03,1.946000000000000000e+03,1.946000000000000000e+03,1.946000000000000000e+03,1.946000000000000000e+03,1.946000000000000000e+03,1.946000000000000000e+03,1.946000000000000000e+03,1.946000000000000000e+03,1.946000000000000000e+03,1.946000000000000000e+03,1.946000000000000000e+03,1.946000000000000000e+03,1.946000000000000000e+03,1.946000000000000000e+03,1.946000000000000000e+03,1.946000000000000000e+03,1.946000000000000000e+03,1.946000000000000000e+03,1.946000000000000000e+03,1.946000000000000000e+03,1.946000000000000000e+03,1.946000000000000000e+03,1.946000000000000000e+03,1.946000000000000000e+03,1.946000000000000000e+03,1.946000000000000000e+03,1.946000000000000000e+03,1.946000000000000000e+03,1.946000000000000000e+03,1.946000000000000000e+03,1.946000000000000000e+03,1.946000000000000000e+03,1.946000000000000000e+03,1.946000000000000000e+03,1.946000000000000000e+03,1.946000000000000000e+03,1.946000000000000000e+03,1.946000000000000000e+03,1.946000000000000000e+03,1.946000000000000000e+03,1.946000000000000000e+03,1.946000000000000000e+03,1.946000000000000000e+03,1.946000000000000000e+03,1.946000000000000000e+03,1.946000000000000000e+03,1.946000000000000000e+03,1.946000000000000000e+03,1.946000000000000000e+03,1.946000000000000000e+03,1.946000000000000000e+03,1.946000000000000000e+03,1.946000000000000000e+03,1.946000000000000000e+03,1.946000000000000000e+03,1.946000000000000000e+03,1.946000000000000000e+03,1.946000000000000000e+03,1.946000000000000000e+03,1.946000000000000000e+03,1.946000000000000000e+03,1.946000000000000000e+03,1.946000000000000000e+03,1.946000000000000000e+03,1.946000000000000000e+03,1.946000000000000000e+03,1.946000000000000000e+03,1.946000000000000000e+03,1.946000000000000000e+03,1.946000000000000000e+03,1.946000000000000000e+03,1.946000000000000000e+03,1.946000000000000000e+03,1.946000000000000000e+03,1.946000000000000000e+03,1.946000000000000000e+03,1.946000000000000000e+03,1.946000000000000000e+03,1.946000000000000000e+03,1.946000000000000000e+03,1.946000000000000000e+03,1.946000000000000000e+03,1.946000000000000000e+03,1.946000000000000000e+03,1.946000000000000000e+03,1.946000000000000000e+03,1.946000000000000000e+03,1.946000000000000000e+03,1.946000000000000000e+03,1.946000000000000000e+03,1.946000000000000000e+03,1.946000000000000000e+03,1.946000000000000000e+03,1.946000000000000000e+03,1.947000000000000000e+03,1.947000000000000000e+03,1.947000000000000000e+03,1.947000000000000000e+03,1.947000000000000000e+03,1.947000000000000000e+03,1.947000000000000000e+03,1.947000000000000000e+03,1.947000000000000000e+03,1.947000000000000000e+03,1.947000000000000000e+03,1.947000000000000000e+03,1.947000000000000000e+03,1.947000000000000000e+03,1.947000000000000000e+03,1.947000000000000000e+03,1.947000000000000000e+03,1.947000000000000000e+03,1.947000000000000000e+03,1.947000000000000000e+03,1.947000000000000000e+03,1.947000000000000000e+03,1.947000000000000000e+03,1.947000000000000000e+03,1.947000000000000000e+03,1.947000000000000000e+03,1.947000000000000000e+03,1.947000000000000000e+03,1.947000000000000000e+03,1.947000000000000000e+03,1.947000000000000000e+03,1.947000000000000000e+03,1.947000000000000000e+03,1.947000000000000000e+03,1.947000000000000000e+03,1.947000000000000000e+03,1.947000000000000000e+03,1.947000000000000000e+03,1.947000000000000000e+03,1.947000000000000000e+03,1.947000000000000000e+03,1.947000000000000000e+03,1.947000000000000000e+03,1.947000000000000000e+03,1.947000000000000000e+03,1.947000000000000000e+03,1.947000000000000000e+03,1.947000000000000000e+03,1.947000000000000000e+03,1.947000000000000000e+03,1.947000000000000000e+03,1.947000000000000000e+03,1.947000000000000000e+03,1.947000000000000000e+03,1.947000000000000000e+03,1.947000000000000000e+03,1.947000000000000000e+03,1.947000000000000000e+03,1.947000000000000000e+03,1.947000000000000000e+03,1.947000000000000000e+03,1.947000000000000000e+03,1.947000000000000000e+03,1.947000000000000000e+03,1.947000000000000000e+03,1.947000000000000000e+03,1.947000000000000000e+03,1.947000000000000000e+03,1.947000000000000000e+03,1.947000000000000000e+03,1.947000000000000000e+03,1.947000000000000000e+03,1.947000000000000000e+03,1.947000000000000000e+03,1.947000000000000000e+03,1.947000000000000000e+03,1.947000000000000000e+03,1.947000000000000000e+03,1.947000000000000000e+03,1.947000000000000000e+03,1.947000000000000000e+03,1.947000000000000000e+03,1.947000000000000000e+03,1.947000000000000000e+03,1.947000000000000000e+03,1.947000000000000000e+03,1.947000000000000000e+03,1.947000000000000000e+03,1.947000000000000000e+03,1.947000000000000000e+03,1.947000000000000000e+03,1.947000000000000000e+03,1.947000000000000000e+03,1.947000000000000000e+03,1.947000000000000000e+03,1.947000000000000000e+03,1.947000000000000000e+03,1.947000000000000000e+03,1.947000000000000000e+03,1.947000000000000000e+03,1.947000000000000000e+03,1.947000000000000000e+03,1.947000000000000000e+03,1.947000000000000000e+03,1.947000000000000000e+03,1.947000000000000000e+03,1.947000000000000000e+03,1.947000000000000000e+03,1.947000000000000000e+03,1.947000000000000000e+03,1.947000000000000000e+03,1.947000000000000000e+03,1.947000000000000000e+03,1.947000000000000000e+03,1.947000000000000000e+03,1.947000000000000000e+03,1.947000000000000000e+03,1.947000000000000000e+03,1.947000000000000000e+03,1.947000000000000000e+03,1.947000000000000000e+03,1.947000000000000000e+03,1.947000000000000000e+03,1.947000000000000000e+03,1.948000000000000000e+03,1.948000000000000000e+03,1.948000000000000000e+03,1.948000000000000000e+03,1.948000000000000000e+03,1.948000000000000000e+03,1.948000000000000000e+03,1.948000000000000000e+03,1.948000000000000000e+03,1.948000000000000000e+03,1.948000000000000000e+03,1.948000000000000000e+03,1.948000000000000000e+03,1.948000000000000000e+03,1.948000000000000000e+03,1.948000000000000000e+03,1.948000000000000000e+03,1.948000000000000000e+03,1.948000000000000000e+03,1.948000000000000000e+03,1.948000000000000000e+03,1.948000000000000000e+03,1.948000000000000000e+03,1.948000000000000000e+03,1.948000000000000000e+03,1.948000000000000000e+03,1.948000000000000000e+03,1.948000000000000000e+03,1.948000000000000000e+03,1.948000000000000000e+03,1.948000000000000000e+03,1.948000000000000000e+03,1.948000000000000000e+03,1.948000000000000000e+03,1.948000000000000000e+03,1.948000000000000000e+03,1.948000000000000000e+03,1.948000000000000000e+03,1.948000000000000000e+03,1.948000000000000000e+03,1.948000000000000000e+03,1.948000000000000000e+03,1.948000000000000000e+03,1.948000000000000000e+03,1.948000000000000000e+03,1.948000000000000000e+03,1.948000000000000000e+03,1.948000000000000000e+03,1.948000000000000000e+03,1.948000000000000000e+03,1.948000000000000000e+03,1.948000000000000000e+03,1.948000000000000000e+03,1.948000000000000000e+03,1.948000000000000000e+03,1.948000000000000000e+03,1.948000000000000000e+03,1.948000000000000000e+03,1.948000000000000000e+03,1.948000000000000000e+03,1.948000000000000000e+03,1.948000000000000000e+03,1.948000000000000000e+03,1.948000000000000000e+03,1.948000000000000000e+03,1.948000000000000000e+03,1.948000000000000000e+03,1.948000000000000000e+03,1.948000000000000000e+03,1.948000000000000000e+03,1.948000000000000000e+03,1.948000000000000000e+03,1.948000000000000000e+03,1.948000000000000000e+03,1.948000000000000000e+03,1.948000000000000000e+03,1.948000000000000000e+03,1.948000000000000000e+03,1.948000000000000000e+03,1.948000000000000000e+03,1.948000000000000000e+03,1.948000000000000000e+03,1.948000000000000000e+03,1.948000000000000000e+03,1.948000000000000000e+03,1.948000000000000000e+03,1.948000000000000000e+03,1.948000000000000000e+03,1.948000000000000000e+03,1.948000000000000000e+03,1.948000000000000000e+03,1.948000000000000000e+03,1.948000000000000000e+03,1.948000000000000000e+03,1.948000000000000000e+03,1.948000000000000000e+03,1.948000000000000000e+03,1.948000000000000000e+03,1.948000000000000000e+03,1.948000000000000000e+03,1.948000000000000000e+03,1.948000000000000000e+03,1.948000000000000000e+03,1.948000000000000000e+03,1.948000000000000000e+03,1.948000000000000000e+03,1.948000000000000000e+03,1.948000000000000000e+03,1.948000000000000000e+03,1.948000000000000000e+03,1.948000000000000000e+03,1.948000000000000000e+03,1.948000000000000000e+03,1.948000000000000000e+03,1.948000000000000000e+03,1.948000000000000000e+03,1.948000000000000000e+03,1.948000000000000000e+03,1.948000000000000000e+03,1.948000000000000000e+03,1.948000000000000000e+03,1.948000000000000000e+03,1.948000000000000000e+03,1.948000000000000000e+03,1.948000000000000000e+03,1.949000000000000000e+03,1.949000000000000000e+03,1.949000000000000000e+03,1.949000000000000000e+03,1.949000000000000000e+03,1.949000000000000000e+03,1.949000000000000000e+03,1.949000000000000000e+03,1.949000000000000000e+03,1.949000000000000000e+03,1.949000000000000000e+03,1.949000000000000000e+03,1.949000000000000000e+03,1.949000000000000000e+03,1.949000000000000000e+03,1.949000000000000000e+03,1.949000000000000000e+03,1.949000000000000000e+03,1.949000000000000000e+03,1.949000000000000000e+03,1.949000000000000000e+03,1.949000000000000000e+03,1.949000000000000000e+03,1.949000000000000000e+03,1.949000000000000000e+03,1.949000000000000000e+03,1.949000000000000000e+03,1.949000000000000000e+03,1.949000000000000000e+03,1.949000000000000000e+03,1.949000000000000000e+03,1.949000000000000000e+03,1.949000000000000000e+03,1.949000000000000000e+03,1.949000000000000000e+03,1.949000000000000000e+03,1.949000000000000000e+03,1.949000000000000000e+03,1.949000000000000000e+03,1.949000000000000000e+03,1.949000000000000000e+03,1.949000000000000000e+03,1.949000000000000000e+03,1.949000000000000000e+03,1.949000000000000000e+03,1.949000000000000000e+03,1.949000000000000000e+03,1.949000000000000000e+03,1.949000000000000000e+03,1.949000000000000000e+03,1.949000000000000000e+03,1.949000000000000000e+03,1.949000000000000000e+03,1.949000000000000000e+03,1.949000000000000000e+03,1.949000000000000000e+03,1.949000000000000000e+03,1.949000000000000000e+03,1.949000000000000000e+03,1.949000000000000000e+03,1.949000000000000000e+03,1.949000000000000000e+03,1.949000000000000000e+03,1.949000000000000000e+03,1.949000000000000000e+03,1.949000000000000000e+03,1.949000000000000000e+03,1.949000000000000000e+03,1.949000000000000000e+03,1.949000000000000000e+03,1.949000000000000000e+03,1.949000000000000000e+03,1.949000000000000000e+03,1.949000000000000000e+03,1.949000000000000000e+03,1.949000000000000000e+03,1.949000000000000000e+03,1.949000000000000000e+03,1.949000000000000000e+03,1.949000000000000000e+03,1.949000000000000000e+03,1.949000000000000000e+03,1.949000000000000000e+03,1.949000000000000000e+03,1.949000000000000000e+03,1.949000000000000000e+03,1.949000000000000000e+03,1.949000000000000000e+03,1.949000000000000000e+03,1.949000000000000000e+03,1.949000000000000000e+03,1.949000000000000000e+03,1.949000000000000000e+03,1.949000000000000000e+03,1.949000000000000000e+03,1.949000000000000000e+03,1.949000000000000000e+03,1.949000000000000000e+03,1.949000000000000000e+03,1.949000000000000000e+03,1.949000000000000000e+03,1.949000000000000000e+03,1.949000000000000000e+03,1.949000000000000000e+03,1.949000000000000000e+03,1.949000000000000000e+03,1.949000000000000000e+03,1.949000000000000000e+03,1.949000000000000000e+03,1.949000000000000000e+03,1.949000000000000000e+03,1.949000000000000000e+03,1.949000000000000000e+03,1.949000000000000000e+03,1.949000000000000000e+03,1.949000000000000000e+03,1.949000000000000000e+03,1.949000000000000000e+03,1.949000000000000000e+03,1.949000000000000000e+03,1.949000000000000000e+03,1.949000000000000000e+03,1.949000000000000000e+03,1.949000000000000000e+03,1.949000000000000000e+03,1.949000000000000000e+03,1.949000000000000000e+03,1.950000000000000000e+03,1.950000000000000000e+03,1.950000000000000000e+03,1.950000000000000000e+03,1.950000000000000000e+03,1.950000000000000000e+03,1.950000000000000000e+03,1.950000000000000000e+03,1.950000000000000000e+03,1.950000000000000000e+03,1.950000000000000000e+03,1.950000000000000000e+03,1.950000000000000000e+03,1.950000000000000000e+03,1.950000000000000000e+03,1.950000000000000000e+03,1.950000000000000000e+03,1.950000000000000000e+03,1.950000000000000000e+03,1.950000000000000000e+03,1.950000000000000000e+03,1.950000000000000000e+03,1.950000000000000000e+03,1.950000000000000000e+03,1.950000000000000000e+03,1.950000000000000000e+03,1.950000000000000000e+03,1.950000000000000000e+03,1.950000000000000000e+03,1.950000000000000000e+03,1.950000000000000000e+03,1.950000000000000000e+03,1.950000000000000000e+03,1.950000000000000000e+03,1.950000000000000000e+03,1.950000000000000000e+03,1.950000000000000000e+03,1.950000000000000000e+03,1.950000000000000000e+03,1.950000000000000000e+03,1.950000000000000000e+03,1.950000000000000000e+03,1.950000000000000000e+03,1.950000000000000000e+03,1.950000000000000000e+03,1.950000000000000000e+03,1.950000000000000000e+03,1.950000000000000000e+03,1.950000000000000000e+03,1.950000000000000000e+03,1.950000000000000000e+03,1.950000000000000000e+03,1.950000000000000000e+03,1.950000000000000000e+03,1.950000000000000000e+03,1.950000000000000000e+03,1.950000000000000000e+03,1.950000000000000000e+03,1.950000000000000000e+03,1.950000000000000000e+03,1.950000000000000000e+03,1.950000000000000000e+03,1.950000000000000000e+03,1.950000000000000000e+03,1.950000000000000000e+03,1.950000000000000000e+03,1.950000000000000000e+03,1.950000000000000000e+03,1.950000000000000000e+03,1.950000000000000000e+03,1.950000000000000000e+03,1.950000000000000000e+03,1.950000000000000000e+03,1.950000000000000000e+03,1.950000000000000000e+03,1.950000000000000000e+03,1.950000000000000000e+03,1.950000000000000000e+03,1.950000000000000000e+03,1.950000000000000000e+03,1.950000000000000000e+03,1.950000000000000000e+03,1.950000000000000000e+03,1.950000000000000000e+03,1.950000000000000000e+03,1.950000000000000000e+03,1.950000000000000000e+03,1.950000000000000000e+03,1.950000000000000000e+03,1.950000000000000000e+03,1.950000000000000000e+03,1.950000000000000000e+03,1.950000000000000000e+03,1.950000000000000000e+03,1.950000000000000000e+03,1.950000000000000000e+03,1.950000000000000000e+03,1.950000000000000000e+03,1.950000000000000000e+03,1.950000000000000000e+03,1.950000000000000000e+03,1.950000000000000000e+03,1.950000000000000000e+03,1.950000000000000000e+03,1.950000000000000000e+03,1.950000000000000000e+03,1.950000000000000000e+03,1.950000000000000000e+03,1.950000000000000000e+03,1.950000000000000000e+03,1.950000000000000000e+03,1.950000000000000000e+03,1.950000000000000000e+03,1.950000000000000000e+03,1.950000000000000000e+03,1.950000000000000000e+03,1.950000000000000000e+03,1.950000000000000000e+03,1.950000000000000000e+03,1.950000000000000000e+03,1.950000000000000000e+03,1.950000000000000000e+03,1.950000000000000000e+03,1.950000000000000000e+03,1.950000000000000000e+03,1.950000000000000000e+03,1.950000000000000000e+03,1.950000000000000000e+03,1.951000000000000000e+03,1.951000000000000000e+03,1.951000000000000000e+03,1.951000000000000000e+03,1.951000000000000000e+03,1.951000000000000000e+03,1.951000000000000000e+03,1.951000000000000000e+03,1.951000000000000000e+03,1.951000000000000000e+03,1.951000000000000000e+03,1.951000000000000000e+03,1.951000000000000000e+03,1.951000000000000000e+03,1.951000000000000000e+03,1.951000000000000000e+03,1.951000000000000000e+03,1.951000000000000000e+03,1.951000000000000000e+03,1.951000000000000000e+03,1.951000000000000000e+03,1.951000000000000000e+03,1.951000000000000000e+03,1.951000000000000000e+03,1.951000000000000000e+03,1.951000000000000000e+03,1.951000000000000000e+03,1.951000000000000000e+03,1.951000000000000000e+03,1.951000000000000000e+03,1.951000000000000000e+03,1.951000000000000000e+03,1.951000000000000000e+03,1.951000000000000000e+03,1.951000000000000000e+03,1.951000000000000000e+03,1.951000000000000000e+03,1.951000000000000000e+03,1.951000000000000000e+03,1.951000000000000000e+03,1.951000000000000000e+03,1.951000000000000000e+03,1.951000000000000000e+03,1.951000000000000000e+03,1.951000000000000000e+03,1.951000000000000000e+03,1.951000000000000000e+03,1.951000000000000000e+03,1.951000000000000000e+03,1.951000000000000000e+03,1.951000000000000000e+03,1.951000000000000000e+03,1.951000000000000000e+03,1.951000000000000000e+03,1.951000000000000000e+03,1.951000000000000000e+03,1.951000000000000000e+03,1.951000000000000000e+03,1.951000000000000000e+03,1.951000000000000000e+03,1.951000000000000000e+03,1.951000000000000000e+03,1.951000000000000000e+03,1.951000000000000000e+03,1.951000000000000000e+03,1.951000000000000000e+03,1.951000000000000000e+03,1.951000000000000000e+03,1.951000000000000000e+03,1.951000000000000000e+03,1.951000000000000000e+03,1.951000000000000000e+03,1.951000000000000000e+03,1.951000000000000000e+03,1.951000000000000000e+03,1.951000000000000000e+03,1.951000000000000000e+03,1.951000000000000000e+03,1.951000000000000000e+03,1.951000000000000000e+03,1.951000000000000000e+03,1.951000000000000000e+03,1.951000000000000000e+03,1.951000000000000000e+03,1.951000000000000000e+03,1.951000000000000000e+03,1.951000000000000000e+03,1.951000000000000000e+03,1.951000000000000000e+03,1.951000000000000000e+03,1.951000000000000000e+03,1.951000000000000000e+03,1.951000000000000000e+03,1.951000000000000000e+03,1.951000000000000000e+03,1.951000000000000000e+03,1.951000000000000000e+03,1.951000000000000000e+03,1.951000000000000000e+03,1.951000000000000000e+03,1.951000000000000000e+03,1.951000000000000000e+03,1.951000000000000000e+03,1.951000000000000000e+03,1.951000000000000000e+03,1.951000000000000000e+03,1.951000000000000000e+03,1.951000000000000000e+03,1.951000000000000000e+03,1.951000000000000000e+03,1.951000000000000000e+03,1.951000000000000000e+03,1.951000000000000000e+03,1.951000000000000000e+03,1.951000000000000000e+03,1.951000000000000000e+03,1.951000000000000000e+03,1.951000000000000000e+03,1.951000000000000000e+03,1.951000000000000000e+03,1.951000000000000000e+03,1.951000000000000000e+03,1.951000000000000000e+03,1.951000000000000000e+03,1.951000000000000000e+03,1.951000000000000000e+03,1.951000000000000000e+03,1.951000000000000000e+03,1.951000000000000000e+03,1.951000000000000000e+03,1.952000000000000000e+03,1.952000000000000000e+03,1.952000000000000000e+03,1.952000000000000000e+03,1.952000000000000000e+03,1.952000000000000000e+03,1.952000000000000000e+03,1.952000000000000000e+03,1.952000000000000000e+03,1.952000000000000000e+03,1.952000000000000000e+03,1.952000000000000000e+03,1.952000000000000000e+03,1.952000000000000000e+03,1.952000000000000000e+03,1.952000000000000000e+03,1.952000000000000000e+03,1.952000000000000000e+03,1.952000000000000000e+03,1.952000000000000000e+03,1.952000000000000000e+03,1.952000000000000000e+03,1.952000000000000000e+03,1.952000000000000000e+03,1.952000000000000000e+03,1.952000000000000000e+03,1.952000000000000000e+03,1.952000000000000000e+03,1.952000000000000000e+03,1.952000000000000000e+03,1.952000000000000000e+03,1.952000000000000000e+03,1.952000000000000000e+03,1.952000000000000000e+03,1.952000000000000000e+03,1.952000000000000000e+03,1.952000000000000000e+03,1.952000000000000000e+03,1.952000000000000000e+03,1.952000000000000000e+03,1.952000000000000000e+03,1.952000000000000000e+03,1.952000000000000000e+03,1.952000000000000000e+03,1.952000000000000000e+03,1.952000000000000000e+03,1.952000000000000000e+03,1.952000000000000000e+03,1.952000000000000000e+03,1.952000000000000000e+03,1.952000000000000000e+03,1.952000000000000000e+03,1.952000000000000000e+03,1.952000000000000000e+03,1.952000000000000000e+03,1.952000000000000000e+03,1.952000000000000000e+03,1.952000000000000000e+03,1.952000000000000000e+03,1.952000000000000000e+03,1.952000000000000000e+03,1.952000000000000000e+03,1.952000000000000000e+03,1.952000000000000000e+03,1.952000000000000000e+03,1.952000000000000000e+03,1.952000000000000000e+03,1.952000000000000000e+03,1.952000000000000000e+03,1.952000000000000000e+03,1.952000000000000000e+03,1.952000000000000000e+03,1.952000000000000000e+03,1.952000000000000000e+03,1.952000000000000000e+03,1.952000000000000000e+03,1.952000000000000000e+03,1.952000000000000000e+03,1.952000000000000000e+03,1.952000000000000000e+03,1.952000000000000000e+03,1.952000000000000000e+03,1.952000000000000000e+03,1.952000000000000000e+03,1.952000000000000000e+03,1.952000000000000000e+03,1.952000000000000000e+03,1.952000000000000000e+03,1.952000000000000000e+03,1.952000000000000000e+03,1.952000000000000000e+03,1.952000000000000000e+03,1.952000000000000000e+03,1.952000000000000000e+03,1.952000000000000000e+03,1.952000000000000000e+03,1.952000000000000000e+03,1.952000000000000000e+03,1.952000000000000000e+03,1.952000000000000000e+03,1.952000000000000000e+03,1.952000000000000000e+03,1.952000000000000000e+03,1.952000000000000000e+03,1.952000000000000000e+03,1.952000000000000000e+03,1.952000000000000000e+03,1.952000000000000000e+03,1.952000000000000000e+03,1.952000000000000000e+03,1.952000000000000000e+03,1.952000000000000000e+03,1.952000000000000000e+03,1.952000000000000000e+03,1.952000000000000000e+03,1.952000000000000000e+03,1.952000000000000000e+03,1.952000000000000000e+03,1.952000000000000000e+03,1.952000000000000000e+03,1.952000000000000000e+03,1.952000000000000000e+03,1.952000000000000000e+03,1.952000000000000000e+03,1.952000000000000000e+03,1.952000000000000000e+03,1.952000000000000000e+03,1.952000000000000000e+03,1.952000000000000000e+03,1.952000000000000000e+03,1.952000000000000000e+03,1.953000000000000000e+03,1.953000000000000000e+03,1.953000000000000000e+03,1.953000000000000000e+03,1.953000000000000000e+03,1.953000000000000000e+03,1.953000000000000000e+03,1.953000000000000000e+03,1.953000000000000000e+03,1.953000000000000000e+03,1.953000000000000000e+03,1.953000000000000000e+03,1.953000000000000000e+03,1.953000000000000000e+03,1.953000000000000000e+03,1.953000000000000000e+03,1.953000000000000000e+03,1.953000000000000000e+03,1.953000000000000000e+03,1.953000000000000000e+03,1.953000000000000000e+03,1.953000000000000000e+03,1.953000000000000000e+03,1.953000000000000000e+03,1.953000000000000000e+03,1.953000000000000000e+03,1.953000000000000000e+03,1.953000000000000000e+03,1.953000000000000000e+03,1.953000000000000000e+03,1.953000000000000000e+03,1.953000000000000000e+03,1.953000000000000000e+03,1.953000000000000000e+03,1.953000000000000000e+03,1.953000000000000000e+03,1.953000000000000000e+03,1.953000000000000000e+03,1.953000000000000000e+03,1.953000000000000000e+03,1.953000000000000000e+03,1.953000000000000000e+03,1.953000000000000000e+03,1.953000000000000000e+03,1.953000000000000000e+03,1.953000000000000000e+03,1.953000000000000000e+03,1.953000000000000000e+03,1.953000000000000000e+03,1.953000000000000000e+03,1.953000000000000000e+03,1.953000000000000000e+03,1.953000000000000000e+03,1.953000000000000000e+03,1.953000000000000000e+03,1.953000000000000000e+03,1.953000000000000000e+03,1.953000000000000000e+03,1.953000000000000000e+03,1.953000000000000000e+03,1.953000000000000000e+03,1.953000000000000000e+03,1.953000000000000000e+03,1.953000000000000000e+03,1.953000000000000000e+03,1.953000000000000000e+03,1.953000000000000000e+03,1.953000000000000000e+03,1.953000000000000000e+03,1.953000000000000000e+03,1.953000000000000000e+03,1.953000000000000000e+03,1.953000000000000000e+03,1.953000000000000000e+03,1.953000000000000000e+03,1.953000000000000000e+03,1.953000000000000000e+03,1.953000000000000000e+03,1.953000000000000000e+03,1.953000000000000000e+03,1.953000000000000000e+03,1.953000000000000000e+03,1.953000000000000000e+03,1.953000000000000000e+03,1.953000000000000000e+03,1.953000000000000000e+03,1.953000000000000000e+03,1.953000000000000000e+03,1.953000000000000000e+03,1.953000000000000000e+03,1.953000000000000000e+03,1.953000000000000000e+03,1.953000000000000000e+03,1.953000000000000000e+03,1.953000000000000000e+03,1.953000000000000000e+03,1.953000000000000000e+03,1.953000000000000000e+03,1.953000000000000000e+03,1.953000000000000000e+03,1.953000000000000000e+03,1.953000000000000000e+03,1.953000000000000000e+03,1.953000000000000000e+03,1.953000000000000000e+03,1.953000000000000000e+03,1.953000000000000000e+03,1.953000000000000000e+03,1.953000000000000000e+03,1.953000000000000000e+03,1.953000000000000000e+03,1.953000000000000000e+03,1.953000000000000000e+03,1.953000000000000000e+03,1.953000000000000000e+03,1.953000000000000000e+03,1.953000000000000000e+03,1.953000000000000000e+03,1.953000000000000000e+03,1.953000000000000000e+03,1.953000000000000000e+03,1.953000000000000000e+03,1.953000000000000000e+03,1.953000000000000000e+03,1.953000000000000000e+03,1.953000000000000000e+03,1.953000000000000000e+03,1.953000000000000000e+03,1.953000000000000000e+03,1.953000000000000000e+03,1.953000000000000000e+03,1.953000000000000000e+03,1.954000000000000000e+03,1.954000000000000000e+03,1.954000000000000000e+03,1.954000000000000000e+03,1.954000000000000000e+03,1.954000000000000000e+03,1.954000000000000000e+03,1.954000000000000000e+03,1.954000000000000000e+03,1.954000000000000000e+03,1.954000000000000000e+03,1.954000000000000000e+03,1.954000000000000000e+03,1.954000000000000000e+03,1.954000000000000000e+03,1.954000000000000000e+03,1.954000000000000000e+03,1.954000000000000000e+03,1.954000000000000000e+03,1.954000000000000000e+03,1.954000000000000000e+03,1.954000000000000000e+03,1.954000000000000000e+03,1.954000000000000000e+03,1.954000000000000000e+03,1.954000000000000000e+03,1.954000000000000000e+03,1.954000000000000000e+03,1.954000000000000000e+03,1.954000000000000000e+03,1.954000000000000000e+03,1.954000000000000000e+03,1.954000000000000000e+03,1.954000000000000000e+03,1.954000000000000000e+03,1.954000000000000000e+03,1.954000000000000000e+03,1.954000000000000000e+03,1.954000000000000000e+03,1.954000000000000000e+03,1.954000000000000000e+03,1.954000000000000000e+03,1.954000000000000000e+03,1.954000000000000000e+03,1.954000000000000000e+03,1.954000000000000000e+03,1.954000000000000000e+03,1.954000000000000000e+03,1.954000000000000000e+03,1.954000000000000000e+03,1.954000000000000000e+03,1.954000000000000000e+03,1.954000000000000000e+03,1.954000000000000000e+03,1.954000000000000000e+03,1.954000000000000000e+03,1.954000000000000000e+03,1.954000000000000000e+03,1.954000000000000000e+03,1.954000000000000000e+03,1.954000000000000000e+03,1.954000000000000000e+03,1.954000000000000000e+03,1.954000000000000000e+03,1.954000000000000000e+03,1.954000000000000000e+03,1.954000000000000000e+03,1.954000000000000000e+03,1.954000000000000000e+03,1.954000000000000000e+03,1.954000000000000000e+03,1.954000000000000000e+03,1.954000000000000000e+03,1.954000000000000000e+03,1.954000000000000000e+03,1.954000000000000000e+03,1.954000000000000000e+03,1.954000000000000000e+03,1.954000000000000000e+03,1.954000000000000000e+03,1.954000000000000000e+03,1.954000000000000000e+03,1.954000000000000000e+03,1.954000000000000000e+03,1.954000000000000000e+03,1.954000000000000000e+03,1.954000000000000000e+03,1.954000000000000000e+03,1.954000000000000000e+03,1.954000000000000000e+03,1.954000000000000000e+03,1.954000000000000000e+03,1.954000000000000000e+03,1.954000000000000000e+03,1.954000000000000000e+03,1.954000000000000000e+03,1.954000000000000000e+03,1.954000000000000000e+03,1.954000000000000000e+03,1.954000000000000000e+03,1.954000000000000000e+03,1.954000000000000000e+03,1.954000000000000000e+03,1.954000000000000000e+03,1.954000000000000000e+03,1.954000000000000000e+03,1.954000000000000000e+03,1.954000000000000000e+03,1.954000000000000000e+03,1.954000000000000000e+03,1.954000000000000000e+03,1.954000000000000000e+03,1.954000000000000000e+03,1.954000000000000000e+03,1.954000000000000000e+03,1.954000000000000000e+03,1.954000000000000000e+03,1.954000000000000000e+03,1.954000000000000000e+03,1.954000000000000000e+03,1.954000000000000000e+03,1.954000000000000000e+03,1.954000000000000000e+03,1.954000000000000000e+03,1.954000000000000000e+03,1.954000000000000000e+03,1.954000000000000000e+03,1.954000000000000000e+03,1.954000000000000000e+03,1.954000000000000000e+03,1.954000000000000000e+03,1.954000000000000000e+03,1.955000000000000000e+03,1.955000000000000000e+03,1.955000000000000000e+03,1.955000000000000000e+03,1.955000000000000000e+03,1.955000000000000000e+03,1.955000000000000000e+03,1.955000000000000000e+03,1.955000000000000000e+03,1.955000000000000000e+03,1.955000000000000000e+03,1.955000000000000000e+03,1.955000000000000000e+03,1.955000000000000000e+03,1.955000000000000000e+03,1.955000000000000000e+03,1.955000000000000000e+03,1.955000000000000000e+03,1.955000000000000000e+03,1.955000000000000000e+03,1.955000000000000000e+03,1.955000000000000000e+03,1.955000000000000000e+03,1.955000000000000000e+03,1.955000000000000000e+03,1.955000000000000000e+03,1.955000000000000000e+03,1.955000000000000000e+03,1.955000000000000000e+03,1.955000000000000000e+03,1.955000000000000000e+03,1.955000000000000000e+03,1.955000000000000000e+03,1.955000000000000000e+03,1.955000000000000000e+03,1.955000000000000000e+03,1.955000000000000000e+03,1.955000000000000000e+03,1.955000000000000000e+03,1.955000000000000000e+03,1.955000000000000000e+03,1.955000000000000000e+03,1.955000000000000000e+03,1.955000000000000000e+03,1.955000000000000000e+03,1.955000000000000000e+03,1.955000000000000000e+03,1.955000000000000000e+03,1.955000000000000000e+03,1.955000000000000000e+03,1.955000000000000000e+03,1.955000000000000000e+03,1.955000000000000000e+03,1.955000000000000000e+03,1.955000000000000000e+03,1.955000000000000000e+03,1.955000000000000000e+03,1.955000000000000000e+03,1.955000000000000000e+03,1.955000000000000000e+03,1.955000000000000000e+03,1.955000000000000000e+03,1.955000000000000000e+03,1.955000000000000000e+03,1.955000000000000000e+03,1.955000000000000000e+03,1.955000000000000000e+03,1.955000000000000000e+03,1.955000000000000000e+03,1.955000000000000000e+03,1.955000000000000000e+03,1.955000000000000000e+03,1.955000000000000000e+03,1.955000000000000000e+03,1.955000000000000000e+03,1.955000000000000000e+03,1.955000000000000000e+03,1.955000000000000000e+03,1.955000000000000000e+03,1.955000000000000000e+03,1.955000000000000000e+03,1.955000000000000000e+03,1.955000000000000000e+03,1.955000000000000000e+03,1.955000000000000000e+03,1.955000000000000000e+03,1.955000000000000000e+03,1.955000000000000000e+03,1.955000000000000000e+03,1.955000000000000000e+03,1.955000000000000000e+03,1.955000000000000000e+03,1.955000000000000000e+03,1.955000000000000000e+03,1.955000000000000000e+03,1.955000000000000000e+03,1.955000000000000000e+03,1.955000000000000000e+03,1.955000000000000000e+03,1.955000000000000000e+03,1.955000000000000000e+03,1.955000000000000000e+03,1.955000000000000000e+03,1.955000000000000000e+03,1.955000000000000000e+03,1.955000000000000000e+03,1.955000000000000000e+03,1.955000000000000000e+03,1.955000000000000000e+03,1.955000000000000000e+03,1.955000000000000000e+03,1.955000000000000000e+03,1.955000000000000000e+03,1.955000000000000000e+03,1.955000000000000000e+03,1.955000000000000000e+03,1.955000000000000000e+03,1.955000000000000000e+03,1.955000000000000000e+03,1.955000000000000000e+03,1.955000000000000000e+03,1.955000000000000000e+03,1.955000000000000000e+03,1.955000000000000000e+03,1.955000000000000000e+03,1.955000000000000000e+03,1.955000000000000000e+03,1.955000000000000000e+03,1.955000000000000000e+03,1.955000000000000000e+03,1.955000000000000000e+03,1.955000000000000000e+03,1.955000000000000000e+03,1.956000000000000000e+03,1.956000000000000000e+03,1.956000000000000000e+03,1.956000000000000000e+03,1.956000000000000000e+03,1.956000000000000000e+03,1.956000000000000000e+03,1.956000000000000000e+03,1.956000000000000000e+03,1.956000000000000000e+03,1.956000000000000000e+03,1.956000000000000000e+03,1.956000000000000000e+03,1.956000000000000000e+03,1.956000000000000000e+03,1.956000000000000000e+03,1.956000000000000000e+03,1.956000000000000000e+03,1.956000000000000000e+03,1.956000000000000000e+03,1.956000000000000000e+03,1.956000000000000000e+03,1.956000000000000000e+03,1.956000000000000000e+03,1.956000000000000000e+03,1.956000000000000000e+03,1.956000000000000000e+03,1.956000000000000000e+03,1.956000000000000000e+03,1.956000000000000000e+03,1.956000000000000000e+03,1.956000000000000000e+03,1.956000000000000000e+03,1.956000000000000000e+03,1.956000000000000000e+03,1.956000000000000000e+03,1.956000000000000000e+03,1.956000000000000000e+03,1.956000000000000000e+03,1.956000000000000000e+03,1.956000000000000000e+03,1.956000000000000000e+03,1.956000000000000000e+03,1.956000000000000000e+03,1.956000000000000000e+03,1.956000000000000000e+03,1.956000000000000000e+03,1.956000000000000000e+03,1.956000000000000000e+03,1.956000000000000000e+03,1.956000000000000000e+03,1.956000000000000000e+03,1.956000000000000000e+03,1.956000000000000000e+03,1.956000000000000000e+03,1.956000000000000000e+03,1.956000000000000000e+03,1.956000000000000000e+03,1.956000000000000000e+03,1.956000000000000000e+03,1.956000000000000000e+03,1.956000000000000000e+03,1.956000000000000000e+03,1.956000000000000000e+03,1.956000000000000000e+03,1.956000000000000000e+03,1.956000000000000000e+03,1.956000000000000000e+03,1.956000000000000000e+03,1.956000000000000000e+03,1.956000000000000000e+03,1.956000000000000000e+03,1.956000000000000000e+03,1.956000000000000000e+03,1.956000000000000000e+03,1.956000000000000000e+03,1.956000000000000000e+03,1.956000000000000000e+03,1.956000000000000000e+03,1.956000000000000000e+03,1.956000000000000000e+03,1.956000000000000000e+03,1.956000000000000000e+03,1.956000000000000000e+03,1.956000000000000000e+03,1.956000000000000000e+03,1.956000000000000000e+03,1.956000000000000000e+03,1.956000000000000000e+03,1.956000000000000000e+03,1.956000000000000000e+03,1.956000000000000000e+03,1.956000000000000000e+03,1.956000000000000000e+03,1.956000000000000000e+03,1.956000000000000000e+03,1.956000000000000000e+03,1.956000000000000000e+03,1.956000000000000000e+03,1.956000000000000000e+03,1.956000000000000000e+03,1.956000000000000000e+03,1.956000000000000000e+03,1.956000000000000000e+03,1.956000000000000000e+03,1.956000000000000000e+03,1.956000000000000000e+03,1.956000000000000000e+03,1.956000000000000000e+03,1.956000000000000000e+03,1.956000000000000000e+03,1.956000000000000000e+03,1.956000000000000000e+03,1.956000000000000000e+03,1.956000000000000000e+03,1.956000000000000000e+03,1.956000000000000000e+03,1.956000000000000000e+03,1.956000000000000000e+03,1.956000000000000000e+03,1.956000000000000000e+03,1.956000000000000000e+03,1.956000000000000000e+03,1.956000000000000000e+03,1.956000000000000000e+03,1.956000000000000000e+03,1.956000000000000000e+03,1.956000000000000000e+03,1.956000000000000000e+03,1.956000000000000000e+03,1.956000000000000000e+03,1.956000000000000000e+03,1.956000000000000000e+03,1.957000000000000000e+03,1.957000000000000000e+03,1.957000000000000000e+03,1.957000000000000000e+03,1.957000000000000000e+03,1.957000000000000000e+03,1.957000000000000000e+03,1.957000000000000000e+03,1.957000000000000000e+03,1.957000000000000000e+03,1.957000000000000000e+03,1.957000000000000000e+03,1.957000000000000000e+03,1.957000000000000000e+03,1.957000000000000000e+03,1.957000000000000000e+03,1.957000000000000000e+03,1.957000000000000000e+03,1.957000000000000000e+03,1.957000000000000000e+03,1.957000000000000000e+03,1.957000000000000000e+03,1.957000000000000000e+03,1.957000000000000000e+03,1.957000000000000000e+03,1.957000000000000000e+03,1.957000000000000000e+03,1.957000000000000000e+03,1.957000000000000000e+03,1.957000000000000000e+03,1.957000000000000000e+03,1.957000000000000000e+03,1.957000000000000000e+03,1.957000000000000000e+03,1.957000000000000000e+03,1.957000000000000000e+03,1.957000000000000000e+03,1.957000000000000000e+03,1.957000000000000000e+03,1.957000000000000000e+03,1.957000000000000000e+03,1.957000000000000000e+03,1.957000000000000000e+03,1.957000000000000000e+03,1.957000000000000000e+03,1.957000000000000000e+03,1.957000000000000000e+03,1.957000000000000000e+03,1.957000000000000000e+03,1.957000000000000000e+03,1.957000000000000000e+03,1.957000000000000000e+03,1.957000000000000000e+03,1.957000000000000000e+03,1.957000000000000000e+03,1.957000000000000000e+03,1.957000000000000000e+03,1.957000000000000000e+03,1.957000000000000000e+03,1.957000000000000000e+03,1.957000000000000000e+03,1.957000000000000000e+03,1.957000000000000000e+03,1.957000000000000000e+03,1.957000000000000000e+03,1.957000000000000000e+03,1.957000000000000000e+03,1.957000000000000000e+03,1.957000000000000000e+03,1.957000000000000000e+03,1.957000000000000000e+03,1.957000000000000000e+03,1.957000000000000000e+03,1.957000000000000000e+03,1.957000000000000000e+03,1.957000000000000000e+03,1.957000000000000000e+03,1.957000000000000000e+03,1.957000000000000000e+03,1.957000000000000000e+03,1.957000000000000000e+03,1.957000000000000000e+03,1.957000000000000000e+03,1.957000000000000000e+03,1.957000000000000000e+03,1.957000000000000000e+03,1.957000000000000000e+03,1.957000000000000000e+03,1.957000000000000000e+03,1.957000000000000000e+03,1.957000000000000000e+03,1.957000000000000000e+03,1.957000000000000000e+03,1.957000000000000000e+03,1.957000000000000000e+03,1.957000000000000000e+03,1.957000000000000000e+03,1.957000000000000000e+03,1.957000000000000000e+03,1.957000000000000000e+03,1.957000000000000000e+03,1.957000000000000000e+03,1.957000000000000000e+03,1.957000000000000000e+03,1.957000000000000000e+03,1.957000000000000000e+03,1.957000000000000000e+03,1.957000000000000000e+03,1.957000000000000000e+03,1.957000000000000000e+03,1.957000000000000000e+03,1.957000000000000000e+03,1.957000000000000000e+03,1.957000000000000000e+03,1.957000000000000000e+03,1.957000000000000000e+03,1.957000000000000000e+03,1.957000000000000000e+03,1.957000000000000000e+03,1.957000000000000000e+03,1.957000000000000000e+03,1.957000000000000000e+03,1.957000000000000000e+03,1.957000000000000000e+03,1.957000000000000000e+03,1.957000000000000000e+03,1.957000000000000000e+03,1.957000000000000000e+03,1.957000000000000000e+03,1.957000000000000000e+03,1.957000000000000000e+03,1.957000000000000000e+03,1.957000000000000000e+03,1.957000000000000000e+03,1.958000000000000000e+03,1.958000000000000000e+03,1.958000000000000000e+03,1.958000000000000000e+03,1.958000000000000000e+03,1.958000000000000000e+03,1.958000000000000000e+03,1.958000000000000000e+03,1.958000000000000000e+03,1.958000000000000000e+03,1.958000000000000000e+03,1.958000000000000000e+03,1.958000000000000000e+03,1.958000000000000000e+03,1.958000000000000000e+03,1.958000000000000000e+03,1.958000000000000000e+03,1.958000000000000000e+03,1.958000000000000000e+03,1.958000000000000000e+03,1.958000000000000000e+03,1.958000000000000000e+03,1.958000000000000000e+03,1.958000000000000000e+03,1.958000000000000000e+03,1.958000000000000000e+03,1.958000000000000000e+03,1.958000000000000000e+03,1.958000000000000000e+03,1.958000000000000000e+03,1.958000000000000000e+03,1.958000000000000000e+03,1.958000000000000000e+03,1.958000000000000000e+03,1.958000000000000000e+03,1.958000000000000000e+03,1.958000000000000000e+03,1.958000000000000000e+03,1.958000000000000000e+03,1.958000000000000000e+03,1.958000000000000000e+03,1.958000000000000000e+03,1.958000000000000000e+03,1.958000000000000000e+03,1.958000000000000000e+03,1.958000000000000000e+03,1.958000000000000000e+03,1.958000000000000000e+03,1.958000000000000000e+03,1.958000000000000000e+03,1.958000000000000000e+03,1.958000000000000000e+03,1.958000000000000000e+03,1.958000000000000000e+03,1.958000000000000000e+03,1.958000000000000000e+03,1.958000000000000000e+03,1.958000000000000000e+03,1.958000000000000000e+03,1.958000000000000000e+03,1.958000000000000000e+03,1.958000000000000000e+03,1.958000000000000000e+03,1.958000000000000000e+03,1.958000000000000000e+03,1.958000000000000000e+03,1.958000000000000000e+03,1.958000000000000000e+03,1.958000000000000000e+03,1.958000000000000000e+03,1.958000000000000000e+03,1.958000000000000000e+03,1.958000000000000000e+03,1.958000000000000000e+03,1.958000000000000000e+03,1.958000000000000000e+03,1.958000000000000000e+03,1.958000000000000000e+03,1.958000000000000000e+03,1.958000000000000000e+03,1.958000000000000000e+03,1.958000000000000000e+03,1.958000000000000000e+03,1.958000000000000000e+03,1.958000000000000000e+03,1.958000000000000000e+03,1.958000000000000000e+03,1.958000000000000000e+03,1.958000000000000000e+03,1.958000000000000000e+03,1.958000000000000000e+03,1.958000000000000000e+03,1.958000000000000000e+03,1.958000000000000000e+03,1.958000000000000000e+03,1.958000000000000000e+03,1.958000000000000000e+03,1.958000000000000000e+03,1.958000000000000000e+03,1.958000000000000000e+03,1.958000000000000000e+03,1.958000000000000000e+03,1.958000000000000000e+03,1.958000000000000000e+03,1.958000000000000000e+03,1.958000000000000000e+03,1.958000000000000000e+03,1.958000000000000000e+03,1.958000000000000000e+03,1.958000000000000000e+03,1.958000000000000000e+03,1.958000000000000000e+03,1.958000000000000000e+03,1.958000000000000000e+03,1.958000000000000000e+03,1.958000000000000000e+03,1.958000000000000000e+03,1.958000000000000000e+03,1.958000000000000000e+03,1.958000000000000000e+03,1.958000000000000000e+03,1.958000000000000000e+03,1.958000000000000000e+03,1.958000000000000000e+03,1.958000000000000000e+03,1.958000000000000000e+03,1.958000000000000000e+03,1.958000000000000000e+03,1.958000000000000000e+03,1.958000000000000000e+03,1.958000000000000000e+03,1.958000000000000000e+03,1.958000000000000000e+03,1.958000000000000000e+03,1.959000000000000000e+03,1.959000000000000000e+03,1.959000000000000000e+03,1.959000000000000000e+03,1.959000000000000000e+03,1.959000000000000000e+03,1.959000000000000000e+03,1.959000000000000000e+03,1.959000000000000000e+03,1.959000000000000000e+03,1.959000000000000000e+03,1.959000000000000000e+03,1.959000000000000000e+03,1.959000000000000000e+03,1.959000000000000000e+03,1.959000000000000000e+03,1.959000000000000000e+03,1.959000000000000000e+03,1.959000000000000000e+03,1.959000000000000000e+03,1.959000000000000000e+03,1.959000000000000000e+03,1.959000000000000000e+03,1.959000000000000000e+03,1.959000000000000000e+03,1.959000000000000000e+03,1.959000000000000000e+03,1.959000000000000000e+03,1.959000000000000000e+03,1.959000000000000000e+03,1.959000000000000000e+03,1.959000000000000000e+03,1.959000000000000000e+03,1.959000000000000000e+03,1.959000000000000000e+03,1.959000000000000000e+03,1.959000000000000000e+03,1.959000000000000000e+03,1.959000000000000000e+03,1.959000000000000000e+03,1.959000000000000000e+03,1.959000000000000000e+03,1.959000000000000000e+03,1.959000000000000000e+03,1.959000000000000000e+03,1.959000000000000000e+03,1.959000000000000000e+03,1.959000000000000000e+03,1.959000000000000000e+03,1.959000000000000000e+03,1.959000000000000000e+03,1.959000000000000000e+03,1.959000000000000000e+03,1.959000000000000000e+03,1.959000000000000000e+03,1.959000000000000000e+03,1.959000000000000000e+03,1.959000000000000000e+03,1.959000000000000000e+03,1.959000000000000000e+03,1.959000000000000000e+03,1.959000000000000000e+03,1.959000000000000000e+03,1.959000000000000000e+03,1.959000000000000000e+03,1.959000000000000000e+03,1.959000000000000000e+03,1.959000000000000000e+03,1.959000000000000000e+03,1.959000000000000000e+03,1.959000000000000000e+03,1.959000000000000000e+03,1.959000000000000000e+03,1.959000000000000000e+03,1.959000000000000000e+03,1.959000000000000000e+03,1.959000000000000000e+03,1.959000000000000000e+03,1.959000000000000000e+03,1.959000000000000000e+03,1.959000000000000000e+03,1.959000000000000000e+03,1.959000000000000000e+03,1.959000000000000000e+03,1.959000000000000000e+03,1.959000000000000000e+03,1.959000000000000000e+03,1.959000000000000000e+03,1.959000000000000000e+03,1.959000000000000000e+03,1.959000000000000000e+03,1.959000000000000000e+03,1.959000000000000000e+03,1.959000000000000000e+03,1.959000000000000000e+03,1.959000000000000000e+03,1.959000000000000000e+03,1.959000000000000000e+03,1.959000000000000000e+03,1.959000000000000000e+03,1.959000000000000000e+03,1.959000000000000000e+03,1.959000000000000000e+03,1.959000000000000000e+03,1.959000000000000000e+03,1.959000000000000000e+03,1.959000000000000000e+03,1.959000000000000000e+03,1.959000000000000000e+03,1.959000000000000000e+03,1.959000000000000000e+03,1.959000000000000000e+03,1.959000000000000000e+03,1.959000000000000000e+03,1.959000000000000000e+03,1.959000000000000000e+03,1.959000000000000000e+03,1.959000000000000000e+03,1.959000000000000000e+03,1.959000000000000000e+03,1.959000000000000000e+03,1.959000000000000000e+03,1.959000000000000000e+03,1.959000000000000000e+03,1.959000000000000000e+03,1.959000000000000000e+03,1.959000000000000000e+03,1.959000000000000000e+03,1.959000000000000000e+03,1.959000000000000000e+03,1.959000000000000000e+03,1.959000000000000000e+03,1.959000000000000000e+03,1.959000000000000000e+03,1.960000000000000000e+03,1.960000000000000000e+03,1.960000000000000000e+03,1.960000000000000000e+03,1.960000000000000000e+03,1.960000000000000000e+03,1.960000000000000000e+03,1.960000000000000000e+03,1.960000000000000000e+03,1.960000000000000000e+03,1.960000000000000000e+03,1.960000000000000000e+03,1.960000000000000000e+03,1.960000000000000000e+03,1.960000000000000000e+03,1.960000000000000000e+03,1.960000000000000000e+03,1.960000000000000000e+03,1.960000000000000000e+03,1.960000000000000000e+03,1.960000000000000000e+03,1.960000000000000000e+03,1.960000000000000000e+03,1.960000000000000000e+03,1.960000000000000000e+03,1.960000000000000000e+03,1.960000000000000000e+03,1.960000000000000000e+03,1.960000000000000000e+03,1.960000000000000000e+03,1.960000000000000000e+03,1.960000000000000000e+03,1.960000000000000000e+03,1.960000000000000000e+03,1.960000000000000000e+03,1.960000000000000000e+03,1.960000000000000000e+03,1.960000000000000000e+03,1.960000000000000000e+03,1.960000000000000000e+03,1.960000000000000000e+03,1.960000000000000000e+03,1.960000000000000000e+03,1.960000000000000000e+03,1.960000000000000000e+03,1.960000000000000000e+03,1.960000000000000000e+03,1.960000000000000000e+03,1.960000000000000000e+03,1.960000000000000000e+03,1.960000000000000000e+03,1.960000000000000000e+03,1.960000000000000000e+03,1.960000000000000000e+03,1.960000000000000000e+03,1.960000000000000000e+03,1.960000000000000000e+03,1.960000000000000000e+03,1.960000000000000000e+03,1.960000000000000000e+03,1.960000000000000000e+03,1.960000000000000000e+03,1.960000000000000000e+03,1.960000000000000000e+03,1.960000000000000000e+03,1.960000000000000000e+03,1.960000000000000000e+03,1.960000000000000000e+03,1.960000000000000000e+03,1.960000000000000000e+03,1.960000000000000000e+03,1.960000000000000000e+03,1.960000000000000000e+03,1.960000000000000000e+03,1.960000000000000000e+03,1.960000000000000000e+03,1.960000000000000000e+03,1.960000000000000000e+03,1.960000000000000000e+03,1.960000000000000000e+03,1.960000000000000000e+03,1.960000000000000000e+03,1.960000000000000000e+03,1.960000000000000000e+03,1.960000000000000000e+03,1.960000000000000000e+03,1.960000000000000000e+03,1.960000000000000000e+03,1.960000000000000000e+03,1.960000000000000000e+03,1.960000000000000000e+03,1.960000000000000000e+03,1.960000000000000000e+03,1.960000000000000000e+03,1.960000000000000000e+03,1.960000000000000000e+03,1.960000000000000000e+03,1.960000000000000000e+03,1.960000000000000000e+03,1.960000000000000000e+03,1.960000000000000000e+03,1.960000000000000000e+03,1.960000000000000000e+03,1.960000000000000000e+03,1.960000000000000000e+03,1.960000000000000000e+03,1.960000000000000000e+03,1.960000000000000000e+03,1.960000000000000000e+03,1.960000000000000000e+03,1.960000000000000000e+03,1.960000000000000000e+03,1.960000000000000000e+03,1.960000000000000000e+03,1.960000000000000000e+03,1.960000000000000000e+03,1.960000000000000000e+03,1.960000000000000000e+03,1.960000000000000000e+03,1.960000000000000000e+03,1.960000000000000000e+03,1.960000000000000000e+03,1.960000000000000000e+03,1.960000000000000000e+03,1.960000000000000000e+03,1.960000000000000000e+03,1.960000000000000000e+03,1.960000000000000000e+03,1.960000000000000000e+03,1.960000000000000000e+03,1.960000000000000000e+03,1.960000000000000000e+03,1.960000000000000000e+03,1.960000000000000000e+03,1.960000000000000000e+03,1.961000000000000000e+03,1.961000000000000000e+03,1.961000000000000000e+03,1.961000000000000000e+03,1.961000000000000000e+03,1.961000000000000000e+03,1.961000000000000000e+03,1.961000000000000000e+03,1.961000000000000000e+03,1.961000000000000000e+03,1.961000000000000000e+03,1.961000000000000000e+03,1.961000000000000000e+03,1.961000000000000000e+03,1.961000000000000000e+03,1.961000000000000000e+03,1.961000000000000000e+03,1.961000000000000000e+03,1.961000000000000000e+03,1.961000000000000000e+03,1.961000000000000000e+03,1.961000000000000000e+03,1.961000000000000000e+03,1.961000000000000000e+03,1.961000000000000000e+03,1.961000000000000000e+03,1.961000000000000000e+03,1.961000000000000000e+03,1.961000000000000000e+03,1.961000000000000000e+03,1.961000000000000000e+03,1.961000000000000000e+03,1.961000000000000000e+03,1.961000000000000000e+03,1.961000000000000000e+03,1.961000000000000000e+03,1.961000000000000000e+03,1.961000000000000000e+03,1.961000000000000000e+03,1.961000000000000000e+03,1.961000000000000000e+03,1.961000000000000000e+03,1.961000000000000000e+03,1.961000000000000000e+03,1.961000000000000000e+03,1.961000000000000000e+03,1.961000000000000000e+03,1.961000000000000000e+03,1.961000000000000000e+03,1.961000000000000000e+03,1.961000000000000000e+03,1.961000000000000000e+03,1.961000000000000000e+03,1.961000000000000000e+03,1.961000000000000000e+03,1.961000000000000000e+03,1.961000000000000000e+03,1.961000000000000000e+03,1.961000000000000000e+03,1.961000000000000000e+03,1.961000000000000000e+03,1.961000000000000000e+03,1.961000000000000000e+03,1.961000000000000000e+03,1.961000000000000000e+03,1.961000000000000000e+03,1.961000000000000000e+03,1.961000000000000000e+03,1.961000000000000000e+03,1.961000000000000000e+03,1.961000000000000000e+03,1.961000000000000000e+03,1.961000000000000000e+03,1.961000000000000000e+03,1.961000000000000000e+03,1.961000000000000000e+03,1.961000000000000000e+03,1.961000000000000000e+03,1.961000000000000000e+03,1.961000000000000000e+03,1.961000000000000000e+03,1.961000000000000000e+03,1.961000000000000000e+03,1.961000000000000000e+03,1.961000000000000000e+03,1.961000000000000000e+03,1.961000000000000000e+03,1.961000000000000000e+03,1.961000000000000000e+03,1.961000000000000000e+03,1.961000000000000000e+03,1.961000000000000000e+03,1.961000000000000000e+03,1.961000000000000000e+03,1.961000000000000000e+03,1.961000000000000000e+03,1.961000000000000000e+03,1.961000000000000000e+03,1.961000000000000000e+03,1.961000000000000000e+03,1.961000000000000000e+03,1.961000000000000000e+03,1.961000000000000000e+03,1.961000000000000000e+03,1.961000000000000000e+03,1.961000000000000000e+03,1.961000000000000000e+03,1.961000000000000000e+03,1.961000000000000000e+03,1.961000000000000000e+03,1.961000000000000000e+03,1.961000000000000000e+03,1.961000000000000000e+03,1.961000000000000000e+03,1.961000000000000000e+03,1.961000000000000000e+03,1.961000000000000000e+03,1.961000000000000000e+03,1.961000000000000000e+03,1.961000000000000000e+03,1.961000000000000000e+03,1.961000000000000000e+03,1.961000000000000000e+03,1.961000000000000000e+03,1.961000000000000000e+03,1.961000000000000000e+03,1.961000000000000000e+03,1.961000000000000000e+03,1.961000000000000000e+03,1.961000000000000000e+03,1.961000000000000000e+03,1.961000000000000000e+03,1.961000000000000000e+03,1.961000000000000000e+03,1.961000000000000000e+03,1.962000000000000000e+03,1.962000000000000000e+03,1.962000000000000000e+03,1.962000000000000000e+03,1.962000000000000000e+03,1.962000000000000000e+03,1.962000000000000000e+03,1.962000000000000000e+03,1.962000000000000000e+03,1.962000000000000000e+03,1.962000000000000000e+03,1.962000000000000000e+03,1.962000000000000000e+03,1.962000000000000000e+03,1.962000000000000000e+03,1.962000000000000000e+03,1.962000000000000000e+03,1.962000000000000000e+03,1.962000000000000000e+03,1.962000000000000000e+03,1.962000000000000000e+03,1.962000000000000000e+03,1.962000000000000000e+03,1.962000000000000000e+03,1.962000000000000000e+03,1.962000000000000000e+03,1.962000000000000000e+03,1.962000000000000000e+03,1.962000000000000000e+03,1.962000000000000000e+03,1.962000000000000000e+03,1.962000000000000000e+03,1.962000000000000000e+03,1.962000000000000000e+03,1.962000000000000000e+03,1.962000000000000000e+03,1.962000000000000000e+03,1.962000000000000000e+03,1.962000000000000000e+03,1.962000000000000000e+03,1.962000000000000000e+03,1.962000000000000000e+03,1.962000000000000000e+03,1.962000000000000000e+03,1.962000000000000000e+03,1.962000000000000000e+03,1.962000000000000000e+03,1.962000000000000000e+03,1.962000000000000000e+03,1.962000000000000000e+03,1.962000000000000000e+03,1.962000000000000000e+03,1.962000000000000000e+03,1.962000000000000000e+03,1.962000000000000000e+03,1.962000000000000000e+03,1.962000000000000000e+03,1.962000000000000000e+03,1.962000000000000000e+03,1.962000000000000000e+03,1.962000000000000000e+03,1.962000000000000000e+03,1.962000000000000000e+03,1.962000000000000000e+03,1.962000000000000000e+03,1.962000000000000000e+03,1.962000000000000000e+03,1.962000000000000000e+03,1.962000000000000000e+03,1.962000000000000000e+03,1.962000000000000000e+03,1.962000000000000000e+03,1.962000000000000000e+03,1.962000000000000000e+03,1.962000000000000000e+03,1.962000000000000000e+03,1.962000000000000000e+03,1.962000000000000000e+03,1.962000000000000000e+03,1.962000000000000000e+03,1.962000000000000000e+03,1.962000000000000000e+03,1.962000000000000000e+03,1.962000000000000000e+03,1.962000000000000000e+03,1.962000000000000000e+03,1.962000000000000000e+03,1.962000000000000000e+03,1.962000000000000000e+03,1.962000000000000000e+03,1.962000000000000000e+03,1.962000000000000000e+03,1.962000000000000000e+03,1.962000000000000000e+03,1.962000000000000000e+03,1.962000000000000000e+03,1.962000000000000000e+03,1.962000000000000000e+03,1.962000000000000000e+03,1.962000000000000000e+03,1.962000000000000000e+03,1.962000000000000000e+03,1.962000000000000000e+03,1.962000000000000000e+03,1.962000000000000000e+03,1.962000000000000000e+03,1.962000000000000000e+03,1.962000000000000000e+03,1.962000000000000000e+03,1.962000000000000000e+03,1.962000000000000000e+03,1.962000000000000000e+03,1.962000000000000000e+03,1.962000000000000000e+03,1.962000000000000000e+03,1.962000000000000000e+03,1.962000000000000000e+03,1.962000000000000000e+03,1.962000000000000000e+03,1.962000000000000000e+03,1.962000000000000000e+03,1.962000000000000000e+03,1.962000000000000000e+03,1.962000000000000000e+03,1.962000000000000000e+03,1.962000000000000000e+03,1.962000000000000000e+03,1.962000000000000000e+03,1.962000000000000000e+03,1.962000000000000000e+03,1.962000000000000000e+03,1.962000000000000000e+03,1.962000000000000000e+03,1.962000000000000000e+03,1.962000000000000000e+03,1.963000000000000000e+03,1.963000000000000000e+03,1.963000000000000000e+03,1.963000000000000000e+03,1.963000000000000000e+03,1.963000000000000000e+03,1.963000000000000000e+03,1.963000000000000000e+03,1.963000000000000000e+03,1.963000000000000000e+03,1.963000000000000000e+03,1.963000000000000000e+03,1.963000000000000000e+03,1.963000000000000000e+03,1.963000000000000000e+03,1.963000000000000000e+03,1.963000000000000000e+03,1.963000000000000000e+03,1.963000000000000000e+03,1.963000000000000000e+03,1.963000000000000000e+03,1.963000000000000000e+03,1.963000000000000000e+03,1.963000000000000000e+03,1.963000000000000000e+03,1.963000000000000000e+03,1.963000000000000000e+03,1.963000000000000000e+03,1.963000000000000000e+03,1.963000000000000000e+03,1.963000000000000000e+03,1.963000000000000000e+03,1.963000000000000000e+03,1.963000000000000000e+03,1.963000000000000000e+03,1.963000000000000000e+03,1.963000000000000000e+03,1.963000000000000000e+03,1.963000000000000000e+03,1.963000000000000000e+03,1.963000000000000000e+03,1.963000000000000000e+03,1.963000000000000000e+03,1.963000000000000000e+03,1.963000000000000000e+03,1.963000000000000000e+03,1.963000000000000000e+03,1.963000000000000000e+03,1.963000000000000000e+03,1.963000000000000000e+03,1.963000000000000000e+03,1.963000000000000000e+03,1.963000000000000000e+03,1.963000000000000000e+03,1.963000000000000000e+03,1.963000000000000000e+03,1.963000000000000000e+03,1.963000000000000000e+03,1.963000000000000000e+03,1.963000000000000000e+03,1.963000000000000000e+03,1.963000000000000000e+03,1.963000000000000000e+03,1.963000000000000000e+03,1.963000000000000000e+03,1.963000000000000000e+03,1.963000000000000000e+03,1.963000000000000000e+03,1.963000000000000000e+03,1.963000000000000000e+03,1.963000000000000000e+03,1.963000000000000000e+03,1.963000000000000000e+03,1.963000000000000000e+03,1.963000000000000000e+03,1.963000000000000000e+03,1.963000000000000000e+03,1.963000000000000000e+03,1.963000000000000000e+03,1.963000000000000000e+03,1.963000000000000000e+03,1.963000000000000000e+03,1.963000000000000000e+03,1.963000000000000000e+03,1.963000000000000000e+03,1.963000000000000000e+03,1.963000000000000000e+03,1.963000000000000000e+03,1.963000000000000000e+03,1.963000000000000000e+03,1.963000000000000000e+03,1.963000000000000000e+03,1.963000000000000000e+03,1.963000000000000000e+03,1.963000000000000000e+03,1.963000000000000000e+03,1.963000000000000000e+03,1.963000000000000000e+03,1.963000000000000000e+03,1.963000000000000000e+03,1.963000000000000000e+03,1.963000000000000000e+03,1.963000000000000000e+03,1.963000000000000000e+03,1.963000000000000000e+03,1.963000000000000000e+03,1.963000000000000000e+03,1.963000000000000000e+03,1.963000000000000000e+03,1.963000000000000000e+03,1.963000000000000000e+03,1.963000000000000000e+03,1.963000000000000000e+03,1.963000000000000000e+03,1.963000000000000000e+03,1.963000000000000000e+03,1.963000000000000000e+03,1.963000000000000000e+03,1.963000000000000000e+03,1.963000000000000000e+03,1.963000000000000000e+03,1.963000000000000000e+03,1.963000000000000000e+03,1.963000000000000000e+03,1.963000000000000000e+03,1.963000000000000000e+03,1.963000000000000000e+03,1.963000000000000000e+03,1.963000000000000000e+03,1.963000000000000000e+03,1.963000000000000000e+03,1.963000000000000000e+03,1.963000000000000000e+03,1.963000000000000000e+03,1.963000000000000000e+03,1.963000000000000000e+03,1.964000000000000000e+03,1.964000000000000000e+03,1.964000000000000000e+03,1.964000000000000000e+03,1.964000000000000000e+03,1.964000000000000000e+03,1.964000000000000000e+03,1.964000000000000000e+03,1.964000000000000000e+03,1.964000000000000000e+03,1.964000000000000000e+03,1.964000000000000000e+03,1.964000000000000000e+03,1.964000000000000000e+03,1.964000000000000000e+03,1.964000000000000000e+03,1.964000000000000000e+03,1.964000000000000000e+03,1.964000000000000000e+03,1.964000000000000000e+03,1.964000000000000000e+03,1.964000000000000000e+03,1.964000000000000000e+03,1.964000000000000000e+03,1.964000000000000000e+03,1.964000000000000000e+03,1.964000000000000000e+03,1.964000000000000000e+03,1.964000000000000000e+03,1.964000000000000000e+03,1.964000000000000000e+03,1.964000000000000000e+03,1.964000000000000000e+03,1.964000000000000000e+03,1.964000000000000000e+03,1.964000000000000000e+03,1.964000000000000000e+03,1.964000000000000000e+03,1.964000000000000000e+03,1.964000000000000000e+03,1.964000000000000000e+03,1.964000000000000000e+03,1.964000000000000000e+03,1.964000000000000000e+03,1.964000000000000000e+03,1.964000000000000000e+03,1.964000000000000000e+03,1.964000000000000000e+03,1.964000000000000000e+03,1.964000000000000000e+03,1.964000000000000000e+03,1.964000000000000000e+03,1.964000000000000000e+03,1.964000000000000000e+03,1.964000000000000000e+03,1.964000000000000000e+03,1.964000000000000000e+03,1.964000000000000000e+03,1.964000000000000000e+03,1.964000000000000000e+03,1.964000000000000000e+03,1.964000000000000000e+03,1.964000000000000000e+03,1.964000000000000000e+03,1.964000000000000000e+03,1.964000000000000000e+03,1.964000000000000000e+03,1.964000000000000000e+03,1.964000000000000000e+03,1.964000000000000000e+03,1.964000000000000000e+03,1.964000000000000000e+03,1.964000000000000000e+03,1.964000000000000000e+03,1.964000000000000000e+03,1.964000000000000000e+03,1.964000000000000000e+03,1.964000000000000000e+03,1.964000000000000000e+03,1.964000000000000000e+03,1.964000000000000000e+03,1.964000000000000000e+03,1.964000000000000000e+03,1.964000000000000000e+03,1.964000000000000000e+03,1.964000000000000000e+03,1.964000000000000000e+03,1.964000000000000000e+03,1.964000000000000000e+03,1.964000000000000000e+03,1.964000000000000000e+03,1.964000000000000000e+03,1.964000000000000000e+03,1.964000000000000000e+03,1.964000000000000000e+03,1.964000000000000000e+03,1.964000000000000000e+03,1.964000000000000000e+03,1.964000000000000000e+03,1.964000000000000000e+03,1.964000000000000000e+03,1.964000000000000000e+03,1.964000000000000000e+03,1.964000000000000000e+03,1.964000000000000000e+03,1.964000000000000000e+03,1.964000000000000000e+03,1.964000000000000000e+03,1.964000000000000000e+03,1.964000000000000000e+03,1.964000000000000000e+03,1.964000000000000000e+03,1.964000000000000000e+03,1.964000000000000000e+03,1.964000000000000000e+03,1.964000000000000000e+03,1.964000000000000000e+03,1.964000000000000000e+03,1.964000000000000000e+03,1.964000000000000000e+03,1.964000000000000000e+03,1.964000000000000000e+03,1.964000000000000000e+03,1.964000000000000000e+03,1.964000000000000000e+03,1.964000000000000000e+03,1.964000000000000000e+03,1.964000000000000000e+03,1.964000000000000000e+03,1.964000000000000000e+03,1.964000000000000000e+03,1.964000000000000000e+03,1.964000000000000000e+03,1.964000000000000000e+03,1.964000000000000000e+03,1.964000000000000000e+03,1.965000000000000000e+03,1.965000000000000000e+03,1.965000000000000000e+03,1.965000000000000000e+03,1.965000000000000000e+03,1.965000000000000000e+03,1.965000000000000000e+03,1.965000000000000000e+03,1.965000000000000000e+03,1.965000000000000000e+03,1.965000000000000000e+03,1.965000000000000000e+03,1.965000000000000000e+03,1.965000000000000000e+03,1.965000000000000000e+03,1.965000000000000000e+03,1.965000000000000000e+03,1.965000000000000000e+03,1.965000000000000000e+03,1.965000000000000000e+03,1.965000000000000000e+03,1.965000000000000000e+03,1.965000000000000000e+03,1.965000000000000000e+03,1.965000000000000000e+03,1.965000000000000000e+03,1.965000000000000000e+03,1.965000000000000000e+03,1.965000000000000000e+03,1.965000000000000000e+03,1.965000000000000000e+03,1.965000000000000000e+03,1.965000000000000000e+03,1.965000000000000000e+03,1.965000000000000000e+03,1.965000000000000000e+03,1.965000000000000000e+03,1.965000000000000000e+03,1.965000000000000000e+03,1.965000000000000000e+03,1.965000000000000000e+03,1.965000000000000000e+03,1.965000000000000000e+03,1.965000000000000000e+03,1.965000000000000000e+03,1.965000000000000000e+03,1.965000000000000000e+03,1.965000000000000000e+03,1.965000000000000000e+03,1.965000000000000000e+03,1.965000000000000000e+03,1.965000000000000000e+03,1.965000000000000000e+03,1.965000000000000000e+03,1.965000000000000000e+03,1.965000000000000000e+03,1.965000000000000000e+03,1.965000000000000000e+03,1.965000000000000000e+03,1.965000000000000000e+03,1.965000000000000000e+03,1.965000000000000000e+03,1.965000000000000000e+03,1.965000000000000000e+03,1.965000000000000000e+03,1.965000000000000000e+03,1.965000000000000000e+03,1.965000000000000000e+03,1.965000000000000000e+03,1.965000000000000000e+03,1.965000000000000000e+03,1.965000000000000000e+03,1.965000000000000000e+03,1.965000000000000000e+03,1.965000000000000000e+03,1.965000000000000000e+03,1.965000000000000000e+03,1.965000000000000000e+03,1.965000000000000000e+03,1.965000000000000000e+03,1.965000000000000000e+03,1.965000000000000000e+03,1.965000000000000000e+03,1.965000000000000000e+03,1.965000000000000000e+03,1.965000000000000000e+03,1.965000000000000000e+03,1.965000000000000000e+03,1.965000000000000000e+03,1.965000000000000000e+03,1.965000000000000000e+03,1.965000000000000000e+03,1.965000000000000000e+03,1.965000000000000000e+03,1.965000000000000000e+03,1.965000000000000000e+03,1.965000000000000000e+03,1.965000000000000000e+03,1.965000000000000000e+03,1.965000000000000000e+03,1.965000000000000000e+03,1.965000000000000000e+03,1.965000000000000000e+03,1.965000000000000000e+03,1.965000000000000000e+03,1.965000000000000000e+03,1.965000000000000000e+03,1.965000000000000000e+03,1.965000000000000000e+03,1.965000000000000000e+03,1.965000000000000000e+03,1.965000000000000000e+03,1.965000000000000000e+03,1.965000000000000000e+03,1.965000000000000000e+03,1.965000000000000000e+03,1.965000000000000000e+03,1.965000000000000000e+03,1.965000000000000000e+03,1.965000000000000000e+03,1.965000000000000000e+03,1.965000000000000000e+03,1.965000000000000000e+03,1.965000000000000000e+03,1.965000000000000000e+03,1.965000000000000000e+03,1.965000000000000000e+03,1.965000000000000000e+03,1.965000000000000000e+03,1.965000000000000000e+03,1.965000000000000000e+03,1.965000000000000000e+03,1.965000000000000000e+03,1.965000000000000000e+03,1.965000000000000000e+03,1.965000000000000000e+03,1.966000000000000000e+03,1.966000000000000000e+03,1.966000000000000000e+03,1.966000000000000000e+03,1.966000000000000000e+03,1.966000000000000000e+03,1.966000000000000000e+03,1.966000000000000000e+03,1.966000000000000000e+03,1.966000000000000000e+03,1.966000000000000000e+03,1.966000000000000000e+03,1.966000000000000000e+03,1.966000000000000000e+03,1.966000000000000000e+03,1.966000000000000000e+03,1.966000000000000000e+03,1.966000000000000000e+03,1.966000000000000000e+03,1.966000000000000000e+03,1.966000000000000000e+03,1.966000000000000000e+03,1.966000000000000000e+03,1.966000000000000000e+03,1.966000000000000000e+03,1.966000000000000000e+03,1.966000000000000000e+03,1.966000000000000000e+03,1.966000000000000000e+03,1.966000000000000000e+03,1.966000000000000000e+03,1.966000000000000000e+03,1.966000000000000000e+03,1.966000000000000000e+03,1.966000000000000000e+03,1.966000000000000000e+03,1.966000000000000000e+03,1.966000000000000000e+03,1.966000000000000000e+03,1.966000000000000000e+03,1.966000000000000000e+03,1.966000000000000000e+03,1.966000000000000000e+03,1.966000000000000000e+03,1.966000000000000000e+03,1.966000000000000000e+03,1.966000000000000000e+03,1.966000000000000000e+03,1.966000000000000000e+03,1.966000000000000000e+03,1.966000000000000000e+03,1.966000000000000000e+03,1.966000000000000000e+03,1.966000000000000000e+03,1.966000000000000000e+03,1.966000000000000000e+03,1.966000000000000000e+03,1.966000000000000000e+03,1.966000000000000000e+03,1.966000000000000000e+03,1.966000000000000000e+03,1.966000000000000000e+03,1.966000000000000000e+03,1.966000000000000000e+03,1.966000000000000000e+03,1.966000000000000000e+03,1.966000000000000000e+03,1.966000000000000000e+03,1.966000000000000000e+03,1.966000000000000000e+03,1.966000000000000000e+03,1.966000000000000000e+03,1.966000000000000000e+03,1.966000000000000000e+03,1.966000000000000000e+03,1.966000000000000000e+03,1.966000000000000000e+03,1.966000000000000000e+03,1.966000000000000000e+03,1.966000000000000000e+03,1.966000000000000000e+03,1.966000000000000000e+03,1.966000000000000000e+03,1.966000000000000000e+03,1.966000000000000000e+03,1.966000000000000000e+03,1.966000000000000000e+03,1.966000000000000000e+03,1.966000000000000000e+03,1.966000000000000000e+03,1.966000000000000000e+03,1.966000000000000000e+03,1.966000000000000000e+03,1.966000000000000000e+03,1.966000000000000000e+03,1.966000000000000000e+03,1.966000000000000000e+03,1.966000000000000000e+03,1.966000000000000000e+03,1.966000000000000000e+03,1.966000000000000000e+03,1.966000000000000000e+03,1.966000000000000000e+03,1.966000000000000000e+03,1.966000000000000000e+03,1.966000000000000000e+03,1.966000000000000000e+03,1.966000000000000000e+03,1.966000000000000000e+03,1.966000000000000000e+03,1.966000000000000000e+03,1.966000000000000000e+03,1.966000000000000000e+03,1.966000000000000000e+03,1.966000000000000000e+03,1.966000000000000000e+03,1.966000000000000000e+03,1.966000000000000000e+03,1.966000000000000000e+03,1.966000000000000000e+03,1.966000000000000000e+03,1.966000000000000000e+03,1.966000000000000000e+03,1.966000000000000000e+03,1.966000000000000000e+03,1.966000000000000000e+03,1.966000000000000000e+03,1.966000000000000000e+03,1.966000000000000000e+03,1.966000000000000000e+03,1.966000000000000000e+03,1.966000000000000000e+03,1.966000000000000000e+03,1.966000000000000000e+03,1.966000000000000000e+03,1.966000000000000000e+03,1.966000000000000000e+03,1.967000000000000000e+03,1.967000000000000000e+03,1.967000000000000000e+03,1.967000000000000000e+03,1.967000000000000000e+03,1.967000000000000000e+03,1.967000000000000000e+03,1.967000000000000000e+03,1.967000000000000000e+03,1.967000000000000000e+03,1.967000000000000000e+03,1.967000000000000000e+03,1.967000000000000000e+03,1.967000000000000000e+03,1.967000000000000000e+03,1.967000000000000000e+03,1.967000000000000000e+03,1.967000000000000000e+03,1.967000000000000000e+03,1.967000000000000000e+03,1.967000000000000000e+03,1.967000000000000000e+03,1.967000000000000000e+03,1.967000000000000000e+03,1.967000000000000000e+03,1.967000000000000000e+03,1.967000000000000000e+03,1.967000000000000000e+03,1.967000000000000000e+03,1.967000000000000000e+03,1.967000000000000000e+03,1.967000000000000000e+03,1.967000000000000000e+03,1.967000000000000000e+03,1.967000000000000000e+03,1.967000000000000000e+03,1.967000000000000000e+03,1.967000000000000000e+03,1.967000000000000000e+03,1.967000000000000000e+03,1.967000000000000000e+03,1.967000000000000000e+03,1.967000000000000000e+03,1.967000000000000000e+03,1.967000000000000000e+03,1.967000000000000000e+03,1.967000000000000000e+03,1.967000000000000000e+03,1.967000000000000000e+03,1.967000000000000000e+03,1.967000000000000000e+03,1.967000000000000000e+03,1.967000000000000000e+03,1.967000000000000000e+03,1.967000000000000000e+03,1.967000000000000000e+03,1.967000000000000000e+03,1.967000000000000000e+03,1.967000000000000000e+03,1.967000000000000000e+03,1.967000000000000000e+03,1.967000000000000000e+03,1.967000000000000000e+03,1.967000000000000000e+03,1.967000000000000000e+03,1.967000000000000000e+03,1.967000000000000000e+03,1.967000000000000000e+03,1.967000000000000000e+03,1.967000000000000000e+03,1.967000000000000000e+03,1.967000000000000000e+03,1.967000000000000000e+03,1.967000000000000000e+03,1.967000000000000000e+03,1.967000000000000000e+03,1.967000000000000000e+03,1.967000000000000000e+03,1.967000000000000000e+03,1.967000000000000000e+03,1.967000000000000000e+03,1.967000000000000000e+03,1.967000000000000000e+03,1.967000000000000000e+03,1.967000000000000000e+03,1.967000000000000000e+03,1.967000000000000000e+03,1.967000000000000000e+03,1.967000000000000000e+03,1.967000000000000000e+03,1.967000000000000000e+03,1.967000000000000000e+03,1.967000000000000000e+03,1.967000000000000000e+03,1.967000000000000000e+03,1.967000000000000000e+03,1.967000000000000000e+03,1.967000000000000000e+03,1.967000000000000000e+03,1.967000000000000000e+03,1.967000000000000000e+03,1.967000000000000000e+03,1.967000000000000000e+03,1.967000000000000000e+03,1.967000000000000000e+03,1.967000000000000000e+03,1.967000000000000000e+03,1.967000000000000000e+03,1.967000000000000000e+03,1.967000000000000000e+03,1.967000000000000000e+03,1.967000000000000000e+03,1.967000000000000000e+03,1.967000000000000000e+03,1.967000000000000000e+03,1.967000000000000000e+03,1.967000000000000000e+03,1.967000000000000000e+03,1.967000000000000000e+03,1.967000000000000000e+03,1.967000000000000000e+03,1.967000000000000000e+03,1.967000000000000000e+03,1.967000000000000000e+03,1.967000000000000000e+03,1.967000000000000000e+03,1.967000000000000000e+03,1.967000000000000000e+03,1.967000000000000000e+03,1.967000000000000000e+03,1.967000000000000000e+03,1.967000000000000000e+03,1.967000000000000000e+03,1.967000000000000000e+03,1.967000000000000000e+03,1.967000000000000000e+03,1.967000000000000000e+03,1.968000000000000000e+03,1.968000000000000000e+03,1.968000000000000000e+03,1.968000000000000000e+03,1.968000000000000000e+03,1.968000000000000000e+03,1.968000000000000000e+03,1.968000000000000000e+03,1.968000000000000000e+03,1.968000000000000000e+03,1.968000000000000000e+03,1.968000000000000000e+03,1.968000000000000000e+03,1.968000000000000000e+03,1.968000000000000000e+03,1.968000000000000000e+03,1.968000000000000000e+03,1.968000000000000000e+03,1.968000000000000000e+03,1.968000000000000000e+03,1.968000000000000000e+03,1.968000000000000000e+03,1.968000000000000000e+03,1.968000000000000000e+03,1.968000000000000000e+03,1.968000000000000000e+03,1.968000000000000000e+03,1.968000000000000000e+03,1.968000000000000000e+03,1.968000000000000000e+03,1.968000000000000000e+03,1.968000000000000000e+03,1.968000000000000000e+03,1.968000000000000000e+03,1.968000000000000000e+03,1.968000000000000000e+03,1.968000000000000000e+03,1.968000000000000000e+03,1.968000000000000000e+03,1.968000000000000000e+03,1.968000000000000000e+03,1.968000000000000000e+03,1.968000000000000000e+03,1.968000000000000000e+03,1.968000000000000000e+03,1.968000000000000000e+03,1.968000000000000000e+03,1.968000000000000000e+03,1.968000000000000000e+03,1.968000000000000000e+03,1.968000000000000000e+03,1.968000000000000000e+03,1.968000000000000000e+03,1.968000000000000000e+03,1.968000000000000000e+03,1.968000000000000000e+03,1.968000000000000000e+03,1.968000000000000000e+03,1.968000000000000000e+03,1.968000000000000000e+03,1.968000000000000000e+03,1.968000000000000000e+03,1.968000000000000000e+03,1.968000000000000000e+03,1.968000000000000000e+03,1.968000000000000000e+03,1.968000000000000000e+03,1.968000000000000000e+03,1.968000000000000000e+03,1.968000000000000000e+03,1.968000000000000000e+03,1.968000000000000000e+03,1.968000000000000000e+03,1.968000000000000000e+03,1.968000000000000000e+03,1.968000000000000000e+03,1.968000000000000000e+03,1.968000000000000000e+03,1.968000000000000000e+03,1.968000000000000000e+03,1.968000000000000000e+03,1.968000000000000000e+03,1.968000000000000000e+03,1.968000000000000000e+03,1.968000000000000000e+03,1.968000000000000000e+03,1.968000000000000000e+03,1.968000000000000000e+03,1.968000000000000000e+03,1.968000000000000000e+03,1.968000000000000000e+03,1.968000000000000000e+03,1.968000000000000000e+03,1.968000000000000000e+03,1.968000000000000000e+03,1.968000000000000000e+03,1.968000000000000000e+03,1.968000000000000000e+03,1.968000000000000000e+03,1.968000000000000000e+03,1.968000000000000000e+03,1.968000000000000000e+03,1.968000000000000000e+03,1.968000000000000000e+03,1.968000000000000000e+03,1.968000000000000000e+03,1.968000000000000000e+03,1.968000000000000000e+03,1.968000000000000000e+03,1.968000000000000000e+03,1.968000000000000000e+03,1.968000000000000000e+03,1.968000000000000000e+03,1.968000000000000000e+03,1.968000000000000000e+03,1.968000000000000000e+03,1.968000000000000000e+03,1.968000000000000000e+03,1.968000000000000000e+03,1.968000000000000000e+03,1.968000000000000000e+03,1.968000000000000000e+03,1.968000000000000000e+03,1.968000000000000000e+03,1.968000000000000000e+03,1.968000000000000000e+03,1.968000000000000000e+03,1.968000000000000000e+03,1.968000000000000000e+03,1.968000000000000000e+03,1.968000000000000000e+03,1.968000000000000000e+03,1.968000000000000000e+03,1.968000000000000000e+03,1.968000000000000000e+03,1.968000000000000000e+03,1.968000000000000000e+03,1.968000000000000000e+03,1.969000000000000000e+03,1.969000000000000000e+03,1.969000000000000000e+03,1.969000000000000000e+03,1.969000000000000000e+03,1.969000000000000000e+03,1.969000000000000000e+03,1.969000000000000000e+03,1.969000000000000000e+03,1.969000000000000000e+03,1.969000000000000000e+03,1.969000000000000000e+03,1.969000000000000000e+03,1.969000000000000000e+03,1.969000000000000000e+03,1.969000000000000000e+03,1.969000000000000000e+03,1.969000000000000000e+03,1.969000000000000000e+03,1.969000000000000000e+03,1.969000000000000000e+03,1.969000000000000000e+03,1.969000000000000000e+03,1.969000000000000000e+03,1.969000000000000000e+03,1.969000000000000000e+03,1.969000000000000000e+03,1.969000000000000000e+03,1.969000000000000000e+03,1.969000000000000000e+03,1.969000000000000000e+03,1.969000000000000000e+03,1.969000000000000000e+03,1.969000000000000000e+03,1.969000000000000000e+03,1.969000000000000000e+03,1.969000000000000000e+03,1.969000000000000000e+03,1.969000000000000000e+03,1.969000000000000000e+03,1.969000000000000000e+03,1.969000000000000000e+03,1.969000000000000000e+03,1.969000000000000000e+03,1.969000000000000000e+03,1.969000000000000000e+03,1.969000000000000000e+03,1.969000000000000000e+03,1.969000000000000000e+03,1.969000000000000000e+03,1.969000000000000000e+03,1.969000000000000000e+03,1.969000000000000000e+03,1.969000000000000000e+03,1.969000000000000000e+03,1.969000000000000000e+03,1.969000000000000000e+03,1.969000000000000000e+03,1.969000000000000000e+03,1.969000000000000000e+03,1.969000000000000000e+03,1.969000000000000000e+03,1.969000000000000000e+03,1.969000000000000000e+03,1.969000000000000000e+03,1.969000000000000000e+03,1.969000000000000000e+03,1.969000000000000000e+03,1.969000000000000000e+03,1.969000000000000000e+03,1.969000000000000000e+03,1.969000000000000000e+03,1.969000000000000000e+03,1.969000000000000000e+03,1.969000000000000000e+03,1.969000000000000000e+03,1.969000000000000000e+03,1.969000000000000000e+03,1.969000000000000000e+03,1.969000000000000000e+03,1.969000000000000000e+03,1.969000000000000000e+03,1.969000000000000000e+03,1.969000000000000000e+03,1.969000000000000000e+03,1.969000000000000000e+03,1.969000000000000000e+03,1.969000000000000000e+03,1.969000000000000000e+03,1.969000000000000000e+03,1.969000000000000000e+03,1.969000000000000000e+03,1.969000000000000000e+03,1.969000000000000000e+03,1.969000000000000000e+03,1.969000000000000000e+03,1.969000000000000000e+03,1.969000000000000000e+03,1.969000000000000000e+03,1.969000000000000000e+03,1.969000000000000000e+03,1.969000000000000000e+03,1.969000000000000000e+03,1.969000000000000000e+03,1.969000000000000000e+03,1.969000000000000000e+03,1.969000000000000000e+03,1.969000000000000000e+03,1.969000000000000000e+03,1.969000000000000000e+03,1.969000000000000000e+03,1.969000000000000000e+03,1.969000000000000000e+03,1.969000000000000000e+03,1.969000000000000000e+03,1.969000000000000000e+03,1.969000000000000000e+03,1.969000000000000000e+03,1.969000000000000000e+03,1.969000000000000000e+03,1.969000000000000000e+03,1.969000000000000000e+03,1.969000000000000000e+03,1.969000000000000000e+03,1.969000000000000000e+03,1.969000000000000000e+03,1.969000000000000000e+03,1.969000000000000000e+03,1.969000000000000000e+03,1.969000000000000000e+03,1.969000000000000000e+03,1.969000000000000000e+03,1.969000000000000000e+03,1.969000000000000000e+03,1.969000000000000000e+03,1.969000000000000000e+03,1.969000000000000000e+03,1.969000000000000000e+03,1.970000000000000000e+03,1.970000000000000000e+03,1.970000000000000000e+03,1.970000000000000000e+03,1.970000000000000000e+03,1.970000000000000000e+03,1.970000000000000000e+03,1.970000000000000000e+03,1.970000000000000000e+03,1.970000000000000000e+03,1.970000000000000000e+03,1.970000000000000000e+03,1.970000000000000000e+03,1.970000000000000000e+03,1.970000000000000000e+03,1.970000000000000000e+03,1.970000000000000000e+03,1.970000000000000000e+03,1.970000000000000000e+03,1.970000000000000000e+03,1.970000000000000000e+03,1.970000000000000000e+03,1.970000000000000000e+03,1.970000000000000000e+03,1.970000000000000000e+03,1.970000000000000000e+03,1.970000000000000000e+03,1.970000000000000000e+03,1.970000000000000000e+03,1.970000000000000000e+03,1.970000000000000000e+03,1.970000000000000000e+03,1.970000000000000000e+03,1.970000000000000000e+03,1.970000000000000000e+03,1.970000000000000000e+03,1.970000000000000000e+03,1.970000000000000000e+03,1.970000000000000000e+03,1.970000000000000000e+03,1.970000000000000000e+03,1.970000000000000000e+03,1.970000000000000000e+03,1.970000000000000000e+03,1.970000000000000000e+03,1.970000000000000000e+03,1.970000000000000000e+03,1.970000000000000000e+03,1.970000000000000000e+03,1.970000000000000000e+03,1.970000000000000000e+03,1.970000000000000000e+03,1.970000000000000000e+03,1.970000000000000000e+03,1.970000000000000000e+03,1.970000000000000000e+03,1.970000000000000000e+03,1.970000000000000000e+03,1.970000000000000000e+03,1.970000000000000000e+03,1.970000000000000000e+03,1.970000000000000000e+03,1.970000000000000000e+03,1.970000000000000000e+03,1.970000000000000000e+03,1.970000000000000000e+03,1.970000000000000000e+03,1.970000000000000000e+03,1.970000000000000000e+03,1.970000000000000000e+03,1.970000000000000000e+03,1.970000000000000000e+03,1.970000000000000000e+03,1.970000000000000000e+03,1.970000000000000000e+03,1.970000000000000000e+03,1.970000000000000000e+03,1.970000000000000000e+03,1.970000000000000000e+03,1.970000000000000000e+03,1.970000000000000000e+03,1.970000000000000000e+03,1.970000000000000000e+03,1.970000000000000000e+03,1.970000000000000000e+03,1.970000000000000000e+03,1.970000000000000000e+03,1.970000000000000000e+03,1.970000000000000000e+03,1.970000000000000000e+03,1.970000000000000000e+03,1.970000000000000000e+03,1.970000000000000000e+03,1.970000000000000000e+03,1.970000000000000000e+03,1.970000000000000000e+03,1.970000000000000000e+03,1.970000000000000000e+03,1.970000000000000000e+03,1.970000000000000000e+03,1.970000000000000000e+03,1.970000000000000000e+03,1.970000000000000000e+03,1.970000000000000000e+03,1.970000000000000000e+03,1.970000000000000000e+03,1.970000000000000000e+03,1.970000000000000000e+03,1.970000000000000000e+03,1.970000000000000000e+03,1.970000000000000000e+03,1.970000000000000000e+03,1.970000000000000000e+03,1.970000000000000000e+03,1.970000000000000000e+03,1.970000000000000000e+03,1.970000000000000000e+03,1.970000000000000000e+03,1.970000000000000000e+03,1.970000000000000000e+03,1.970000000000000000e+03,1.970000000000000000e+03,1.970000000000000000e+03,1.970000000000000000e+03,1.970000000000000000e+03,1.970000000000000000e+03,1.970000000000000000e+03,1.970000000000000000e+03,1.970000000000000000e+03,1.970000000000000000e+03,1.970000000000000000e+03,1.970000000000000000e+03,1.970000000000000000e+03,1.970000000000000000e+03,1.970000000000000000e+03,1.970000000000000000e+03,1.970000000000000000e+03,1.970000000000000000e+03,1.970000000000000000e+03,1.971000000000000000e+03,1.971000000000000000e+03,1.971000000000000000e+03,1.971000000000000000e+03,1.971000000000000000e+03,1.971000000000000000e+03,1.971000000000000000e+03,1.971000000000000000e+03,1.971000000000000000e+03,1.971000000000000000e+03,1.971000000000000000e+03,1.971000000000000000e+03,1.971000000000000000e+03,1.971000000000000000e+03,1.971000000000000000e+03,1.971000000000000000e+03,1.971000000000000000e+03,1.971000000000000000e+03,1.971000000000000000e+03,1.971000000000000000e+03,1.971000000000000000e+03,1.971000000000000000e+03,1.971000000000000000e+03,1.971000000000000000e+03,1.971000000000000000e+03,1.971000000000000000e+03,1.971000000000000000e+03,1.971000000000000000e+03,1.971000000000000000e+03,1.971000000000000000e+03,1.971000000000000000e+03,1.971000000000000000e+03,1.971000000000000000e+03,1.971000000000000000e+03,1.971000000000000000e+03,1.971000000000000000e+03,1.971000000000000000e+03,1.971000000000000000e+03,1.971000000000000000e+03,1.971000000000000000e+03,1.971000000000000000e+03,1.971000000000000000e+03,1.971000000000000000e+03,1.971000000000000000e+03,1.971000000000000000e+03,1.971000000000000000e+03,1.971000000000000000e+03,1.971000000000000000e+03,1.971000000000000000e+03,1.971000000000000000e+03,1.971000000000000000e+03,1.971000000000000000e+03,1.971000000000000000e+03,1.971000000000000000e+03,1.971000000000000000e+03,1.971000000000000000e+03,1.971000000000000000e+03,1.971000000000000000e+03,1.971000000000000000e+03,1.971000000000000000e+03,1.971000000000000000e+03,1.971000000000000000e+03,1.971000000000000000e+03,1.971000000000000000e+03,1.971000000000000000e+03,1.971000000000000000e+03,1.971000000000000000e+03,1.971000000000000000e+03,1.971000000000000000e+03,1.971000000000000000e+03,1.971000000000000000e+03,1.971000000000000000e+03,1.971000000000000000e+03,1.971000000000000000e+03,1.971000000000000000e+03,1.971000000000000000e+03,1.971000000000000000e+03,1.971000000000000000e+03,1.971000000000000000e+03,1.971000000000000000e+03,1.971000000000000000e+03,1.971000000000000000e+03,1.971000000000000000e+03,1.971000000000000000e+03,1.971000000000000000e+03,1.971000000000000000e+03,1.971000000000000000e+03,1.971000000000000000e+03,1.971000000000000000e+03,1.971000000000000000e+03,1.971000000000000000e+03,1.971000000000000000e+03,1.971000000000000000e+03,1.971000000000000000e+03,1.971000000000000000e+03,1.971000000000000000e+03,1.971000000000000000e+03,1.971000000000000000e+03,1.971000000000000000e+03,1.971000000000000000e+03,1.971000000000000000e+03,1.971000000000000000e+03,1.971000000000000000e+03,1.971000000000000000e+03,1.971000000000000000e+03,1.971000000000000000e+03,1.971000000000000000e+03,1.971000000000000000e+03,1.971000000000000000e+03,1.971000000000000000e+03,1.971000000000000000e+03,1.971000000000000000e+03,1.971000000000000000e+03,1.971000000000000000e+03,1.971000000000000000e+03,1.971000000000000000e+03,1.971000000000000000e+03,1.971000000000000000e+03,1.971000000000000000e+03,1.971000000000000000e+03,1.971000000000000000e+03,1.971000000000000000e+03,1.971000000000000000e+03,1.971000000000000000e+03,1.971000000000000000e+03,1.971000000000000000e+03,1.971000000000000000e+03,1.971000000000000000e+03,1.971000000000000000e+03,1.971000000000000000e+03,1.971000000000000000e+03,1.971000000000000000e+03,1.971000000000000000e+03,1.971000000000000000e+03,1.971000000000000000e+03,1.971000000000000000e+03,1.971000000000000000e+03,1.971000000000000000e+03,1.971000000000000000e+03,1.972000000000000000e+03,1.972000000000000000e+03,1.972000000000000000e+03,1.972000000000000000e+03,1.972000000000000000e+03,1.972000000000000000e+03,1.972000000000000000e+03,1.972000000000000000e+03,1.972000000000000000e+03,1.972000000000000000e+03,1.972000000000000000e+03,1.972000000000000000e+03,1.972000000000000000e+03,1.972000000000000000e+03,1.972000000000000000e+03,1.972000000000000000e+03,1.972000000000000000e+03,1.972000000000000000e+03,1.972000000000000000e+03,1.972000000000000000e+03,1.972000000000000000e+03,1.972000000000000000e+03,1.972000000000000000e+03,1.972000000000000000e+03,1.972000000000000000e+03,1.972000000000000000e+03,1.972000000000000000e+03,1.972000000000000000e+03,1.972000000000000000e+03,1.972000000000000000e+03,1.972000000000000000e+03,1.972000000000000000e+03,1.972000000000000000e+03,1.972000000000000000e+03,1.972000000000000000e+03,1.972000000000000000e+03,1.972000000000000000e+03,1.972000000000000000e+03,1.972000000000000000e+03,1.972000000000000000e+03,1.972000000000000000e+03,1.972000000000000000e+03,1.972000000000000000e+03,1.972000000000000000e+03,1.972000000000000000e+03,1.972000000000000000e+03,1.972000000000000000e+03,1.972000000000000000e+03,1.972000000000000000e+03,1.972000000000000000e+03,1.972000000000000000e+03,1.972000000000000000e+03,1.972000000000000000e+03,1.972000000000000000e+03,1.972000000000000000e+03,1.972000000000000000e+03,1.972000000000000000e+03,1.972000000000000000e+03,1.972000000000000000e+03,1.972000000000000000e+03,1.972000000000000000e+03,1.972000000000000000e+03,1.972000000000000000e+03,1.972000000000000000e+03,1.972000000000000000e+03,1.972000000000000000e+03,1.972000000000000000e+03,1.972000000000000000e+03,1.972000000000000000e+03,1.972000000000000000e+03,1.972000000000000000e+03,1.972000000000000000e+03,1.972000000000000000e+03,1.972000000000000000e+03,1.972000000000000000e+03,1.972000000000000000e+03,1.972000000000000000e+03,1.972000000000000000e+03,1.972000000000000000e+03,1.972000000000000000e+03,1.972000000000000000e+03,1.972000000000000000e+03,1.972000000000000000e+03,1.972000000000000000e+03,1.972000000000000000e+03,1.972000000000000000e+03,1.972000000000000000e+03,1.972000000000000000e+03,1.972000000000000000e+03,1.972000000000000000e+03,1.972000000000000000e+03,1.972000000000000000e+03,1.972000000000000000e+03,1.972000000000000000e+03,1.972000000000000000e+03,1.972000000000000000e+03,1.972000000000000000e+03,1.972000000000000000e+03,1.972000000000000000e+03,1.972000000000000000e+03,1.972000000000000000e+03,1.972000000000000000e+03,1.972000000000000000e+03,1.972000000000000000e+03,1.972000000000000000e+03,1.972000000000000000e+03,1.972000000000000000e+03,1.972000000000000000e+03,1.972000000000000000e+03,1.972000000000000000e+03,1.972000000000000000e+03,1.972000000000000000e+03,1.972000000000000000e+03,1.972000000000000000e+03,1.972000000000000000e+03,1.972000000000000000e+03,1.972000000000000000e+03,1.972000000000000000e+03,1.972000000000000000e+03,1.972000000000000000e+03,1.972000000000000000e+03,1.972000000000000000e+03,1.972000000000000000e+03,1.972000000000000000e+03,1.972000000000000000e+03,1.972000000000000000e+03,1.972000000000000000e+03,1.972000000000000000e+03,1.972000000000000000e+03,1.972000000000000000e+03,1.972000000000000000e+03,1.972000000000000000e+03,1.972000000000000000e+03,1.972000000000000000e+03,1.972000000000000000e+03,1.972000000000000000e+03,1.972000000000000000e+03,1.972000000000000000e+03,1.972000000000000000e+03,1.973000000000000000e+03,1.973000000000000000e+03,1.973000000000000000e+03,1.973000000000000000e+03,1.973000000000000000e+03,1.973000000000000000e+03,1.973000000000000000e+03,1.973000000000000000e+03,1.973000000000000000e+03,1.973000000000000000e+03,1.973000000000000000e+03,1.973000000000000000e+03,1.973000000000000000e+03,1.973000000000000000e+03,1.973000000000000000e+03,1.973000000000000000e+03,1.973000000000000000e+03,1.973000000000000000e+03,1.973000000000000000e+03,1.973000000000000000e+03,1.973000000000000000e+03,1.973000000000000000e+03,1.973000000000000000e+03,1.973000000000000000e+03,1.973000000000000000e+03,1.973000000000000000e+03,1.973000000000000000e+03,1.973000000000000000e+03,1.973000000000000000e+03,1.973000000000000000e+03,1.973000000000000000e+03,1.973000000000000000e+03,1.973000000000000000e+03,1.973000000000000000e+03,1.973000000000000000e+03,1.973000000000000000e+03,1.973000000000000000e+03,1.973000000000000000e+03,1.973000000000000000e+03,1.973000000000000000e+03,1.973000000000000000e+03,1.973000000000000000e+03,1.973000000000000000e+03,1.973000000000000000e+03,1.973000000000000000e+03,1.973000000000000000e+03,1.973000000000000000e+03,1.973000000000000000e+03,1.973000000000000000e+03,1.973000000000000000e+03,1.973000000000000000e+03,1.973000000000000000e+03,1.973000000000000000e+03,1.973000000000000000e+03,1.973000000000000000e+03,1.973000000000000000e+03,1.973000000000000000e+03,1.973000000000000000e+03,1.973000000000000000e+03,1.973000000000000000e+03,1.973000000000000000e+03,1.973000000000000000e+03,1.973000000000000000e+03,1.973000000000000000e+03,1.973000000000000000e+03,1.973000000000000000e+03,1.973000000000000000e+03,1.973000000000000000e+03,1.973000000000000000e+03,1.973000000000000000e+03,1.973000000000000000e+03,1.973000000000000000e+03,1.973000000000000000e+03,1.973000000000000000e+03,1.973000000000000000e+03,1.973000000000000000e+03,1.973000000000000000e+03,1.973000000000000000e+03,1.973000000000000000e+03,1.973000000000000000e+03,1.973000000000000000e+03,1.973000000000000000e+03,1.973000000000000000e+03,1.973000000000000000e+03,1.973000000000000000e+03,1.973000000000000000e+03,1.973000000000000000e+03,1.973000000000000000e+03,1.973000000000000000e+03,1.973000000000000000e+03,1.973000000000000000e+03,1.973000000000000000e+03,1.973000000000000000e+03,1.973000000000000000e+03,1.973000000000000000e+03,1.973000000000000000e+03,1.973000000000000000e+03,1.973000000000000000e+03,1.973000000000000000e+03,1.973000000000000000e+03,1.973000000000000000e+03,1.973000000000000000e+03,1.973000000000000000e+03,1.973000000000000000e+03,1.973000000000000000e+03,1.973000000000000000e+03,1.973000000000000000e+03,1.973000000000000000e+03,1.973000000000000000e+03,1.973000000000000000e+03,1.973000000000000000e+03,1.973000000000000000e+03,1.973000000000000000e+03,1.973000000000000000e+03,1.973000000000000000e+03,1.973000000000000000e+03,1.973000000000000000e+03,1.973000000000000000e+03,1.973000000000000000e+03,1.973000000000000000e+03,1.973000000000000000e+03,1.973000000000000000e+03,1.973000000000000000e+03,1.973000000000000000e+03,1.973000000000000000e+03,1.973000000000000000e+03,1.973000000000000000e+03,1.973000000000000000e+03,1.973000000000000000e+03,1.973000000000000000e+03,1.973000000000000000e+03,1.973000000000000000e+03,1.973000000000000000e+03,1.973000000000000000e+03,1.973000000000000000e+03,1.973000000000000000e+03,1.973000000000000000e+03,1.973000000000000000e+03,1.973000000000000000e+03,1.973000000000000000e+03,1.974000000000000000e+03,1.974000000000000000e+03,1.974000000000000000e+03,1.974000000000000000e+03,1.974000000000000000e+03,1.974000000000000000e+03,1.974000000000000000e+03,1.974000000000000000e+03,1.974000000000000000e+03,1.974000000000000000e+03,1.974000000000000000e+03,1.974000000000000000e+03,1.974000000000000000e+03,1.974000000000000000e+03,1.974000000000000000e+03,1.974000000000000000e+03,1.974000000000000000e+03,1.974000000000000000e+03,1.974000000000000000e+03,1.974000000000000000e+03,1.974000000000000000e+03,1.974000000000000000e+03,1.974000000000000000e+03,1.974000000000000000e+03,1.974000000000000000e+03,1.974000000000000000e+03,1.974000000000000000e+03,1.974000000000000000e+03,1.974000000000000000e+03,1.974000000000000000e+03,1.974000000000000000e+03,1.974000000000000000e+03,1.974000000000000000e+03,1.974000000000000000e+03,1.974000000000000000e+03,1.974000000000000000e+03,1.974000000000000000e+03,1.974000000000000000e+03,1.974000000000000000e+03,1.974000000000000000e+03,1.974000000000000000e+03,1.974000000000000000e+03,1.974000000000000000e+03,1.974000000000000000e+03,1.974000000000000000e+03,1.974000000000000000e+03,1.974000000000000000e+03,1.974000000000000000e+03,1.974000000000000000e+03,1.974000000000000000e+03,1.974000000000000000e+03,1.974000000000000000e+03,1.974000000000000000e+03,1.974000000000000000e+03,1.974000000000000000e+03,1.974000000000000000e+03,1.974000000000000000e+03,1.974000000000000000e+03,1.974000000000000000e+03,1.974000000000000000e+03,1.974000000000000000e+03,1.974000000000000000e+03,1.974000000000000000e+03,1.974000000000000000e+03,1.974000000000000000e+03,1.974000000000000000e+03,1.974000000000000000e+03,1.974000000000000000e+03,1.974000000000000000e+03,1.974000000000000000e+03,1.974000000000000000e+03,1.974000000000000000e+03,1.974000000000000000e+03,1.974000000000000000e+03,1.974000000000000000e+03,1.974000000000000000e+03,1.974000000000000000e+03,1.974000000000000000e+03,1.974000000000000000e+03,1.974000000000000000e+03,1.974000000000000000e+03,1.974000000000000000e+03,1.974000000000000000e+03,1.974000000000000000e+03,1.974000000000000000e+03,1.974000000000000000e+03,1.974000000000000000e+03,1.974000000000000000e+03,1.974000000000000000e+03,1.974000000000000000e+03,1.974000000000000000e+03,1.974000000000000000e+03,1.974000000000000000e+03,1.974000000000000000e+03,1.974000000000000000e+03,1.974000000000000000e+03,1.974000000000000000e+03,1.974000000000000000e+03,1.974000000000000000e+03,1.974000000000000000e+03,1.974000000000000000e+03,1.974000000000000000e+03,1.974000000000000000e+03,1.974000000000000000e+03,1.974000000000000000e+03,1.974000000000000000e+03,1.974000000000000000e+03,1.974000000000000000e+03,1.974000000000000000e+03,1.974000000000000000e+03,1.974000000000000000e+03,1.974000000000000000e+03,1.974000000000000000e+03,1.974000000000000000e+03,1.974000000000000000e+03,1.974000000000000000e+03,1.974000000000000000e+03,1.974000000000000000e+03,1.974000000000000000e+03,1.974000000000000000e+03,1.974000000000000000e+03,1.974000000000000000e+03,1.974000000000000000e+03,1.974000000000000000e+03,1.974000000000000000e+03,1.974000000000000000e+03,1.974000000000000000e+03,1.974000000000000000e+03,1.974000000000000000e+03,1.974000000000000000e+03,1.974000000000000000e+03,1.974000000000000000e+03,1.974000000000000000e+03,1.974000000000000000e+03,1.974000000000000000e+03,1.974000000000000000e+03,1.974000000000000000e+03,1.974000000000000000e+03,1.974000000000000000e+03,1.974000000000000000e+03,1.975000000000000000e+03,1.975000000000000000e+03,1.975000000000000000e+03,1.975000000000000000e+03,1.975000000000000000e+03,1.975000000000000000e+03,1.975000000000000000e+03,1.975000000000000000e+03,1.975000000000000000e+03,1.975000000000000000e+03,1.975000000000000000e+03,1.975000000000000000e+03,1.975000000000000000e+03,1.975000000000000000e+03,1.975000000000000000e+03,1.975000000000000000e+03,1.975000000000000000e+03,1.975000000000000000e+03,1.975000000000000000e+03,1.975000000000000000e+03,1.975000000000000000e+03,1.975000000000000000e+03,1.975000000000000000e+03,1.975000000000000000e+03,1.975000000000000000e+03,1.975000000000000000e+03,1.975000000000000000e+03,1.975000000000000000e+03,1.975000000000000000e+03,1.975000000000000000e+03,1.975000000000000000e+03,1.975000000000000000e+03,1.975000000000000000e+03,1.975000000000000000e+03,1.975000000000000000e+03,1.975000000000000000e+03,1.975000000000000000e+03,1.975000000000000000e+03,1.975000000000000000e+03,1.975000000000000000e+03,1.975000000000000000e+03,1.975000000000000000e+03,1.975000000000000000e+03,1.975000000000000000e+03,1.975000000000000000e+03,1.975000000000000000e+03,1.975000000000000000e+03,1.975000000000000000e+03,1.975000000000000000e+03,1.975000000000000000e+03,1.975000000000000000e+03,1.975000000000000000e+03,1.975000000000000000e+03,1.975000000000000000e+03,1.975000000000000000e+03,1.975000000000000000e+03,1.975000000000000000e+03,1.975000000000000000e+03,1.975000000000000000e+03,1.975000000000000000e+03,1.975000000000000000e+03,1.975000000000000000e+03,1.975000000000000000e+03,1.975000000000000000e+03,1.975000000000000000e+03,1.975000000000000000e+03,1.975000000000000000e+03,1.975000000000000000e+03,1.975000000000000000e+03,1.975000000000000000e+03,1.975000000000000000e+03,1.975000000000000000e+03,1.975000000000000000e+03,1.975000000000000000e+03,1.975000000000000000e+03,1.975000000000000000e+03,1.975000000000000000e+03,1.975000000000000000e+03,1.975000000000000000e+03,1.975000000000000000e+03,1.975000000000000000e+03,1.975000000000000000e+03,1.975000000000000000e+03,1.975000000000000000e+03,1.975000000000000000e+03,1.975000000000000000e+03,1.975000000000000000e+03,1.975000000000000000e+03,1.975000000000000000e+03,1.975000000000000000e+03,1.975000000000000000e+03,1.975000000000000000e+03,1.975000000000000000e+03,1.975000000000000000e+03,1.975000000000000000e+03,1.975000000000000000e+03,1.975000000000000000e+03,1.975000000000000000e+03,1.975000000000000000e+03,1.975000000000000000e+03,1.975000000000000000e+03,1.975000000000000000e+03,1.975000000000000000e+03,1.975000000000000000e+03,1.975000000000000000e+03,1.975000000000000000e+03,1.975000000000000000e+03,1.975000000000000000e+03,1.975000000000000000e+03,1.975000000000000000e+03,1.975000000000000000e+03,1.975000000000000000e+03,1.975000000000000000e+03,1.975000000000000000e+03,1.975000000000000000e+03,1.975000000000000000e+03,1.975000000000000000e+03,1.975000000000000000e+03,1.975000000000000000e+03,1.975000000000000000e+03,1.975000000000000000e+03,1.975000000000000000e+03,1.975000000000000000e+03,1.975000000000000000e+03,1.975000000000000000e+03,1.975000000000000000e+03,1.975000000000000000e+03,1.975000000000000000e+03,1.975000000000000000e+03,1.975000000000000000e+03,1.975000000000000000e+03,1.975000000000000000e+03,1.975000000000000000e+03,1.975000000000000000e+03,1.975000000000000000e+03,1.975000000000000000e+03,1.975000000000000000e+03,1.975000000000000000e+03,1.975000000000000000e+03,1.975000000000000000e+03,1.976000000000000000e+03,1.976000000000000000e+03,1.976000000000000000e+03,1.976000000000000000e+03,1.976000000000000000e+03,1.976000000000000000e+03,1.976000000000000000e+03,1.976000000000000000e+03,1.976000000000000000e+03,1.976000000000000000e+03,1.976000000000000000e+03,1.976000000000000000e+03,1.976000000000000000e+03,1.976000000000000000e+03,1.976000000000000000e+03,1.976000000000000000e+03,1.976000000000000000e+03,1.976000000000000000e+03,1.976000000000000000e+03,1.976000000000000000e+03,1.976000000000000000e+03,1.976000000000000000e+03,1.976000000000000000e+03,1.976000000000000000e+03,1.976000000000000000e+03,1.976000000000000000e+03,1.976000000000000000e+03,1.976000000000000000e+03,1.976000000000000000e+03,1.976000000000000000e+03,1.976000000000000000e+03,1.976000000000000000e+03,1.976000000000000000e+03,1.976000000000000000e+03,1.976000000000000000e+03,1.976000000000000000e+03,1.976000000000000000e+03,1.976000000000000000e+03,1.976000000000000000e+03,1.976000000000000000e+03,1.976000000000000000e+03,1.976000000000000000e+03,1.976000000000000000e+03,1.976000000000000000e+03,1.976000000000000000e+03,1.976000000000000000e+03,1.976000000000000000e+03,1.976000000000000000e+03,1.976000000000000000e+03,1.976000000000000000e+03,1.976000000000000000e+03,1.976000000000000000e+03,1.976000000000000000e+03,1.976000000000000000e+03,1.976000000000000000e+03,1.976000000000000000e+03,1.976000000000000000e+03,1.976000000000000000e+03,1.976000000000000000e+03,1.976000000000000000e+03,1.976000000000000000e+03,1.976000000000000000e+03,1.976000000000000000e+03,1.976000000000000000e+03,1.976000000000000000e+03,1.976000000000000000e+03,1.976000000000000000e+03,1.976000000000000000e+03,1.976000000000000000e+03,1.976000000000000000e+03,1.976000000000000000e+03,1.976000000000000000e+03,1.976000000000000000e+03,1.976000000000000000e+03,1.976000000000000000e+03,1.976000000000000000e+03,1.976000000000000000e+03,1.976000000000000000e+03,1.976000000000000000e+03,1.976000000000000000e+03,1.976000000000000000e+03,1.976000000000000000e+03,1.976000000000000000e+03,1.976000000000000000e+03,1.976000000000000000e+03,1.976000000000000000e+03,1.976000000000000000e+03,1.976000000000000000e+03,1.976000000000000000e+03,1.976000000000000000e+03,1.976000000000000000e+03,1.976000000000000000e+03,1.976000000000000000e+03,1.976000000000000000e+03,1.976000000000000000e+03,1.976000000000000000e+03,1.976000000000000000e+03,1.976000000000000000e+03,1.976000000000000000e+03,1.976000000000000000e+03,1.976000000000000000e+03,1.976000000000000000e+03,1.976000000000000000e+03,1.976000000000000000e+03,1.976000000000000000e+03,1.976000000000000000e+03,1.976000000000000000e+03,1.976000000000000000e+03,1.976000000000000000e+03,1.976000000000000000e+03,1.976000000000000000e+03,1.976000000000000000e+03,1.976000000000000000e+03,1.976000000000000000e+03,1.976000000000000000e+03,1.976000000000000000e+03,1.976000000000000000e+03,1.976000000000000000e+03,1.976000000000000000e+03,1.976000000000000000e+03,1.976000000000000000e+03,1.976000000000000000e+03,1.976000000000000000e+03,1.976000000000000000e+03,1.976000000000000000e+03,1.976000000000000000e+03,1.976000000000000000e+03,1.976000000000000000e+03,1.976000000000000000e+03,1.976000000000000000e+03,1.976000000000000000e+03,1.976000000000000000e+03,1.976000000000000000e+03,1.976000000000000000e+03,1.976000000000000000e+03,1.976000000000000000e+03,1.976000000000000000e+03,1.976000000000000000e+03,1.976000000000000000e+03,1.976000000000000000e+03,1.976000000000000000e+03,1.977000000000000000e+03,1.977000000000000000e+03,1.977000000000000000e+03,1.977000000000000000e+03,1.977000000000000000e+03,1.977000000000000000e+03,1.977000000000000000e+03,1.977000000000000000e+03,1.977000000000000000e+03,1.977000000000000000e+03,1.977000000000000000e+03,1.977000000000000000e+03,1.977000000000000000e+03,1.977000000000000000e+03,1.977000000000000000e+03,1.977000000000000000e+03,1.977000000000000000e+03,1.977000000000000000e+03,1.977000000000000000e+03,1.977000000000000000e+03,1.977000000000000000e+03,1.977000000000000000e+03,1.977000000000000000e+03,1.977000000000000000e+03,1.977000000000000000e+03,1.977000000000000000e+03,1.977000000000000000e+03,1.977000000000000000e+03,1.977000000000000000e+03,1.977000000000000000e+03,1.977000000000000000e+03,1.977000000000000000e+03,1.977000000000000000e+03,1.977000000000000000e+03,1.977000000000000000e+03,1.977000000000000000e+03,1.977000000000000000e+03,1.977000000000000000e+03,1.977000000000000000e+03,1.977000000000000000e+03,1.977000000000000000e+03,1.977000000000000000e+03,1.977000000000000000e+03,1.977000000000000000e+03,1.977000000000000000e+03,1.977000000000000000e+03,1.977000000000000000e+03,1.977000000000000000e+03,1.977000000000000000e+03,1.977000000000000000e+03,1.977000000000000000e+03,1.977000000000000000e+03,1.977000000000000000e+03,1.977000000000000000e+03,1.977000000000000000e+03,1.977000000000000000e+03,1.977000000000000000e+03,1.977000000000000000e+03,1.977000000000000000e+03,1.977000000000000000e+03,1.977000000000000000e+03,1.977000000000000000e+03,1.977000000000000000e+03,1.977000000000000000e+03,1.977000000000000000e+03,1.977000000000000000e+03,1.977000000000000000e+03,1.977000000000000000e+03,1.977000000000000000e+03,1.977000000000000000e+03,1.977000000000000000e+03,1.977000000000000000e+03,1.977000000000000000e+03,1.977000000000000000e+03,1.977000000000000000e+03,1.977000000000000000e+03,1.977000000000000000e+03,1.977000000000000000e+03,1.977000000000000000e+03,1.977000000000000000e+03,1.977000000000000000e+03,1.977000000000000000e+03,1.977000000000000000e+03,1.977000000000000000e+03,1.977000000000000000e+03,1.977000000000000000e+03,1.977000000000000000e+03,1.977000000000000000e+03,1.977000000000000000e+03,1.977000000000000000e+03,1.977000000000000000e+03,1.977000000000000000e+03,1.977000000000000000e+03,1.977000000000000000e+03,1.977000000000000000e+03,1.977000000000000000e+03,1.977000000000000000e+03,1.977000000000000000e+03,1.977000000000000000e+03,1.977000000000000000e+03,1.977000000000000000e+03,1.977000000000000000e+03,1.977000000000000000e+03,1.977000000000000000e+03,1.977000000000000000e+03,1.977000000000000000e+03,1.977000000000000000e+03,1.977000000000000000e+03,1.977000000000000000e+03,1.977000000000000000e+03,1.977000000000000000e+03,1.977000000000000000e+03,1.977000000000000000e+03,1.977000000000000000e+03,1.977000000000000000e+03,1.977000000000000000e+03,1.977000000000000000e+03,1.977000000000000000e+03,1.977000000000000000e+03,1.977000000000000000e+03,1.977000000000000000e+03,1.977000000000000000e+03,1.977000000000000000e+03,1.977000000000000000e+03,1.977000000000000000e+03,1.977000000000000000e+03,1.977000000000000000e+03,1.977000000000000000e+03,1.977000000000000000e+03,1.977000000000000000e+03,1.977000000000000000e+03,1.977000000000000000e+03,1.977000000000000000e+03,1.977000000000000000e+03,1.977000000000000000e+03,1.977000000000000000e+03,1.977000000000000000e+03,1.977000000000000000e+03,1.977000000000000000e+03,1.977000000000000000e+03,1.977000000000000000e+03,1.978000000000000000e+03,1.978000000000000000e+03,1.978000000000000000e+03,1.978000000000000000e+03,1.978000000000000000e+03,1.978000000000000000e+03,1.978000000000000000e+03,1.978000000000000000e+03,1.978000000000000000e+03,1.978000000000000000e+03,1.978000000000000000e+03,1.978000000000000000e+03,1.978000000000000000e+03,1.978000000000000000e+03,1.978000000000000000e+03,1.978000000000000000e+03,1.978000000000000000e+03,1.978000000000000000e+03,1.978000000000000000e+03,1.978000000000000000e+03,1.978000000000000000e+03,1.978000000000000000e+03,1.978000000000000000e+03,1.978000000000000000e+03,1.978000000000000000e+03,1.978000000000000000e+03,1.978000000000000000e+03,1.978000000000000000e+03,1.978000000000000000e+03,1.978000000000000000e+03,1.978000000000000000e+03,1.978000000000000000e+03,1.978000000000000000e+03,1.978000000000000000e+03,1.978000000000000000e+03,1.978000000000000000e+03,1.978000000000000000e+03,1.978000000000000000e+03,1.978000000000000000e+03,1.978000000000000000e+03,1.978000000000000000e+03,1.978000000000000000e+03,1.978000000000000000e+03,1.978000000000000000e+03,1.978000000000000000e+03,1.978000000000000000e+03,1.978000000000000000e+03,1.978000000000000000e+03,1.978000000000000000e+03,1.978000000000000000e+03,1.978000000000000000e+03,1.978000000000000000e+03,1.978000000000000000e+03,1.978000000000000000e+03,1.978000000000000000e+03,1.978000000000000000e+03,1.978000000000000000e+03,1.978000000000000000e+03,1.978000000000000000e+03,1.978000000000000000e+03,1.978000000000000000e+03,1.978000000000000000e+03,1.978000000000000000e+03,1.978000000000000000e+03,1.978000000000000000e+03,1.978000000000000000e+03,1.978000000000000000e+03,1.978000000000000000e+03,1.978000000000000000e+03,1.978000000000000000e+03,1.978000000000000000e+03,1.978000000000000000e+03,1.978000000000000000e+03,1.978000000000000000e+03,1.978000000000000000e+03,1.978000000000000000e+03,1.978000000000000000e+03,1.978000000000000000e+03,1.978000000000000000e+03,1.978000000000000000e+03,1.978000000000000000e+03,1.978000000000000000e+03,1.978000000000000000e+03,1.978000000000000000e+03,1.978000000000000000e+03,1.978000000000000000e+03,1.978000000000000000e+03,1.978000000000000000e+03,1.978000000000000000e+03,1.978000000000000000e+03,1.978000000000000000e+03,1.978000000000000000e+03,1.978000000000000000e+03,1.978000000000000000e+03,1.978000000000000000e+03,1.978000000000000000e+03,1.978000000000000000e+03,1.978000000000000000e+03,1.978000000000000000e+03,1.978000000000000000e+03,1.978000000000000000e+03,1.978000000000000000e+03,1.978000000000000000e+03,1.978000000000000000e+03,1.978000000000000000e+03,1.978000000000000000e+03,1.978000000000000000e+03,1.978000000000000000e+03,1.978000000000000000e+03,1.978000000000000000e+03,1.978000000000000000e+03,1.978000000000000000e+03,1.978000000000000000e+03,1.978000000000000000e+03,1.978000000000000000e+03,1.978000000000000000e+03,1.978000000000000000e+03,1.978000000000000000e+03,1.978000000000000000e+03,1.978000000000000000e+03,1.978000000000000000e+03,1.978000000000000000e+03,1.978000000000000000e+03,1.978000000000000000e+03,1.978000000000000000e+03,1.978000000000000000e+03,1.978000000000000000e+03,1.978000000000000000e+03,1.978000000000000000e+03,1.978000000000000000e+03,1.978000000000000000e+03,1.978000000000000000e+03,1.978000000000000000e+03,1.978000000000000000e+03,1.978000000000000000e+03,1.978000000000000000e+03,1.978000000000000000e+03,1.978000000000000000e+03,1.978000000000000000e+03,1.978000000000000000e+03,1.978000000000000000e+03,1.979000000000000000e+03,1.979000000000000000e+03,1.979000000000000000e+03,1.979000000000000000e+03,1.979000000000000000e+03,1.979000000000000000e+03,1.979000000000000000e+03,1.979000000000000000e+03,1.979000000000000000e+03,1.979000000000000000e+03,1.979000000000000000e+03,1.979000000000000000e+03,1.979000000000000000e+03,1.979000000000000000e+03,1.979000000000000000e+03,1.979000000000000000e+03,1.979000000000000000e+03,1.979000000000000000e+03,1.979000000000000000e+03,1.979000000000000000e+03,1.979000000000000000e+03,1.979000000000000000e+03,1.979000000000000000e+03,1.979000000000000000e+03,1.979000000000000000e+03,1.979000000000000000e+03,1.979000000000000000e+03,1.979000000000000000e+03,1.979000000000000000e+03,1.979000000000000000e+03,1.979000000000000000e+03,1.979000000000000000e+03,1.979000000000000000e+03,1.979000000000000000e+03,1.979000000000000000e+03,1.979000000000000000e+03,1.979000000000000000e+03,1.979000000000000000e+03,1.979000000000000000e+03,1.979000000000000000e+03,1.979000000000000000e+03,1.979000000000000000e+03,1.979000000000000000e+03,1.979000000000000000e+03,1.979000000000000000e+03,1.979000000000000000e+03,1.979000000000000000e+03,1.979000000000000000e+03,1.979000000000000000e+03,1.979000000000000000e+03,1.979000000000000000e+03,1.979000000000000000e+03,1.979000000000000000e+03,1.979000000000000000e+03,1.979000000000000000e+03,1.979000000000000000e+03,1.979000000000000000e+03,1.979000000000000000e+03,1.979000000000000000e+03,1.979000000000000000e+03,1.979000000000000000e+03,1.979000000000000000e+03,1.979000000000000000e+03,1.979000000000000000e+03,1.979000000000000000e+03,1.979000000000000000e+03,1.979000000000000000e+03,1.979000000000000000e+03,1.979000000000000000e+03,1.979000000000000000e+03,1.979000000000000000e+03,1.979000000000000000e+03,1.979000000000000000e+03,1.979000000000000000e+03,1.979000000000000000e+03,1.979000000000000000e+03,1.979000000000000000e+03,1.979000000000000000e+03,1.979000000000000000e+03,1.979000000000000000e+03,1.979000000000000000e+03,1.979000000000000000e+03,1.979000000000000000e+03,1.979000000000000000e+03,1.979000000000000000e+03,1.979000000000000000e+03,1.979000000000000000e+03,1.979000000000000000e+03,1.979000000000000000e+03,1.979000000000000000e+03,1.979000000000000000e+03,1.979000000000000000e+03,1.979000000000000000e+03,1.979000000000000000e+03,1.979000000000000000e+03,1.979000000000000000e+03,1.979000000000000000e+03,1.979000000000000000e+03,1.979000000000000000e+03,1.979000000000000000e+03,1.979000000000000000e+03,1.979000000000000000e+03,1.979000000000000000e+03,1.979000000000000000e+03,1.979000000000000000e+03,1.979000000000000000e+03,1.979000000000000000e+03,1.979000000000000000e+03,1.979000000000000000e+03,1.979000000000000000e+03,1.979000000000000000e+03,1.979000000000000000e+03,1.979000000000000000e+03,1.979000000000000000e+03,1.979000000000000000e+03,1.979000000000000000e+03,1.979000000000000000e+03,1.979000000000000000e+03,1.979000000000000000e+03,1.979000000000000000e+03,1.979000000000000000e+03,1.979000000000000000e+03,1.979000000000000000e+03,1.979000000000000000e+03,1.979000000000000000e+03,1.979000000000000000e+03,1.979000000000000000e+03,1.979000000000000000e+03,1.979000000000000000e+03,1.979000000000000000e+03,1.979000000000000000e+03,1.979000000000000000e+03,1.979000000000000000e+03,1.979000000000000000e+03,1.979000000000000000e+03,1.979000000000000000e+03,1.979000000000000000e+03,1.979000000000000000e+03,1.979000000000000000e+03,1.979000000000000000e+03,1.979000000000000000e+03,1.979000000000000000e+03,1.980000000000000000e+03,1.980000000000000000e+03,1.980000000000000000e+03,1.980000000000000000e+03,1.980000000000000000e+03,1.980000000000000000e+03,1.980000000000000000e+03,1.980000000000000000e+03,1.980000000000000000e+03,1.980000000000000000e+03,1.980000000000000000e+03,1.980000000000000000e+03,1.980000000000000000e+03,1.980000000000000000e+03,1.980000000000000000e+03,1.980000000000000000e+03,1.980000000000000000e+03,1.980000000000000000e+03,1.980000000000000000e+03,1.980000000000000000e+03,1.980000000000000000e+03,1.980000000000000000e+03,1.980000000000000000e+03,1.980000000000000000e+03,1.980000000000000000e+03,1.980000000000000000e+03,1.980000000000000000e+03,1.980000000000000000e+03,1.980000000000000000e+03,1.980000000000000000e+03,1.980000000000000000e+03,1.980000000000000000e+03,1.980000000000000000e+03,1.980000000000000000e+03,1.980000000000000000e+03,1.980000000000000000e+03,1.980000000000000000e+03,1.980000000000000000e+03,1.980000000000000000e+03,1.980000000000000000e+03,1.980000000000000000e+03,1.980000000000000000e+03,1.980000000000000000e+03,1.980000000000000000e+03,1.980000000000000000e+03,1.980000000000000000e+03,1.980000000000000000e+03,1.980000000000000000e+03,1.980000000000000000e+03,1.980000000000000000e+03,1.980000000000000000e+03,1.980000000000000000e+03,1.980000000000000000e+03,1.980000000000000000e+03,1.980000000000000000e+03,1.980000000000000000e+03,1.980000000000000000e+03,1.980000000000000000e+03,1.980000000000000000e+03,1.980000000000000000e+03,1.980000000000000000e+03,1.980000000000000000e+03,1.980000000000000000e+03,1.980000000000000000e+03,1.980000000000000000e+03,1.980000000000000000e+03,1.980000000000000000e+03,1.980000000000000000e+03,1.980000000000000000e+03,1.980000000000000000e+03,1.980000000000000000e+03,1.980000000000000000e+03,1.980000000000000000e+03,1.980000000000000000e+03,1.980000000000000000e+03,1.980000000000000000e+03,1.980000000000000000e+03,1.980000000000000000e+03,1.980000000000000000e+03,1.980000000000000000e+03,1.980000000000000000e+03,1.980000000000000000e+03,1.980000000000000000e+03,1.980000000000000000e+03,1.980000000000000000e+03,1.980000000000000000e+03,1.980000000000000000e+03,1.980000000000000000e+03,1.980000000000000000e+03,1.980000000000000000e+03,1.980000000000000000e+03,1.980000000000000000e+03,1.980000000000000000e+03,1.980000000000000000e+03,1.980000000000000000e+03,1.980000000000000000e+03,1.980000000000000000e+03,1.980000000000000000e+03,1.980000000000000000e+03,1.980000000000000000e+03,1.980000000000000000e+03,1.980000000000000000e+03,1.980000000000000000e+03,1.980000000000000000e+03,1.980000000000000000e+03,1.980000000000000000e+03,1.980000000000000000e+03,1.980000000000000000e+03,1.980000000000000000e+03,1.980000000000000000e+03,1.980000000000000000e+03,1.980000000000000000e+03,1.980000000000000000e+03,1.980000000000000000e+03,1.980000000000000000e+03,1.980000000000000000e+03,1.980000000000000000e+03,1.980000000000000000e+03,1.980000000000000000e+03,1.980000000000000000e+03,1.980000000000000000e+03,1.980000000000000000e+03,1.980000000000000000e+03,1.980000000000000000e+03,1.980000000000000000e+03,1.980000000000000000e+03,1.980000000000000000e+03,1.980000000000000000e+03,1.980000000000000000e+03,1.980000000000000000e+03,1.980000000000000000e+03,1.980000000000000000e+03,1.980000000000000000e+03,1.980000000000000000e+03,1.980000000000000000e+03,1.980000000000000000e+03,1.980000000000000000e+03,1.980000000000000000e+03,1.980000000000000000e+03,1.980000000000000000e+03,1.980000000000000000e+03,1.980000000000000000e+03,1.981000000000000000e+03,1.981000000000000000e+03,1.981000000000000000e+03,1.981000000000000000e+03,1.981000000000000000e+03,1.981000000000000000e+03,1.981000000000000000e+03,1.981000000000000000e+03,1.981000000000000000e+03,1.981000000000000000e+03,1.981000000000000000e+03,1.981000000000000000e+03,1.981000000000000000e+03,1.981000000000000000e+03,1.981000000000000000e+03,1.981000000000000000e+03,1.981000000000000000e+03,1.981000000000000000e+03,1.981000000000000000e+03,1.981000000000000000e+03,1.981000000000000000e+03,1.981000000000000000e+03,1.981000000000000000e+03,1.981000000000000000e+03,1.981000000000000000e+03,1.981000000000000000e+03,1.981000000000000000e+03,1.981000000000000000e+03,1.981000000000000000e+03,1.981000000000000000e+03,1.981000000000000000e+03,1.981000000000000000e+03,1.981000000000000000e+03,1.981000000000000000e+03,1.981000000000000000e+03,1.981000000000000000e+03,1.981000000000000000e+03,1.981000000000000000e+03,1.981000000000000000e+03,1.981000000000000000e+03,1.981000000000000000e+03,1.981000000000000000e+03,1.981000000000000000e+03,1.981000000000000000e+03,1.981000000000000000e+03,1.981000000000000000e+03,1.981000000000000000e+03,1.981000000000000000e+03,1.981000000000000000e+03,1.981000000000000000e+03,1.981000000000000000e+03,1.981000000000000000e+03,1.981000000000000000e+03,1.981000000000000000e+03,1.981000000000000000e+03,1.981000000000000000e+03,1.981000000000000000e+03,1.981000000000000000e+03,1.981000000000000000e+03,1.981000000000000000e+03,1.981000000000000000e+03,1.981000000000000000e+03,1.981000000000000000e+03,1.981000000000000000e+03,1.981000000000000000e+03,1.981000000000000000e+03,1.981000000000000000e+03,1.981000000000000000e+03,1.981000000000000000e+03,1.981000000000000000e+03,1.981000000000000000e+03,1.981000000000000000e+03,1.981000000000000000e+03,1.981000000000000000e+03,1.981000000000000000e+03,1.981000000000000000e+03,1.981000000000000000e+03,1.981000000000000000e+03,1.981000000000000000e+03,1.981000000000000000e+03,1.981000000000000000e+03,1.981000000000000000e+03,1.981000000000000000e+03,1.981000000000000000e+03,1.981000000000000000e+03,1.981000000000000000e+03,1.981000000000000000e+03,1.981000000000000000e+03,1.981000000000000000e+03,1.981000000000000000e+03,1.981000000000000000e+03,1.981000000000000000e+03,1.981000000000000000e+03,1.981000000000000000e+03,1.981000000000000000e+03,1.981000000000000000e+03,1.981000000000000000e+03,1.981000000000000000e+03,1.981000000000000000e+03,1.981000000000000000e+03,1.981000000000000000e+03,1.981000000000000000e+03,1.981000000000000000e+03,1.981000000000000000e+03,1.981000000000000000e+03,1.981000000000000000e+03,1.981000000000000000e+03,1.981000000000000000e+03,1.981000000000000000e+03,1.981000000000000000e+03,1.981000000000000000e+03,1.981000000000000000e+03,1.981000000000000000e+03,1.981000000000000000e+03,1.981000000000000000e+03,1.981000000000000000e+03,1.981000000000000000e+03,1.981000000000000000e+03,1.981000000000000000e+03,1.981000000000000000e+03,1.981000000000000000e+03,1.981000000000000000e+03,1.981000000000000000e+03,1.981000000000000000e+03,1.981000000000000000e+03,1.981000000000000000e+03,1.981000000000000000e+03,1.981000000000000000e+03,1.981000000000000000e+03,1.981000000000000000e+03,1.981000000000000000e+03,1.981000000000000000e+03,1.981000000000000000e+03,1.981000000000000000e+03,1.981000000000000000e+03,1.981000000000000000e+03,1.981000000000000000e+03,1.981000000000000000e+03,1.981000000000000000e+03,1.981000000000000000e+03,1.981000000000000000e+03,1.981000000000000000e+03,1.981000000000000000e+03,1.982000000000000000e+03,1.982000000000000000e+03,1.982000000000000000e+03,1.982000000000000000e+03,1.982000000000000000e+03,1.982000000000000000e+03,1.982000000000000000e+03,1.982000000000000000e+03,1.982000000000000000e+03,1.982000000000000000e+03,1.982000000000000000e+03,1.982000000000000000e+03,1.982000000000000000e+03,1.982000000000000000e+03,1.982000000000000000e+03,1.982000000000000000e+03,1.982000000000000000e+03,1.982000000000000000e+03,1.982000000000000000e+03,1.982000000000000000e+03,1.982000000000000000e+03,1.982000000000000000e+03,1.982000000000000000e+03,1.982000000000000000e+03,1.982000000000000000e+03,1.982000000000000000e+03,1.982000000000000000e+03,1.982000000000000000e+03,1.982000000000000000e+03,1.982000000000000000e+03,1.982000000000000000e+03,1.982000000000000000e+03,1.982000000000000000e+03,1.982000000000000000e+03,1.982000000000000000e+03,1.982000000000000000e+03,1.982000000000000000e+03,1.982000000000000000e+03,1.982000000000000000e+03,1.982000000000000000e+03,1.982000000000000000e+03,1.982000000000000000e+03,1.982000000000000000e+03,1.982000000000000000e+03,1.982000000000000000e+03,1.982000000000000000e+03,1.982000000000000000e+03,1.982000000000000000e+03,1.982000000000000000e+03,1.982000000000000000e+03,1.982000000000000000e+03,1.982000000000000000e+03,1.982000000000000000e+03,1.982000000000000000e+03,1.982000000000000000e+03,1.982000000000000000e+03,1.982000000000000000e+03,1.982000000000000000e+03,1.982000000000000000e+03,1.982000000000000000e+03,1.982000000000000000e+03,1.982000000000000000e+03,1.982000000000000000e+03,1.982000000000000000e+03,1.982000000000000000e+03,1.982000000000000000e+03,1.982000000000000000e+03,1.982000000000000000e+03,1.982000000000000000e+03,1.982000000000000000e+03,1.982000000000000000e+03,1.982000000000000000e+03,1.982000000000000000e+03,1.982000000000000000e+03,1.982000000000000000e+03,1.982000000000000000e+03,1.982000000000000000e+03,1.982000000000000000e+03,1.982000000000000000e+03,1.982000000000000000e+03,1.982000000000000000e+03,1.982000000000000000e+03,1.982000000000000000e+03,1.982000000000000000e+03,1.982000000000000000e+03,1.982000000000000000e+03,1.982000000000000000e+03,1.982000000000000000e+03,1.982000000000000000e+03,1.982000000000000000e+03,1.982000000000000000e+03,1.982000000000000000e+03,1.982000000000000000e+03,1.982000000000000000e+03,1.982000000000000000e+03,1.982000000000000000e+03,1.982000000000000000e+03,1.982000000000000000e+03,1.982000000000000000e+03,1.982000000000000000e+03,1.982000000000000000e+03,1.982000000000000000e+03,1.982000000000000000e+03,1.982000000000000000e+03,1.982000000000000000e+03,1.982000000000000000e+03,1.982000000000000000e+03,1.982000000000000000e+03,1.982000000000000000e+03,1.982000000000000000e+03,1.982000000000000000e+03,1.982000000000000000e+03,1.982000000000000000e+03,1.982000000000000000e+03,1.982000000000000000e+03,1.982000000000000000e+03,1.982000000000000000e+03,1.982000000000000000e+03,1.982000000000000000e+03,1.982000000000000000e+03,1.982000000000000000e+03,1.982000000000000000e+03,1.982000000000000000e+03,1.982000000000000000e+03,1.982000000000000000e+03,1.982000000000000000e+03,1.982000000000000000e+03,1.982000000000000000e+03,1.982000000000000000e+03,1.982000000000000000e+03,1.982000000000000000e+03,1.982000000000000000e+03,1.982000000000000000e+03,1.982000000000000000e+03,1.982000000000000000e+03,1.982000000000000000e+03,1.982000000000000000e+03,1.982000000000000000e+03,1.982000000000000000e+03,1.982000000000000000e+03,1.982000000000000000e+03,1.982000000000000000e+03,1.982000000000000000e+03,1.983000000000000000e+03,1.983000000000000000e+03,1.983000000000000000e+03,1.983000000000000000e+03,1.983000000000000000e+03,1.983000000000000000e+03,1.983000000000000000e+03,1.983000000000000000e+03,1.983000000000000000e+03,1.983000000000000000e+03,1.983000000000000000e+03,1.983000000000000000e+03,1.983000000000000000e+03,1.983000000000000000e+03,1.983000000000000000e+03,1.983000000000000000e+03,1.983000000000000000e+03,1.983000000000000000e+03,1.983000000000000000e+03,1.983000000000000000e+03,1.983000000000000000e+03,1.983000000000000000e+03,1.983000000000000000e+03,1.983000000000000000e+03,1.983000000000000000e+03,1.983000000000000000e+03,1.983000000000000000e+03,1.983000000000000000e+03,1.983000000000000000e+03,1.983000000000000000e+03,1.983000000000000000e+03,1.983000000000000000e+03,1.983000000000000000e+03,1.983000000000000000e+03,1.983000000000000000e+03,1.983000000000000000e+03,1.983000000000000000e+03,1.983000000000000000e+03,1.983000000000000000e+03,1.983000000000000000e+03,1.983000000000000000e+03,1.983000000000000000e+03,1.983000000000000000e+03,1.983000000000000000e+03,1.983000000000000000e+03,1.983000000000000000e+03,1.983000000000000000e+03,1.983000000000000000e+03,1.983000000000000000e+03,1.983000000000000000e+03,1.983000000000000000e+03,1.983000000000000000e+03,1.983000000000000000e+03,1.983000000000000000e+03,1.983000000000000000e+03,1.983000000000000000e+03,1.983000000000000000e+03,1.983000000000000000e+03,1.983000000000000000e+03,1.983000000000000000e+03,1.983000000000000000e+03,1.983000000000000000e+03,1.983000000000000000e+03,1.983000000000000000e+03,1.983000000000000000e+03,1.983000000000000000e+03,1.983000000000000000e+03,1.983000000000000000e+03,1.983000000000000000e+03,1.983000000000000000e+03,1.983000000000000000e+03,1.983000000000000000e+03,1.983000000000000000e+03,1.983000000000000000e+03,1.983000000000000000e+03,1.983000000000000000e+03,1.983000000000000000e+03,1.983000000000000000e+03,1.983000000000000000e+03,1.983000000000000000e+03,1.983000000000000000e+03,1.983000000000000000e+03,1.983000000000000000e+03,1.983000000000000000e+03,1.983000000000000000e+03,1.983000000000000000e+03,1.983000000000000000e+03,1.983000000000000000e+03,1.983000000000000000e+03,1.983000000000000000e+03,1.983000000000000000e+03,1.983000000000000000e+03,1.983000000000000000e+03,1.983000000000000000e+03,1.983000000000000000e+03,1.983000000000000000e+03,1.983000000000000000e+03,1.983000000000000000e+03,1.983000000000000000e+03,1.983000000000000000e+03,1.983000000000000000e+03,1.983000000000000000e+03,1.983000000000000000e+03,1.983000000000000000e+03,1.983000000000000000e+03,1.983000000000000000e+03,1.983000000000000000e+03,1.983000000000000000e+03,1.983000000000000000e+03,1.983000000000000000e+03,1.983000000000000000e+03,1.983000000000000000e+03,1.983000000000000000e+03,1.983000000000000000e+03,1.983000000000000000e+03,1.983000000000000000e+03,1.983000000000000000e+03,1.983000000000000000e+03,1.983000000000000000e+03,1.983000000000000000e+03,1.983000000000000000e+03,1.983000000000000000e+03,1.983000000000000000e+03,1.983000000000000000e+03,1.983000000000000000e+03,1.983000000000000000e+03,1.983000000000000000e+03,1.983000000000000000e+03,1.983000000000000000e+03,1.983000000000000000e+03,1.983000000000000000e+03,1.983000000000000000e+03,1.983000000000000000e+03,1.983000000000000000e+03,1.983000000000000000e+03,1.983000000000000000e+03,1.983000000000000000e+03,1.983000000000000000e+03,1.983000000000000000e+03,1.983000000000000000e+03,1.983000000000000000e+03,1.983000000000000000e+03,1.983000000000000000e+03,1.984000000000000000e+03,1.984000000000000000e+03,1.984000000000000000e+03,1.984000000000000000e+03,1.984000000000000000e+03,1.984000000000000000e+03,1.984000000000000000e+03,1.984000000000000000e+03,1.984000000000000000e+03,1.984000000000000000e+03,1.984000000000000000e+03,1.984000000000000000e+03,1.984000000000000000e+03,1.984000000000000000e+03,1.984000000000000000e+03,1.984000000000000000e+03,1.984000000000000000e+03,1.984000000000000000e+03,1.984000000000000000e+03,1.984000000000000000e+03,1.984000000000000000e+03,1.984000000000000000e+03,1.984000000000000000e+03,1.984000000000000000e+03,1.984000000000000000e+03,1.984000000000000000e+03,1.984000000000000000e+03,1.984000000000000000e+03,1.984000000000000000e+03,1.984000000000000000e+03,1.984000000000000000e+03,1.984000000000000000e+03,1.984000000000000000e+03,1.984000000000000000e+03,1.984000000000000000e+03,1.984000000000000000e+03,1.984000000000000000e+03,1.984000000000000000e+03,1.984000000000000000e+03,1.984000000000000000e+03,1.984000000000000000e+03,1.984000000000000000e+03,1.984000000000000000e+03,1.984000000000000000e+03,1.984000000000000000e+03,1.984000000000000000e+03,1.984000000000000000e+03,1.984000000000000000e+03,1.984000000000000000e+03,1.984000000000000000e+03,1.984000000000000000e+03,1.984000000000000000e+03,1.984000000000000000e+03,1.984000000000000000e+03,1.984000000000000000e+03,1.984000000000000000e+03,1.984000000000000000e+03,1.984000000000000000e+03,1.984000000000000000e+03,1.984000000000000000e+03,1.984000000000000000e+03,1.984000000000000000e+03,1.984000000000000000e+03,1.984000000000000000e+03,1.984000000000000000e+03,1.984000000000000000e+03,1.984000000000000000e+03,1.984000000000000000e+03,1.984000000000000000e+03,1.984000000000000000e+03,1.984000000000000000e+03,1.984000000000000000e+03,1.984000000000000000e+03,1.984000000000000000e+03,1.984000000000000000e+03,1.984000000000000000e+03,1.984000000000000000e+03,1.984000000000000000e+03,1.984000000000000000e+03,1.984000000000000000e+03,1.984000000000000000e+03,1.984000000000000000e+03,1.984000000000000000e+03,1.984000000000000000e+03,1.984000000000000000e+03,1.984000000000000000e+03,1.984000000000000000e+03,1.984000000000000000e+03,1.984000000000000000e+03,1.984000000000000000e+03,1.984000000000000000e+03,1.984000000000000000e+03,1.984000000000000000e+03,1.984000000000000000e+03,1.984000000000000000e+03,1.984000000000000000e+03,1.984000000000000000e+03,1.984000000000000000e+03,1.984000000000000000e+03,1.984000000000000000e+03,1.984000000000000000e+03,1.984000000000000000e+03,1.984000000000000000e+03,1.984000000000000000e+03,1.984000000000000000e+03,1.984000000000000000e+03,1.984000000000000000e+03,1.984000000000000000e+03,1.984000000000000000e+03,1.984000000000000000e+03,1.984000000000000000e+03,1.984000000000000000e+03,1.984000000000000000e+03,1.984000000000000000e+03,1.984000000000000000e+03,1.984000000000000000e+03,1.984000000000000000e+03,1.984000000000000000e+03,1.984000000000000000e+03,1.984000000000000000e+03,1.984000000000000000e+03,1.984000000000000000e+03,1.984000000000000000e+03,1.984000000000000000e+03,1.984000000000000000e+03,1.984000000000000000e+03,1.984000000000000000e+03,1.984000000000000000e+03,1.984000000000000000e+03,1.984000000000000000e+03,1.984000000000000000e+03,1.984000000000000000e+03,1.984000000000000000e+03,1.984000000000000000e+03,1.984000000000000000e+03,1.984000000000000000e+03,1.984000000000000000e+03,1.984000000000000000e+03,1.984000000000000000e+03,1.984000000000000000e+03,1.984000000000000000e+03,1.984000000000000000e+03,1.984000000000000000e+03,1.984000000000000000e+03,1.985000000000000000e+03,1.985000000000000000e+03,1.985000000000000000e+03,1.985000000000000000e+03,1.985000000000000000e+03,1.985000000000000000e+03,1.985000000000000000e+03,1.985000000000000000e+03,1.985000000000000000e+03,1.985000000000000000e+03,1.985000000000000000e+03,1.985000000000000000e+03,1.985000000000000000e+03,1.985000000000000000e+03,1.985000000000000000e+03,1.985000000000000000e+03,1.985000000000000000e+03,1.985000000000000000e+03,1.985000000000000000e+03,1.985000000000000000e+03,1.985000000000000000e+03,1.985000000000000000e+03,1.985000000000000000e+03,1.985000000000000000e+03,1.985000000000000000e+03,1.985000000000000000e+03,1.985000000000000000e+03,1.985000000000000000e+03,1.985000000000000000e+03,1.985000000000000000e+03,1.985000000000000000e+03,1.985000000000000000e+03,1.985000000000000000e+03,1.985000000000000000e+03,1.985000000000000000e+03,1.985000000000000000e+03,1.985000000000000000e+03,1.985000000000000000e+03,1.985000000000000000e+03,1.985000000000000000e+03,1.985000000000000000e+03,1.985000000000000000e+03,1.985000000000000000e+03,1.985000000000000000e+03,1.985000000000000000e+03,1.985000000000000000e+03,1.985000000000000000e+03,1.985000000000000000e+03,1.985000000000000000e+03,1.985000000000000000e+03,1.985000000000000000e+03,1.985000000000000000e+03,1.985000000000000000e+03,1.985000000000000000e+03,1.985000000000000000e+03,1.985000000000000000e+03,1.985000000000000000e+03,1.985000000000000000e+03,1.985000000000000000e+03,1.985000000000000000e+03,1.985000000000000000e+03,1.985000000000000000e+03,1.985000000000000000e+03,1.985000000000000000e+03,1.985000000000000000e+03,1.985000000000000000e+03,1.985000000000000000e+03,1.985000000000000000e+03,1.985000000000000000e+03,1.985000000000000000e+03,1.985000000000000000e+03,1.985000000000000000e+03,1.985000000000000000e+03,1.985000000000000000e+03,1.985000000000000000e+03,1.985000000000000000e+03,1.985000000000000000e+03,1.985000000000000000e+03,1.985000000000000000e+03,1.985000000000000000e+03,1.985000000000000000e+03,1.985000000000000000e+03,1.985000000000000000e+03,1.985000000000000000e+03,1.985000000000000000e+03,1.985000000000000000e+03,1.985000000000000000e+03,1.985000000000000000e+03,1.985000000000000000e+03,1.985000000000000000e+03,1.985000000000000000e+03,1.985000000000000000e+03,1.985000000000000000e+03,1.985000000000000000e+03,1.985000000000000000e+03,1.985000000000000000e+03,1.985000000000000000e+03,1.985000000000000000e+03,1.985000000000000000e+03,1.985000000000000000e+03,1.985000000000000000e+03,1.985000000000000000e+03,1.985000000000000000e+03,1.985000000000000000e+03,1.985000000000000000e+03,1.985000000000000000e+03,1.985000000000000000e+03,1.985000000000000000e+03,1.985000000000000000e+03,1.985000000000000000e+03,1.985000000000000000e+03,1.985000000000000000e+03,1.985000000000000000e+03,1.985000000000000000e+03,1.985000000000000000e+03,1.985000000000000000e+03,1.985000000000000000e+03,1.985000000000000000e+03,1.985000000000000000e+03,1.985000000000000000e+03,1.985000000000000000e+03,1.985000000000000000e+03,1.985000000000000000e+03,1.985000000000000000e+03,1.985000000000000000e+03,1.985000000000000000e+03,1.985000000000000000e+03,1.985000000000000000e+03,1.985000000000000000e+03,1.985000000000000000e+03,1.985000000000000000e+03,1.985000000000000000e+03,1.985000000000000000e+03,1.985000000000000000e+03,1.985000000000000000e+03,1.985000000000000000e+03,1.985000000000000000e+03,1.985000000000000000e+03,1.985000000000000000e+03,1.985000000000000000e+03,1.985000000000000000e+03,1.985000000000000000e+03,1.985000000000000000e+03,1.985000000000000000e+03,1.986000000000000000e+03,1.986000000000000000e+03,1.986000000000000000e+03,1.986000000000000000e+03,1.986000000000000000e+03,1.986000000000000000e+03,1.986000000000000000e+03,1.986000000000000000e+03,1.986000000000000000e+03,1.986000000000000000e+03,1.986000000000000000e+03,1.986000000000000000e+03,1.986000000000000000e+03,1.986000000000000000e+03,1.986000000000000000e+03,1.986000000000000000e+03,1.986000000000000000e+03,1.986000000000000000e+03,1.986000000000000000e+03,1.986000000000000000e+03,1.986000000000000000e+03,1.986000000000000000e+03,1.986000000000000000e+03,1.986000000000000000e+03,1.986000000000000000e+03,1.986000000000000000e+03,1.986000000000000000e+03,1.986000000000000000e+03,1.986000000000000000e+03,1.986000000000000000e+03,1.986000000000000000e+03,1.986000000000000000e+03,1.986000000000000000e+03,1.986000000000000000e+03,1.986000000000000000e+03,1.986000000000000000e+03,1.986000000000000000e+03,1.986000000000000000e+03,1.986000000000000000e+03,1.986000000000000000e+03,1.986000000000000000e+03,1.986000000000000000e+03,1.986000000000000000e+03,1.986000000000000000e+03,1.986000000000000000e+03,1.986000000000000000e+03,1.986000000000000000e+03,1.986000000000000000e+03,1.986000000000000000e+03,1.986000000000000000e+03,1.986000000000000000e+03,1.986000000000000000e+03,1.986000000000000000e+03,1.986000000000000000e+03,1.986000000000000000e+03,1.986000000000000000e+03,1.986000000000000000e+03,1.986000000000000000e+03,1.986000000000000000e+03,1.986000000000000000e+03,1.986000000000000000e+03,1.986000000000000000e+03,1.986000000000000000e+03,1.986000000000000000e+03,1.986000000000000000e+03,1.986000000000000000e+03,1.986000000000000000e+03,1.986000000000000000e+03,1.986000000000000000e+03,1.986000000000000000e+03,1.986000000000000000e+03,1.986000000000000000e+03,1.986000000000000000e+03,1.986000000000000000e+03,1.986000000000000000e+03,1.986000000000000000e+03,1.986000000000000000e+03,1.986000000000000000e+03,1.986000000000000000e+03,1.986000000000000000e+03,1.986000000000000000e+03,1.986000000000000000e+03,1.986000000000000000e+03,1.986000000000000000e+03,1.986000000000000000e+03,1.986000000000000000e+03,1.986000000000000000e+03,1.986000000000000000e+03,1.986000000000000000e+03,1.986000000000000000e+03,1.986000000000000000e+03,1.986000000000000000e+03,1.986000000000000000e+03,1.986000000000000000e+03,1.986000000000000000e+03,1.986000000000000000e+03,1.986000000000000000e+03,1.986000000000000000e+03,1.986000000000000000e+03,1.986000000000000000e+03,1.986000000000000000e+03,1.986000000000000000e+03,1.986000000000000000e+03,1.986000000000000000e+03,1.986000000000000000e+03,1.986000000000000000e+03,1.986000000000000000e+03,1.986000000000000000e+03,1.986000000000000000e+03,1.986000000000000000e+03,1.986000000000000000e+03,1.986000000000000000e+03,1.986000000000000000e+03,1.986000000000000000e+03,1.986000000000000000e+03,1.986000000000000000e+03,1.986000000000000000e+03,1.986000000000000000e+03,1.986000000000000000e+03,1.986000000000000000e+03,1.986000000000000000e+03,1.986000000000000000e+03,1.986000000000000000e+03,1.986000000000000000e+03,1.986000000000000000e+03,1.986000000000000000e+03,1.986000000000000000e+03,1.986000000000000000e+03,1.986000000000000000e+03,1.986000000000000000e+03,1.986000000000000000e+03,1.986000000000000000e+03,1.986000000000000000e+03,1.986000000000000000e+03,1.986000000000000000e+03,1.986000000000000000e+03,1.986000000000000000e+03,1.986000000000000000e+03,1.986000000000000000e+03,1.986000000000000000e+03,1.986000000000000000e+03,1.986000000000000000e+03,1.986000000000000000e+03,1.986000000000000000e+03,1.986000000000000000e+03,1.987000000000000000e+03,1.987000000000000000e+03,1.987000000000000000e+03,1.987000000000000000e+03,1.987000000000000000e+03,1.987000000000000000e+03,1.987000000000000000e+03,1.987000000000000000e+03,1.987000000000000000e+03,1.987000000000000000e+03,1.987000000000000000e+03,1.987000000000000000e+03,1.987000000000000000e+03,1.987000000000000000e+03,1.987000000000000000e+03,1.987000000000000000e+03,1.987000000000000000e+03,1.987000000000000000e+03,1.987000000000000000e+03,1.987000000000000000e+03,1.987000000000000000e+03,1.987000000000000000e+03,1.987000000000000000e+03,1.987000000000000000e+03,1.987000000000000000e+03,1.987000000000000000e+03,1.987000000000000000e+03,1.987000000000000000e+03,1.987000000000000000e+03,1.987000000000000000e+03,1.987000000000000000e+03,1.987000000000000000e+03,1.987000000000000000e+03,1.987000000000000000e+03,1.987000000000000000e+03,1.987000000000000000e+03,1.987000000000000000e+03,1.987000000000000000e+03,1.987000000000000000e+03,1.987000000000000000e+03,1.987000000000000000e+03,1.987000000000000000e+03,1.987000000000000000e+03,1.987000000000000000e+03,1.987000000000000000e+03,1.987000000000000000e+03,1.987000000000000000e+03,1.987000000000000000e+03,1.987000000000000000e+03,1.987000000000000000e+03,1.987000000000000000e+03,1.987000000000000000e+03,1.987000000000000000e+03,1.987000000000000000e+03,1.987000000000000000e+03,1.987000000000000000e+03,1.987000000000000000e+03,1.987000000000000000e+03,1.987000000000000000e+03,1.987000000000000000e+03,1.987000000000000000e+03,1.987000000000000000e+03,1.987000000000000000e+03,1.987000000000000000e+03,1.987000000000000000e+03,1.987000000000000000e+03,1.987000000000000000e+03,1.987000000000000000e+03,1.987000000000000000e+03,1.987000000000000000e+03,1.987000000000000000e+03,1.987000000000000000e+03,1.987000000000000000e+03,1.987000000000000000e+03,1.987000000000000000e+03,1.987000000000000000e+03,1.987000000000000000e+03,1.987000000000000000e+03,1.987000000000000000e+03,1.987000000000000000e+03,1.987000000000000000e+03,1.987000000000000000e+03,1.987000000000000000e+03,1.987000000000000000e+03,1.987000000000000000e+03,1.987000000000000000e+03,1.987000000000000000e+03,1.987000000000000000e+03,1.987000000000000000e+03,1.987000000000000000e+03,1.987000000000000000e+03,1.987000000000000000e+03,1.987000000000000000e+03,1.987000000000000000e+03,1.987000000000000000e+03,1.987000000000000000e+03,1.987000000000000000e+03,1.987000000000000000e+03,1.987000000000000000e+03,1.987000000000000000e+03,1.987000000000000000e+03,1.987000000000000000e+03,1.987000000000000000e+03,1.987000000000000000e+03,1.987000000000000000e+03,1.987000000000000000e+03,1.987000000000000000e+03,1.987000000000000000e+03,1.987000000000000000e+03,1.987000000000000000e+03,1.987000000000000000e+03,1.987000000000000000e+03,1.987000000000000000e+03,1.987000000000000000e+03,1.987000000000000000e+03,1.987000000000000000e+03,1.987000000000000000e+03,1.987000000000000000e+03,1.987000000000000000e+03,1.987000000000000000e+03,1.987000000000000000e+03,1.987000000000000000e+03,1.987000000000000000e+03,1.987000000000000000e+03,1.987000000000000000e+03,1.987000000000000000e+03,1.987000000000000000e+03,1.987000000000000000e+03,1.987000000000000000e+03,1.987000000000000000e+03,1.987000000000000000e+03,1.987000000000000000e+03,1.987000000000000000e+03,1.987000000000000000e+03,1.987000000000000000e+03,1.987000000000000000e+03,1.987000000000000000e+03,1.987000000000000000e+03,1.987000000000000000e+03,1.987000000000000000e+03,1.987000000000000000e+03,1.987000000000000000e+03,1.987000000000000000e+03,1.987000000000000000e+03,1.987000000000000000e+03,1.988000000000000000e+03,1.988000000000000000e+03,1.988000000000000000e+03,1.988000000000000000e+03,1.988000000000000000e+03,1.988000000000000000e+03,1.988000000000000000e+03,1.988000000000000000e+03,1.988000000000000000e+03,1.988000000000000000e+03,1.988000000000000000e+03,1.988000000000000000e+03,1.988000000000000000e+03,1.988000000000000000e+03,1.988000000000000000e+03,1.988000000000000000e+03,1.988000000000000000e+03,1.988000000000000000e+03,1.988000000000000000e+03,1.988000000000000000e+03,1.988000000000000000e+03,1.988000000000000000e+03,1.988000000000000000e+03,1.988000000000000000e+03,1.988000000000000000e+03,1.988000000000000000e+03,1.988000000000000000e+03,1.988000000000000000e+03,1.988000000000000000e+03,1.988000000000000000e+03,1.988000000000000000e+03,1.988000000000000000e+03,1.988000000000000000e+03,1.988000000000000000e+03,1.988000000000000000e+03,1.988000000000000000e+03,1.988000000000000000e+03,1.988000000000000000e+03,1.988000000000000000e+03,1.988000000000000000e+03,1.988000000000000000e+03,1.988000000000000000e+03,1.988000000000000000e+03,1.988000000000000000e+03,1.988000000000000000e+03,1.988000000000000000e+03,1.988000000000000000e+03,1.988000000000000000e+03,1.988000000000000000e+03,1.988000000000000000e+03,1.988000000000000000e+03,1.988000000000000000e+03,1.988000000000000000e+03,1.988000000000000000e+03,1.988000000000000000e+03,1.988000000000000000e+03,1.988000000000000000e+03,1.988000000000000000e+03,1.988000000000000000e+03,1.988000000000000000e+03,1.988000000000000000e+03,1.988000000000000000e+03,1.988000000000000000e+03,1.988000000000000000e+03,1.988000000000000000e+03,1.988000000000000000e+03,1.988000000000000000e+03,1.988000000000000000e+03,1.988000000000000000e+03,1.988000000000000000e+03,1.988000000000000000e+03,1.988000000000000000e+03,1.988000000000000000e+03,1.988000000000000000e+03,1.988000000000000000e+03,1.988000000000000000e+03,1.988000000000000000e+03,1.988000000000000000e+03,1.988000000000000000e+03,1.988000000000000000e+03,1.988000000000000000e+03,1.988000000000000000e+03,1.988000000000000000e+03,1.988000000000000000e+03,1.988000000000000000e+03,1.988000000000000000e+03,1.988000000000000000e+03,1.988000000000000000e+03,1.988000000000000000e+03,1.988000000000000000e+03,1.988000000000000000e+03,1.988000000000000000e+03,1.988000000000000000e+03,1.988000000000000000e+03,1.988000000000000000e+03,1.988000000000000000e+03,1.988000000000000000e+03,1.988000000000000000e+03,1.988000000000000000e+03,1.988000000000000000e+03,1.988000000000000000e+03,1.988000000000000000e+03,1.988000000000000000e+03,1.988000000000000000e+03,1.988000000000000000e+03,1.988000000000000000e+03,1.988000000000000000e+03,1.988000000000000000e+03,1.988000000000000000e+03,1.988000000000000000e+03,1.988000000000000000e+03,1.988000000000000000e+03,1.988000000000000000e+03,1.988000000000000000e+03,1.988000000000000000e+03,1.988000000000000000e+03,1.988000000000000000e+03,1.988000000000000000e+03,1.988000000000000000e+03,1.988000000000000000e+03,1.988000000000000000e+03,1.988000000000000000e+03,1.988000000000000000e+03,1.988000000000000000e+03,1.988000000000000000e+03,1.988000000000000000e+03,1.988000000000000000e+03,1.988000000000000000e+03,1.988000000000000000e+03,1.988000000000000000e+03,1.988000000000000000e+03,1.988000000000000000e+03,1.988000000000000000e+03,1.988000000000000000e+03,1.988000000000000000e+03,1.988000000000000000e+03,1.988000000000000000e+03,1.988000000000000000e+03,1.988000000000000000e+03,1.988000000000000000e+03,1.988000000000000000e+03,1.988000000000000000e+03,1.988000000000000000e+03,1.988000000000000000e+03,1.988000000000000000e+03,1.989000000000000000e+03,1.989000000000000000e+03,1.989000000000000000e+03,1.989000000000000000e+03,1.989000000000000000e+03,1.989000000000000000e+03,1.989000000000000000e+03,1.989000000000000000e+03,1.989000000000000000e+03,1.989000000000000000e+03,1.989000000000000000e+03,1.989000000000000000e+03,1.989000000000000000e+03,1.989000000000000000e+03,1.989000000000000000e+03,1.989000000000000000e+03,1.989000000000000000e+03,1.989000000000000000e+03,1.989000000000000000e+03,1.989000000000000000e+03,1.989000000000000000e+03,1.989000000000000000e+03,1.989000000000000000e+03,1.989000000000000000e+03,1.989000000000000000e+03,1.989000000000000000e+03,1.989000000000000000e+03,1.989000000000000000e+03,1.989000000000000000e+03,1.989000000000000000e+03,1.989000000000000000e+03,1.989000000000000000e+03,1.989000000000000000e+03,1.989000000000000000e+03,1.989000000000000000e+03,1.989000000000000000e+03,1.989000000000000000e+03,1.989000000000000000e+03,1.989000000000000000e+03,1.989000000000000000e+03,1.989000000000000000e+03,1.989000000000000000e+03,1.989000000000000000e+03,1.989000000000000000e+03,1.989000000000000000e+03,1.989000000000000000e+03,1.989000000000000000e+03,1.989000000000000000e+03,1.989000000000000000e+03,1.989000000000000000e+03,1.989000000000000000e+03,1.989000000000000000e+03,1.989000000000000000e+03,1.989000000000000000e+03,1.989000000000000000e+03,1.989000000000000000e+03,1.989000000000000000e+03,1.989000000000000000e+03,1.989000000000000000e+03,1.989000000000000000e+03,1.989000000000000000e+03,1.989000000000000000e+03,1.989000000000000000e+03,1.989000000000000000e+03,1.989000000000000000e+03,1.989000000000000000e+03,1.989000000000000000e+03,1.989000000000000000e+03,1.989000000000000000e+03,1.989000000000000000e+03,1.989000000000000000e+03,1.989000000000000000e+03,1.989000000000000000e+03,1.989000000000000000e+03,1.989000000000000000e+03,1.989000000000000000e+03,1.989000000000000000e+03,1.989000000000000000e+03,1.989000000000000000e+03,1.989000000000000000e+03,1.989000000000000000e+03,1.989000000000000000e+03,1.989000000000000000e+03,1.989000000000000000e+03,1.989000000000000000e+03,1.989000000000000000e+03,1.989000000000000000e+03,1.989000000000000000e+03,1.989000000000000000e+03,1.989000000000000000e+03,1.989000000000000000e+03,1.989000000000000000e+03,1.989000000000000000e+03,1.989000000000000000e+03,1.989000000000000000e+03,1.989000000000000000e+03,1.989000000000000000e+03,1.989000000000000000e+03,1.989000000000000000e+03,1.989000000000000000e+03,1.989000000000000000e+03,1.989000000000000000e+03,1.989000000000000000e+03,1.989000000000000000e+03,1.989000000000000000e+03,1.989000000000000000e+03,1.989000000000000000e+03,1.989000000000000000e+03,1.989000000000000000e+03,1.989000000000000000e+03,1.989000000000000000e+03,1.989000000000000000e+03,1.989000000000000000e+03,1.989000000000000000e+03,1.989000000000000000e+03,1.989000000000000000e+03,1.989000000000000000e+03,1.989000000000000000e+03,1.989000000000000000e+03,1.989000000000000000e+03,1.989000000000000000e+03,1.989000000000000000e+03,1.989000000000000000e+03,1.989000000000000000e+03,1.989000000000000000e+03,1.989000000000000000e+03,1.989000000000000000e+03,1.989000000000000000e+03,1.989000000000000000e+03,1.989000000000000000e+03,1.989000000000000000e+03,1.989000000000000000e+03,1.989000000000000000e+03,1.989000000000000000e+03,1.989000000000000000e+03,1.989000000000000000e+03,1.989000000000000000e+03,1.989000000000000000e+03,1.989000000000000000e+03,1.989000000000000000e+03,1.989000000000000000e+03,1.989000000000000000e+03,1.989000000000000000e+03,1.989000000000000000e+03,1.989000000000000000e+03,1.989000000000000000e+03,1.990000000000000000e+03,1.990000000000000000e+03,1.990000000000000000e+03,1.990000000000000000e+03,1.990000000000000000e+03,1.990000000000000000e+03,1.990000000000000000e+03,1.990000000000000000e+03,1.990000000000000000e+03,1.990000000000000000e+03,1.990000000000000000e+03,1.990000000000000000e+03,1.990000000000000000e+03,1.990000000000000000e+03,1.990000000000000000e+03,1.990000000000000000e+03,1.990000000000000000e+03,1.990000000000000000e+03,1.990000000000000000e+03,1.990000000000000000e+03,1.990000000000000000e+03,1.990000000000000000e+03,1.990000000000000000e+03,1.990000000000000000e+03,1.990000000000000000e+03,1.990000000000000000e+03,1.990000000000000000e+03,1.990000000000000000e+03,1.990000000000000000e+03,1.990000000000000000e+03,1.990000000000000000e+03,1.990000000000000000e+03,1.990000000000000000e+03,1.990000000000000000e+03,1.990000000000000000e+03,1.990000000000000000e+03,1.990000000000000000e+03,1.990000000000000000e+03,1.990000000000000000e+03,1.990000000000000000e+03,1.990000000000000000e+03,1.990000000000000000e+03,1.990000000000000000e+03,1.990000000000000000e+03,1.990000000000000000e+03,1.990000000000000000e+03,1.990000000000000000e+03,1.990000000000000000e+03,1.990000000000000000e+03,1.990000000000000000e+03,1.990000000000000000e+03,1.990000000000000000e+03,1.990000000000000000e+03,1.990000000000000000e+03,1.990000000000000000e+03,1.990000000000000000e+03,1.990000000000000000e+03,1.990000000000000000e+03,1.990000000000000000e+03,1.990000000000000000e+03,1.990000000000000000e+03,1.990000000000000000e+03,1.990000000000000000e+03,1.990000000000000000e+03,1.990000000000000000e+03,1.990000000000000000e+03,1.990000000000000000e+03,1.990000000000000000e+03,1.990000000000000000e+03,1.990000000000000000e+03,1.990000000000000000e+03,1.990000000000000000e+03,1.990000000000000000e+03,1.990000000000000000e+03,1.990000000000000000e+03,1.990000000000000000e+03,1.990000000000000000e+03,1.990000000000000000e+03,1.990000000000000000e+03,1.990000000000000000e+03,1.990000000000000000e+03,1.990000000000000000e+03,1.990000000000000000e+03,1.990000000000000000e+03,1.990000000000000000e+03,1.990000000000000000e+03,1.990000000000000000e+03,1.990000000000000000e+03,1.990000000000000000e+03,1.990000000000000000e+03,1.990000000000000000e+03,1.990000000000000000e+03,1.990000000000000000e+03,1.990000000000000000e+03,1.990000000000000000e+03,1.990000000000000000e+03,1.990000000000000000e+03,1.990000000000000000e+03,1.990000000000000000e+03,1.990000000000000000e+03,1.990000000000000000e+03,1.990000000000000000e+03,1.990000000000000000e+03,1.990000000000000000e+03,1.990000000000000000e+03,1.990000000000000000e+03,1.990000000000000000e+03,1.990000000000000000e+03,1.990000000000000000e+03,1.990000000000000000e+03,1.990000000000000000e+03,1.990000000000000000e+03,1.990000000000000000e+03,1.990000000000000000e+03,1.990000000000000000e+03,1.990000000000000000e+03,1.990000000000000000e+03,1.990000000000000000e+03,1.990000000000000000e+03,1.990000000000000000e+03,1.990000000000000000e+03,1.990000000000000000e+03,1.990000000000000000e+03,1.990000000000000000e+03,1.990000000000000000e+03,1.990000000000000000e+03,1.990000000000000000e+03,1.990000000000000000e+03,1.990000000000000000e+03,1.990000000000000000e+03,1.990000000000000000e+03,1.990000000000000000e+03,1.990000000000000000e+03,1.990000000000000000e+03,1.990000000000000000e+03,1.990000000000000000e+03,1.990000000000000000e+03,1.990000000000000000e+03,1.990000000000000000e+03,1.990000000000000000e+03,1.990000000000000000e+03,1.990000000000000000e+03,1.990000000000000000e+03,1.990000000000000000e+03,1.990000000000000000e+03,1.990000000000000000e+03,1.991000000000000000e+03,1.991000000000000000e+03,1.991000000000000000e+03,1.991000000000000000e+03,1.991000000000000000e+03,1.991000000000000000e+03,1.991000000000000000e+03,1.991000000000000000e+03,1.991000000000000000e+03,1.991000000000000000e+03,1.991000000000000000e+03,1.991000000000000000e+03,1.991000000000000000e+03,1.991000000000000000e+03,1.991000000000000000e+03,1.991000000000000000e+03,1.991000000000000000e+03,1.991000000000000000e+03,1.991000000000000000e+03,1.991000000000000000e+03,1.991000000000000000e+03,1.991000000000000000e+03,1.991000000000000000e+03,1.991000000000000000e+03,1.991000000000000000e+03,1.991000000000000000e+03,1.991000000000000000e+03,1.991000000000000000e+03,1.991000000000000000e+03,1.991000000000000000e+03,1.991000000000000000e+03,1.991000000000000000e+03,1.991000000000000000e+03,1.991000000000000000e+03,1.991000000000000000e+03,1.991000000000000000e+03,1.991000000000000000e+03,1.991000000000000000e+03,1.991000000000000000e+03,1.991000000000000000e+03,1.991000000000000000e+03,1.991000000000000000e+03,1.991000000000000000e+03,1.991000000000000000e+03,1.991000000000000000e+03,1.991000000000000000e+03,1.991000000000000000e+03,1.991000000000000000e+03,1.991000000000000000e+03,1.991000000000000000e+03,1.991000000000000000e+03,1.991000000000000000e+03,1.991000000000000000e+03,1.991000000000000000e+03,1.991000000000000000e+03,1.991000000000000000e+03,1.991000000000000000e+03,1.991000000000000000e+03,1.991000000000000000e+03,1.991000000000000000e+03,1.991000000000000000e+03,1.991000000000000000e+03,1.991000000000000000e+03,1.991000000000000000e+03,1.991000000000000000e+03,1.991000000000000000e+03,1.991000000000000000e+03,1.991000000000000000e+03,1.991000000000000000e+03,1.991000000000000000e+03,1.991000000000000000e+03,1.991000000000000000e+03,1.991000000000000000e+03,1.991000000000000000e+03,1.991000000000000000e+03,1.991000000000000000e+03,1.991000000000000000e+03,1.991000000000000000e+03,1.991000000000000000e+03,1.991000000000000000e+03,1.991000000000000000e+03,1.991000000000000000e+03,1.991000000000000000e+03,1.991000000000000000e+03,1.991000000000000000e+03,1.991000000000000000e+03,1.991000000000000000e+03,1.991000000000000000e+03,1.991000000000000000e+03,1.991000000000000000e+03,1.991000000000000000e+03,1.991000000000000000e+03,1.991000000000000000e+03,1.991000000000000000e+03,1.991000000000000000e+03,1.991000000000000000e+03,1.991000000000000000e+03,1.991000000000000000e+03,1.991000000000000000e+03,1.991000000000000000e+03,1.991000000000000000e+03,1.991000000000000000e+03,1.991000000000000000e+03,1.991000000000000000e+03,1.991000000000000000e+03,1.991000000000000000e+03,1.991000000000000000e+03,1.991000000000000000e+03,1.991000000000000000e+03,1.991000000000000000e+03,1.991000000000000000e+03,1.991000000000000000e+03,1.991000000000000000e+03,1.991000000000000000e+03,1.991000000000000000e+03,1.991000000000000000e+03,1.991000000000000000e+03,1.991000000000000000e+03,1.991000000000000000e+03,1.991000000000000000e+03,1.991000000000000000e+03,1.991000000000000000e+03,1.991000000000000000e+03,1.991000000000000000e+03,1.991000000000000000e+03,1.991000000000000000e+03,1.991000000000000000e+03,1.991000000000000000e+03,1.991000000000000000e+03,1.991000000000000000e+03,1.991000000000000000e+03,1.991000000000000000e+03,1.991000000000000000e+03,1.991000000000000000e+03,1.991000000000000000e+03,1.991000000000000000e+03,1.991000000000000000e+03,1.991000000000000000e+03,1.991000000000000000e+03,1.991000000000000000e+03,1.991000000000000000e+03,1.991000000000000000e+03,1.991000000000000000e+03,1.991000000000000000e+03,1.991000000000000000e+03,1.991000000000000000e+03,1.992000000000000000e+03,1.992000000000000000e+03,1.992000000000000000e+03,1.992000000000000000e+03,1.992000000000000000e+03,1.992000000000000000e+03,1.992000000000000000e+03,1.992000000000000000e+03,1.992000000000000000e+03,1.992000000000000000e+03,1.992000000000000000e+03,1.992000000000000000e+03,1.992000000000000000e+03,1.992000000000000000e+03,1.992000000000000000e+03,1.992000000000000000e+03,1.992000000000000000e+03,1.992000000000000000e+03,1.992000000000000000e+03,1.992000000000000000e+03,1.992000000000000000e+03,1.992000000000000000e+03,1.992000000000000000e+03,1.992000000000000000e+03,1.992000000000000000e+03,1.992000000000000000e+03,1.992000000000000000e+03,1.992000000000000000e+03,1.992000000000000000e+03,1.992000000000000000e+03,1.992000000000000000e+03,1.992000000000000000e+03,1.992000000000000000e+03,1.992000000000000000e+03,1.992000000000000000e+03,1.992000000000000000e+03,1.992000000000000000e+03,1.992000000000000000e+03,1.992000000000000000e+03,1.992000000000000000e+03,1.992000000000000000e+03,1.992000000000000000e+03,1.992000000000000000e+03,1.992000000000000000e+03,1.992000000000000000e+03,1.992000000000000000e+03,1.992000000000000000e+03,1.992000000000000000e+03,1.992000000000000000e+03,1.992000000000000000e+03,1.992000000000000000e+03,1.992000000000000000e+03,1.992000000000000000e+03,1.992000000000000000e+03,1.992000000000000000e+03,1.992000000000000000e+03,1.992000000000000000e+03,1.992000000000000000e+03,1.992000000000000000e+03,1.992000000000000000e+03,1.992000000000000000e+03,1.992000000000000000e+03,1.992000000000000000e+03,1.992000000000000000e+03,1.992000000000000000e+03,1.992000000000000000e+03,1.992000000000000000e+03,1.992000000000000000e+03,1.992000000000000000e+03,1.992000000000000000e+03,1.992000000000000000e+03,1.992000000000000000e+03,1.992000000000000000e+03,1.992000000000000000e+03,1.992000000000000000e+03,1.992000000000000000e+03,1.992000000000000000e+03,1.992000000000000000e+03,1.992000000000000000e+03,1.992000000000000000e+03,1.992000000000000000e+03,1.992000000000000000e+03,1.992000000000000000e+03,1.992000000000000000e+03,1.992000000000000000e+03,1.992000000000000000e+03,1.992000000000000000e+03,1.992000000000000000e+03,1.992000000000000000e+03,1.992000000000000000e+03,1.992000000000000000e+03,1.992000000000000000e+03,1.992000000000000000e+03,1.992000000000000000e+03,1.992000000000000000e+03,1.992000000000000000e+03,1.992000000000000000e+03,1.992000000000000000e+03,1.992000000000000000e+03,1.992000000000000000e+03,1.992000000000000000e+03,1.992000000000000000e+03,1.992000000000000000e+03,1.992000000000000000e+03,1.992000000000000000e+03,1.992000000000000000e+03,1.992000000000000000e+03,1.992000000000000000e+03,1.992000000000000000e+03,1.992000000000000000e+03,1.992000000000000000e+03,1.992000000000000000e+03,1.992000000000000000e+03,1.992000000000000000e+03,1.992000000000000000e+03,1.992000000000000000e+03,1.992000000000000000e+03,1.992000000000000000e+03,1.992000000000000000e+03,1.992000000000000000e+03,1.992000000000000000e+03,1.992000000000000000e+03,1.992000000000000000e+03,1.992000000000000000e+03,1.992000000000000000e+03,1.992000000000000000e+03,1.992000000000000000e+03,1.992000000000000000e+03,1.992000000000000000e+03,1.992000000000000000e+03,1.992000000000000000e+03,1.992000000000000000e+03,1.992000000000000000e+03,1.992000000000000000e+03,1.992000000000000000e+03,1.992000000000000000e+03,1.992000000000000000e+03,1.992000000000000000e+03,1.992000000000000000e+03,1.992000000000000000e+03,1.992000000000000000e+03,1.992000000000000000e+03,1.992000000000000000e+03,1.992000000000000000e+03,1.992000000000000000e+03,1.992000000000000000e+03,1.993000000000000000e+03,1.993000000000000000e+03,1.993000000000000000e+03,1.993000000000000000e+03,1.993000000000000000e+03,1.993000000000000000e+03,1.993000000000000000e+03,1.993000000000000000e+03,1.993000000000000000e+03,1.993000000000000000e+03,1.993000000000000000e+03,1.993000000000000000e+03,1.993000000000000000e+03,1.993000000000000000e+03,1.993000000000000000e+03,1.993000000000000000e+03,1.993000000000000000e+03,1.993000000000000000e+03,1.993000000000000000e+03,1.993000000000000000e+03,1.993000000000000000e+03,1.993000000000000000e+03,1.993000000000000000e+03,1.993000000000000000e+03,1.993000000000000000e+03,1.993000000000000000e+03,1.993000000000000000e+03,1.993000000000000000e+03,1.993000000000000000e+03,1.993000000000000000e+03,1.993000000000000000e+03,1.993000000000000000e+03,1.993000000000000000e+03,1.993000000000000000e+03,1.993000000000000000e+03,1.993000000000000000e+03,1.993000000000000000e+03,1.993000000000000000e+03,1.993000000000000000e+03,1.993000000000000000e+03,1.993000000000000000e+03,1.993000000000000000e+03,1.993000000000000000e+03,1.993000000000000000e+03,1.993000000000000000e+03,1.993000000000000000e+03,1.993000000000000000e+03,1.993000000000000000e+03,1.993000000000000000e+03,1.993000000000000000e+03,1.993000000000000000e+03,1.993000000000000000e+03,1.993000000000000000e+03,1.993000000000000000e+03,1.993000000000000000e+03,1.993000000000000000e+03,1.993000000000000000e+03,1.993000000000000000e+03,1.993000000000000000e+03,1.993000000000000000e+03,1.993000000000000000e+03,1.993000000000000000e+03,1.993000000000000000e+03,1.993000000000000000e+03,1.993000000000000000e+03,1.993000000000000000e+03,1.993000000000000000e+03,1.993000000000000000e+03,1.993000000000000000e+03,1.993000000000000000e+03,1.993000000000000000e+03,1.993000000000000000e+03,1.993000000000000000e+03,1.993000000000000000e+03,1.993000000000000000e+03,1.993000000000000000e+03,1.993000000000000000e+03,1.993000000000000000e+03,1.993000000000000000e+03,1.993000000000000000e+03,1.993000000000000000e+03,1.993000000000000000e+03,1.993000000000000000e+03,1.993000000000000000e+03,1.993000000000000000e+03,1.993000000000000000e+03,1.993000000000000000e+03,1.993000000000000000e+03,1.993000000000000000e+03,1.993000000000000000e+03,1.993000000000000000e+03,1.993000000000000000e+03,1.993000000000000000e+03,1.993000000000000000e+03,1.993000000000000000e+03,1.993000000000000000e+03,1.993000000000000000e+03,1.993000000000000000e+03,1.993000000000000000e+03,1.993000000000000000e+03,1.993000000000000000e+03,1.993000000000000000e+03,1.993000000000000000e+03,1.993000000000000000e+03,1.993000000000000000e+03,1.993000000000000000e+03,1.993000000000000000e+03,1.993000000000000000e+03,1.993000000000000000e+03,1.993000000000000000e+03,1.993000000000000000e+03,1.993000000000000000e+03,1.993000000000000000e+03,1.993000000000000000e+03,1.993000000000000000e+03,1.993000000000000000e+03,1.993000000000000000e+03,1.993000000000000000e+03,1.993000000000000000e+03,1.993000000000000000e+03,1.993000000000000000e+03,1.993000000000000000e+03,1.993000000000000000e+03,1.993000000000000000e+03,1.993000000000000000e+03,1.993000000000000000e+03,1.993000000000000000e+03,1.993000000000000000e+03,1.993000000000000000e+03,1.993000000000000000e+03,1.993000000000000000e+03,1.993000000000000000e+03,1.993000000000000000e+03,1.993000000000000000e+03,1.993000000000000000e+03,1.993000000000000000e+03,1.993000000000000000e+03,1.993000000000000000e+03,1.993000000000000000e+03,1.993000000000000000e+03,1.993000000000000000e+03,1.993000000000000000e+03,1.993000000000000000e+03,1.993000000000000000e+03,1.993000000000000000e+03,1.993000000000000000e+03,1.994000000000000000e+03,1.994000000000000000e+03,1.994000000000000000e+03,1.994000000000000000e+03,1.994000000000000000e+03,1.994000000000000000e+03,1.994000000000000000e+03,1.994000000000000000e+03,1.994000000000000000e+03,1.994000000000000000e+03,1.994000000000000000e+03,1.994000000000000000e+03,1.994000000000000000e+03,1.994000000000000000e+03,1.994000000000000000e+03,1.994000000000000000e+03,1.994000000000000000e+03,1.994000000000000000e+03,1.994000000000000000e+03,1.994000000000000000e+03,1.994000000000000000e+03,1.994000000000000000e+03,1.994000000000000000e+03,1.994000000000000000e+03,1.994000000000000000e+03,1.994000000000000000e+03,1.994000000000000000e+03,1.994000000000000000e+03,1.994000000000000000e+03,1.994000000000000000e+03,1.994000000000000000e+03,1.994000000000000000e+03,1.994000000000000000e+03,1.994000000000000000e+03,1.994000000000000000e+03,1.994000000000000000e+03,1.994000000000000000e+03,1.994000000000000000e+03,1.994000000000000000e+03,1.994000000000000000e+03,1.994000000000000000e+03,1.994000000000000000e+03,1.994000000000000000e+03,1.994000000000000000e+03,1.994000000000000000e+03,1.994000000000000000e+03,1.994000000000000000e+03,1.994000000000000000e+03,1.994000000000000000e+03,1.994000000000000000e+03,1.994000000000000000e+03,1.994000000000000000e+03,1.994000000000000000e+03,1.994000000000000000e+03,1.994000000000000000e+03,1.994000000000000000e+03,1.994000000000000000e+03,1.994000000000000000e+03,1.994000000000000000e+03,1.994000000000000000e+03,1.994000000000000000e+03,1.994000000000000000e+03,1.994000000000000000e+03,1.994000000000000000e+03,1.994000000000000000e+03,1.994000000000000000e+03,1.994000000000000000e+03,1.994000000000000000e+03,1.994000000000000000e+03,1.994000000000000000e+03,1.994000000000000000e+03,1.994000000000000000e+03,1.994000000000000000e+03,1.994000000000000000e+03,1.994000000000000000e+03,1.994000000000000000e+03,1.994000000000000000e+03,1.994000000000000000e+03,1.994000000000000000e+03,1.994000000000000000e+03,1.994000000000000000e+03,1.994000000000000000e+03,1.994000000000000000e+03,1.994000000000000000e+03,1.994000000000000000e+03,1.994000000000000000e+03,1.994000000000000000e+03,1.994000000000000000e+03,1.994000000000000000e+03,1.994000000000000000e+03,1.994000000000000000e+03,1.994000000000000000e+03,1.994000000000000000e+03,1.994000000000000000e+03,1.994000000000000000e+03,1.994000000000000000e+03,1.994000000000000000e+03,1.994000000000000000e+03,1.994000000000000000e+03,1.994000000000000000e+03,1.994000000000000000e+03,1.994000000000000000e+03,1.994000000000000000e+03,1.994000000000000000e+03,1.994000000000000000e+03,1.994000000000000000e+03,1.994000000000000000e+03,1.994000000000000000e+03,1.994000000000000000e+03,1.994000000000000000e+03,1.994000000000000000e+03,1.994000000000000000e+03,1.994000000000000000e+03,1.994000000000000000e+03,1.994000000000000000e+03,1.994000000000000000e+03,1.994000000000000000e+03,1.994000000000000000e+03,1.994000000000000000e+03,1.994000000000000000e+03,1.994000000000000000e+03,1.994000000000000000e+03,1.994000000000000000e+03,1.994000000000000000e+03,1.994000000000000000e+03,1.994000000000000000e+03,1.994000000000000000e+03,1.994000000000000000e+03,1.994000000000000000e+03,1.994000000000000000e+03,1.994000000000000000e+03,1.994000000000000000e+03,1.994000000000000000e+03,1.994000000000000000e+03,1.994000000000000000e+03,1.994000000000000000e+03,1.994000000000000000e+03,1.994000000000000000e+03,1.994000000000000000e+03,1.994000000000000000e+03,1.994000000000000000e+03,1.994000000000000000e+03,1.994000000000000000e+03,1.994000000000000000e+03,1.994000000000000000e+03,1.994000000000000000e+03,1.994000000000000000e+03,1.995000000000000000e+03,1.995000000000000000e+03,1.995000000000000000e+03,1.995000000000000000e+03,1.995000000000000000e+03,1.995000000000000000e+03,1.995000000000000000e+03,1.995000000000000000e+03,1.995000000000000000e+03,1.995000000000000000e+03,1.995000000000000000e+03,1.995000000000000000e+03,1.995000000000000000e+03,1.995000000000000000e+03,1.995000000000000000e+03,1.995000000000000000e+03,1.995000000000000000e+03,1.995000000000000000e+03,1.995000000000000000e+03,1.995000000000000000e+03,1.995000000000000000e+03,1.995000000000000000e+03,1.995000000000000000e+03,1.995000000000000000e+03,1.995000000000000000e+03,1.995000000000000000e+03,1.995000000000000000e+03,1.995000000000000000e+03,1.995000000000000000e+03,1.995000000000000000e+03,1.995000000000000000e+03,1.995000000000000000e+03,1.995000000000000000e+03,1.995000000000000000e+03,1.995000000000000000e+03,1.995000000000000000e+03,1.995000000000000000e+03,1.995000000000000000e+03,1.995000000000000000e+03,1.995000000000000000e+03,1.995000000000000000e+03,1.995000000000000000e+03,1.995000000000000000e+03,1.995000000000000000e+03,1.995000000000000000e+03,1.995000000000000000e+03,1.995000000000000000e+03,1.995000000000000000e+03,1.995000000000000000e+03,1.995000000000000000e+03,1.995000000000000000e+03,1.995000000000000000e+03,1.995000000000000000e+03,1.995000000000000000e+03,1.995000000000000000e+03,1.995000000000000000e+03,1.995000000000000000e+03,1.995000000000000000e+03,1.995000000000000000e+03,1.995000000000000000e+03,1.995000000000000000e+03,1.995000000000000000e+03,1.995000000000000000e+03,1.995000000000000000e+03,1.995000000000000000e+03,1.995000000000000000e+03,1.995000000000000000e+03,1.995000000000000000e+03,1.995000000000000000e+03,1.995000000000000000e+03,1.995000000000000000e+03,1.995000000000000000e+03,1.995000000000000000e+03,1.995000000000000000e+03,1.995000000000000000e+03,1.995000000000000000e+03,1.995000000000000000e+03,1.995000000000000000e+03,1.995000000000000000e+03,1.995000000000000000e+03,1.995000000000000000e+03,1.995000000000000000e+03,1.995000000000000000e+03,1.995000000000000000e+03,1.995000000000000000e+03,1.995000000000000000e+03,1.995000000000000000e+03,1.995000000000000000e+03,1.995000000000000000e+03,1.995000000000000000e+03,1.995000000000000000e+03,1.995000000000000000e+03,1.995000000000000000e+03,1.995000000000000000e+03,1.995000000000000000e+03,1.995000000000000000e+03,1.995000000000000000e+03,1.995000000000000000e+03,1.995000000000000000e+03,1.995000000000000000e+03,1.995000000000000000e+03,1.995000000000000000e+03,1.995000000000000000e+03,1.995000000000000000e+03,1.995000000000000000e+03,1.995000000000000000e+03,1.995000000000000000e+03,1.995000000000000000e+03,1.995000000000000000e+03,1.995000000000000000e+03,1.995000000000000000e+03,1.995000000000000000e+03,1.995000000000000000e+03,1.995000000000000000e+03,1.995000000000000000e+03,1.995000000000000000e+03,1.995000000000000000e+03,1.995000000000000000e+03,1.995000000000000000e+03,1.995000000000000000e+03,1.995000000000000000e+03,1.995000000000000000e+03,1.995000000000000000e+03,1.995000000000000000e+03,1.995000000000000000e+03,1.995000000000000000e+03,1.995000000000000000e+03,1.995000000000000000e+03,1.995000000000000000e+03,1.995000000000000000e+03,1.995000000000000000e+03,1.995000000000000000e+03,1.995000000000000000e+03,1.995000000000000000e+03,1.995000000000000000e+03,1.995000000000000000e+03,1.995000000000000000e+03,1.995000000000000000e+03,1.995000000000000000e+03,1.995000000000000000e+03,1.995000000000000000e+03,1.995000000000000000e+03,1.995000000000000000e+03,1.995000000000000000e+03,1.995000000000000000e+03,1.995000000000000000e+03,1.995000000000000000e+03,1.996000000000000000e+03,1.996000000000000000e+03,1.996000000000000000e+03,1.996000000000000000e+03,1.996000000000000000e+03,1.996000000000000000e+03,1.996000000000000000e+03,1.996000000000000000e+03,1.996000000000000000e+03,1.996000000000000000e+03,1.996000000000000000e+03,1.996000000000000000e+03,1.996000000000000000e+03,1.996000000000000000e+03,1.996000000000000000e+03,1.996000000000000000e+03,1.996000000000000000e+03,1.996000000000000000e+03,1.996000000000000000e+03,1.996000000000000000e+03,1.996000000000000000e+03,1.996000000000000000e+03,1.996000000000000000e+03,1.996000000000000000e+03,1.996000000000000000e+03,1.996000000000000000e+03,1.996000000000000000e+03,1.996000000000000000e+03,1.996000000000000000e+03,1.996000000000000000e+03,1.996000000000000000e+03,1.996000000000000000e+03,1.996000000000000000e+03,1.996000000000000000e+03,1.996000000000000000e+03,1.996000000000000000e+03,1.996000000000000000e+03,1.996000000000000000e+03,1.996000000000000000e+03,1.996000000000000000e+03,1.996000000000000000e+03,1.996000000000000000e+03,1.996000000000000000e+03,1.996000000000000000e+03,1.996000000000000000e+03,1.996000000000000000e+03,1.996000000000000000e+03,1.996000000000000000e+03,1.996000000000000000e+03,1.996000000000000000e+03,1.996000000000000000e+03,1.996000000000000000e+03,1.996000000000000000e+03,1.996000000000000000e+03,1.996000000000000000e+03,1.996000000000000000e+03,1.996000000000000000e+03,1.996000000000000000e+03,1.996000000000000000e+03,1.996000000000000000e+03,1.996000000000000000e+03,1.996000000000000000e+03,1.996000000000000000e+03,1.996000000000000000e+03,1.996000000000000000e+03,1.996000000000000000e+03,1.996000000000000000e+03,1.996000000000000000e+03,1.996000000000000000e+03,1.996000000000000000e+03,1.996000000000000000e+03,1.996000000000000000e+03,1.996000000000000000e+03,1.996000000000000000e+03,1.996000000000000000e+03,1.996000000000000000e+03,1.996000000000000000e+03,1.996000000000000000e+03,1.996000000000000000e+03,1.996000000000000000e+03,1.996000000000000000e+03,1.996000000000000000e+03,1.996000000000000000e+03,1.996000000000000000e+03,1.996000000000000000e+03,1.996000000000000000e+03,1.996000000000000000e+03,1.996000000000000000e+03,1.996000000000000000e+03,1.996000000000000000e+03,1.996000000000000000e+03,1.996000000000000000e+03,1.996000000000000000e+03,1.996000000000000000e+03,1.996000000000000000e+03,1.996000000000000000e+03,1.996000000000000000e+03,1.996000000000000000e+03,1.996000000000000000e+03,1.996000000000000000e+03,1.996000000000000000e+03,1.996000000000000000e+03,1.996000000000000000e+03,1.996000000000000000e+03,1.996000000000000000e+03,1.996000000000000000e+03,1.996000000000000000e+03,1.996000000000000000e+03,1.996000000000000000e+03,1.996000000000000000e+03,1.996000000000000000e+03,1.996000000000000000e+03,1.996000000000000000e+03,1.996000000000000000e+03,1.996000000000000000e+03,1.996000000000000000e+03,1.996000000000000000e+03,1.996000000000000000e+03,1.996000000000000000e+03,1.996000000000000000e+03,1.996000000000000000e+03,1.996000000000000000e+03,1.996000000000000000e+03,1.996000000000000000e+03,1.996000000000000000e+03,1.996000000000000000e+03,1.996000000000000000e+03,1.996000000000000000e+03,1.996000000000000000e+03,1.996000000000000000e+03,1.996000000000000000e+03,1.996000000000000000e+03,1.996000000000000000e+03,1.996000000000000000e+03,1.996000000000000000e+03,1.996000000000000000e+03,1.996000000000000000e+03,1.996000000000000000e+03,1.996000000000000000e+03,1.996000000000000000e+03,1.996000000000000000e+03,1.996000000000000000e+03,1.996000000000000000e+03,1.996000000000000000e+03,1.996000000000000000e+03,1.996000000000000000e+03,1.996000000000000000e+03,1.997000000000000000e+03,1.997000000000000000e+03,1.997000000000000000e+03,1.997000000000000000e+03,1.997000000000000000e+03,1.997000000000000000e+03,1.997000000000000000e+03,1.997000000000000000e+03,1.997000000000000000e+03,1.997000000000000000e+03,1.997000000000000000e+03,1.997000000000000000e+03,1.997000000000000000e+03,1.997000000000000000e+03,1.997000000000000000e+03,1.997000000000000000e+03,1.997000000000000000e+03,1.997000000000000000e+03,1.997000000000000000e+03,1.997000000000000000e+03,1.997000000000000000e+03,1.997000000000000000e+03,1.997000000000000000e+03,1.997000000000000000e+03,1.997000000000000000e+03,1.997000000000000000e+03,1.997000000000000000e+03,1.997000000000000000e+03,1.997000000000000000e+03,1.997000000000000000e+03,1.997000000000000000e+03,1.997000000000000000e+03,1.997000000000000000e+03,1.997000000000000000e+03,1.997000000000000000e+03,1.997000000000000000e+03,1.997000000000000000e+03,1.997000000000000000e+03,1.997000000000000000e+03,1.997000000000000000e+03,1.997000000000000000e+03,1.997000000000000000e+03,1.997000000000000000e+03,1.997000000000000000e+03,1.997000000000000000e+03,1.997000000000000000e+03,1.997000000000000000e+03,1.997000000000000000e+03,1.997000000000000000e+03,1.997000000000000000e+03,1.997000000000000000e+03,1.997000000000000000e+03,1.997000000000000000e+03,1.997000000000000000e+03,1.997000000000000000e+03,1.997000000000000000e+03,1.997000000000000000e+03,1.997000000000000000e+03,1.997000000000000000e+03,1.997000000000000000e+03,1.997000000000000000e+03,1.997000000000000000e+03,1.997000000000000000e+03,1.997000000000000000e+03,1.997000000000000000e+03,1.997000000000000000e+03,1.997000000000000000e+03,1.997000000000000000e+03,1.997000000000000000e+03,1.997000000000000000e+03,1.997000000000000000e+03,1.997000000000000000e+03,1.997000000000000000e+03,1.997000000000000000e+03,1.997000000000000000e+03,1.997000000000000000e+03,1.997000000000000000e+03,1.997000000000000000e+03,1.997000000000000000e+03,1.997000000000000000e+03,1.997000000000000000e+03,1.997000000000000000e+03,1.997000000000000000e+03,1.997000000000000000e+03,1.997000000000000000e+03,1.997000000000000000e+03,1.997000000000000000e+03,1.997000000000000000e+03,1.997000000000000000e+03,1.997000000000000000e+03,1.997000000000000000e+03,1.997000000000000000e+03,1.997000000000000000e+03,1.997000000000000000e+03,1.997000000000000000e+03,1.997000000000000000e+03,1.997000000000000000e+03,1.997000000000000000e+03,1.997000000000000000e+03,1.997000000000000000e+03,1.997000000000000000e+03,1.997000000000000000e+03,1.997000000000000000e+03,1.997000000000000000e+03,1.997000000000000000e+03,1.997000000000000000e+03,1.997000000000000000e+03,1.997000000000000000e+03,1.997000000000000000e+03,1.997000000000000000e+03,1.997000000000000000e+03,1.997000000000000000e+03,1.997000000000000000e+03,1.997000000000000000e+03,1.997000000000000000e+03,1.997000000000000000e+03,1.997000000000000000e+03,1.997000000000000000e+03,1.997000000000000000e+03,1.997000000000000000e+03,1.997000000000000000e+03,1.997000000000000000e+03,1.997000000000000000e+03,1.997000000000000000e+03,1.997000000000000000e+03,1.997000000000000000e+03,1.997000000000000000e+03,1.997000000000000000e+03,1.997000000000000000e+03,1.997000000000000000e+03,1.997000000000000000e+03,1.997000000000000000e+03,1.997000000000000000e+03,1.997000000000000000e+03,1.997000000000000000e+03,1.997000000000000000e+03,1.997000000000000000e+03,1.997000000000000000e+03,1.997000000000000000e+03,1.997000000000000000e+03,1.997000000000000000e+03,1.997000000000000000e+03,1.997000000000000000e+03,1.997000000000000000e+03,1.997000000000000000e+03,1.997000000000000000e+03,1.997000000000000000e+03,1.998000000000000000e+03,1.998000000000000000e+03,1.998000000000000000e+03,1.998000000000000000e+03,1.998000000000000000e+03,1.998000000000000000e+03,1.998000000000000000e+03,1.998000000000000000e+03,1.998000000000000000e+03,1.998000000000000000e+03,1.998000000000000000e+03,1.998000000000000000e+03,1.998000000000000000e+03,1.998000000000000000e+03,1.998000000000000000e+03,1.998000000000000000e+03,1.998000000000000000e+03,1.998000000000000000e+03,1.998000000000000000e+03,1.998000000000000000e+03,1.998000000000000000e+03,1.998000000000000000e+03,1.998000000000000000e+03,1.998000000000000000e+03,1.998000000000000000e+03,1.998000000000000000e+03,1.998000000000000000e+03,1.998000000000000000e+03,1.998000000000000000e+03,1.998000000000000000e+03,1.998000000000000000e+03,1.998000000000000000e+03,1.998000000000000000e+03,1.998000000000000000e+03,1.998000000000000000e+03,1.998000000000000000e+03,1.998000000000000000e+03,1.998000000000000000e+03,1.998000000000000000e+03,1.998000000000000000e+03,1.998000000000000000e+03,1.998000000000000000e+03,1.998000000000000000e+03,1.998000000000000000e+03,1.998000000000000000e+03,1.998000000000000000e+03,1.998000000000000000e+03,1.998000000000000000e+03,1.998000000000000000e+03,1.998000000000000000e+03,1.998000000000000000e+03,1.998000000000000000e+03,1.998000000000000000e+03,1.998000000000000000e+03,1.998000000000000000e+03,1.998000000000000000e+03,1.998000000000000000e+03,1.998000000000000000e+03,1.998000000000000000e+03,1.998000000000000000e+03,1.998000000000000000e+03,1.998000000000000000e+03,1.998000000000000000e+03,1.998000000000000000e+03,1.998000000000000000e+03,1.998000000000000000e+03,1.998000000000000000e+03,1.998000000000000000e+03,1.998000000000000000e+03,1.998000000000000000e+03,1.998000000000000000e+03,1.998000000000000000e+03,1.998000000000000000e+03,1.998000000000000000e+03,1.998000000000000000e+03,1.998000000000000000e+03,1.998000000000000000e+03,1.998000000000000000e+03,1.998000000000000000e+03,1.998000000000000000e+03,1.998000000000000000e+03,1.998000000000000000e+03,1.998000000000000000e+03,1.998000000000000000e+03,1.998000000000000000e+03,1.998000000000000000e+03,1.998000000000000000e+03,1.998000000000000000e+03,1.998000000000000000e+03,1.998000000000000000e+03,1.998000000000000000e+03,1.998000000000000000e+03,1.998000000000000000e+03,1.998000000000000000e+03,1.998000000000000000e+03,1.998000000000000000e+03,1.998000000000000000e+03,1.998000000000000000e+03,1.998000000000000000e+03,1.998000000000000000e+03,1.998000000000000000e+03,1.998000000000000000e+03,1.998000000000000000e+03,1.998000000000000000e+03,1.998000000000000000e+03,1.998000000000000000e+03,1.998000000000000000e+03,1.998000000000000000e+03,1.998000000000000000e+03,1.998000000000000000e+03,1.998000000000000000e+03,1.998000000000000000e+03,1.998000000000000000e+03,1.998000000000000000e+03,1.998000000000000000e+03,1.998000000000000000e+03,1.998000000000000000e+03,1.998000000000000000e+03,1.998000000000000000e+03,1.998000000000000000e+03,1.998000000000000000e+03,1.998000000000000000e+03,1.998000000000000000e+03,1.998000000000000000e+03,1.998000000000000000e+03,1.998000000000000000e+03,1.998000000000000000e+03,1.998000000000000000e+03,1.998000000000000000e+03,1.998000000000000000e+03,1.998000000000000000e+03,1.998000000000000000e+03,1.998000000000000000e+03,1.998000000000000000e+03,1.998000000000000000e+03,1.998000000000000000e+03,1.998000000000000000e+03,1.998000000000000000e+03,1.998000000000000000e+03,1.998000000000000000e+03,1.998000000000000000e+03,1.998000000000000000e+03,1.998000000000000000e+03,1.998000000000000000e+03,1.998000000000000000e+03,1.998000000000000000e+03,1.998000000000000000e+03,1.999000000000000000e+03,1.999000000000000000e+03,1.999000000000000000e+03,1.999000000000000000e+03,1.999000000000000000e+03,1.999000000000000000e+03,1.999000000000000000e+03,1.999000000000000000e+03,1.999000000000000000e+03,1.999000000000000000e+03,1.999000000000000000e+03,1.999000000000000000e+03,1.999000000000000000e+03,1.999000000000000000e+03,1.999000000000000000e+03,1.999000000000000000e+03,1.999000000000000000e+03,1.999000000000000000e+03,1.999000000000000000e+03,1.999000000000000000e+03,1.999000000000000000e+03,1.999000000000000000e+03,1.999000000000000000e+03,1.999000000000000000e+03,1.999000000000000000e+03,1.999000000000000000e+03,1.999000000000000000e+03,1.999000000000000000e+03,1.999000000000000000e+03,1.999000000000000000e+03,1.999000000000000000e+03,1.999000000000000000e+03,1.999000000000000000e+03,1.999000000000000000e+03,1.999000000000000000e+03,1.999000000000000000e+03,1.999000000000000000e+03,1.999000000000000000e+03,1.999000000000000000e+03,1.999000000000000000e+03,1.999000000000000000e+03,1.999000000000000000e+03,1.999000000000000000e+03,1.999000000000000000e+03,1.999000000000000000e+03,1.999000000000000000e+03,1.999000000000000000e+03,1.999000000000000000e+03,1.999000000000000000e+03,1.999000000000000000e+03,1.999000000000000000e+03,1.999000000000000000e+03,1.999000000000000000e+03,1.999000000000000000e+03,1.999000000000000000e+03,1.999000000000000000e+03,1.999000000000000000e+03,1.999000000000000000e+03,1.999000000000000000e+03,1.999000000000000000e+03,1.999000000000000000e+03,1.999000000000000000e+03,1.999000000000000000e+03,1.999000000000000000e+03,1.999000000000000000e+03,1.999000000000000000e+03,1.999000000000000000e+03,1.999000000000000000e+03,1.999000000000000000e+03,1.999000000000000000e+03,1.999000000000000000e+03,1.999000000000000000e+03,1.999000000000000000e+03,1.999000000000000000e+03,1.999000000000000000e+03,1.999000000000000000e+03,1.999000000000000000e+03,1.999000000000000000e+03,1.999000000000000000e+03,1.999000000000000000e+03,1.999000000000000000e+03,1.999000000000000000e+03,1.999000000000000000e+03,1.999000000000000000e+03,1.999000000000000000e+03,1.999000000000000000e+03,1.999000000000000000e+03,1.999000000000000000e+03,1.999000000000000000e+03,1.999000000000000000e+03,1.999000000000000000e+03,1.999000000000000000e+03,1.999000000000000000e+03,1.999000000000000000e+03,1.999000000000000000e+03,1.999000000000000000e+03,1.999000000000000000e+03,1.999000000000000000e+03,1.999000000000000000e+03,1.999000000000000000e+03,1.999000000000000000e+03,1.999000000000000000e+03,1.999000000000000000e+03,1.999000000000000000e+03,1.999000000000000000e+03,1.999000000000000000e+03,1.999000000000000000e+03,1.999000000000000000e+03,1.999000000000000000e+03,1.999000000000000000e+03,1.999000000000000000e+03,1.999000000000000000e+03,1.999000000000000000e+03,1.999000000000000000e+03,1.999000000000000000e+03,1.999000000000000000e+03,1.999000000000000000e+03,1.999000000000000000e+03,1.999000000000000000e+03,1.999000000000000000e+03,1.999000000000000000e+03,1.999000000000000000e+03,1.999000000000000000e+03,1.999000000000000000e+03,1.999000000000000000e+03,1.999000000000000000e+03,1.999000000000000000e+03,1.999000000000000000e+03,1.999000000000000000e+03,1.999000000000000000e+03,1.999000000000000000e+03,1.999000000000000000e+03,1.999000000000000000e+03,1.999000000000000000e+03,1.999000000000000000e+03,1.999000000000000000e+03,1.999000000000000000e+03,1.999000000000000000e+03,1.999000000000000000e+03,1.999000000000000000e+03,1.999000000000000000e+03,1.999000000000000000e+03,1.999000000000000000e+03,1.999000000000000000e+03,1.999000000000000000e+03,1.999000000000000000e+03,1.999000000000000000e+03,1.999000000000000000e+03,2.000000000000000000e+03,2.000000000000000000e+03,2.000000000000000000e+03,2.000000000000000000e+03,2.000000000000000000e+03,2.000000000000000000e+03,2.000000000000000000e+03,2.000000000000000000e+03,2.000000000000000000e+03,2.000000000000000000e+03,2.000000000000000000e+03,2.000000000000000000e+03,2.000000000000000000e+03,2.000000000000000000e+03,2.000000000000000000e+03,2.000000000000000000e+03,2.000000000000000000e+03,2.000000000000000000e+03,2.000000000000000000e+03,2.000000000000000000e+03,2.000000000000000000e+03,2.000000000000000000e+03,2.000000000000000000e+03,2.000000000000000000e+03,2.000000000000000000e+03,2.000000000000000000e+03,2.000000000000000000e+03,2.000000000000000000e+03,2.000000000000000000e+03,2.000000000000000000e+03,2.000000000000000000e+03,2.000000000000000000e+03,2.000000000000000000e+03,2.000000000000000000e+03,2.000000000000000000e+03,2.000000000000000000e+03,2.000000000000000000e+03,2.000000000000000000e+03,2.000000000000000000e+03,2.000000000000000000e+03,2.000000000000000000e+03,2.000000000000000000e+03,2.000000000000000000e+03,2.000000000000000000e+03,2.000000000000000000e+03,2.000000000000000000e+03,2.000000000000000000e+03,2.000000000000000000e+03,2.000000000000000000e+03,2.000000000000000000e+03,2.000000000000000000e+03,2.000000000000000000e+03,2.000000000000000000e+03,2.000000000000000000e+03,2.000000000000000000e+03,2.000000000000000000e+03,2.000000000000000000e+03,2.000000000000000000e+03,2.000000000000000000e+03,2.000000000000000000e+03,2.000000000000000000e+03,2.000000000000000000e+03,2.000000000000000000e+03,2.000000000000000000e+03,2.000000000000000000e+03,2.000000000000000000e+03,2.000000000000000000e+03,2.000000000000000000e+03,2.000000000000000000e+03,2.000000000000000000e+03,2.000000000000000000e+03,2.000000000000000000e+03,2.000000000000000000e+03,2.000000000000000000e+03,2.000000000000000000e+03,2.000000000000000000e+03,2.000000000000000000e+03,2.000000000000000000e+03,2.000000000000000000e+03,2.000000000000000000e+03,2.000000000000000000e+03,2.000000000000000000e+03,2.000000000000000000e+03,2.000000000000000000e+03,2.000000000000000000e+03,2.000000000000000000e+03,2.000000000000000000e+03,2.000000000000000000e+03,2.000000000000000000e+03,2.000000000000000000e+03,2.000000000000000000e+03,2.000000000000000000e+03,2.000000000000000000e+03,2.000000000000000000e+03,2.000000000000000000e+03,2.000000000000000000e+03,2.000000000000000000e+03,2.000000000000000000e+03,2.000000000000000000e+03,2.000000000000000000e+03,2.000000000000000000e+03,2.000000000000000000e+03,2.000000000000000000e+03,2.000000000000000000e+03,2.000000000000000000e+03,2.000000000000000000e+03,2.000000000000000000e+03,2.000000000000000000e+03,2.000000000000000000e+03,2.000000000000000000e+03,2.000000000000000000e+03,2.000000000000000000e+03,2.000000000000000000e+03,2.000000000000000000e+03,2.000000000000000000e+03,2.000000000000000000e+03,2.000000000000000000e+03,2.000000000000000000e+03,2.000000000000000000e+03,2.000000000000000000e+03,2.000000000000000000e+03,2.000000000000000000e+03,2.000000000000000000e+03,2.000000000000000000e+03,2.000000000000000000e+03,2.000000000000000000e+03,2.000000000000000000e+03,2.000000000000000000e+03,2.000000000000000000e+03,2.000000000000000000e+03,2.000000000000000000e+03,2.000000000000000000e+03,2.000000000000000000e+03,2.000000000000000000e+03,2.000000000000000000e+03,2.000000000000000000e+03,2.000000000000000000e+03,2.000000000000000000e+03,2.000000000000000000e+03,2.000000000000000000e+03,2.000000000000000000e+03,2.000000000000000000e+03,2.000000000000000000e+03,2.000000000000000000e+03,2.000000000000000000e+03,2.000000000000000000e+03,2.000000000000000000e+03,2.000000000000000000e+03,2.001000000000000000e+03,2.001000000000000000e+03,2.001000000000000000e+03,2.001000000000000000e+03,2.001000000000000000e+03,2.001000000000000000e+03,2.001000000000000000e+03,2.001000000000000000e+03,2.001000000000000000e+03,2.001000000000000000e+03,2.001000000000000000e+03,2.001000000000000000e+03,2.001000000000000000e+03,2.001000000000000000e+03,2.001000000000000000e+03,2.001000000000000000e+03,2.001000000000000000e+03,2.001000000000000000e+03,2.001000000000000000e+03,2.001000000000000000e+03,2.001000000000000000e+03,2.001000000000000000e+03,2.001000000000000000e+03,2.001000000000000000e+03,2.001000000000000000e+03,2.001000000000000000e+03,2.001000000000000000e+03,2.001000000000000000e+03,2.001000000000000000e+03,2.001000000000000000e+03,2.001000000000000000e+03,2.001000000000000000e+03,2.001000000000000000e+03,2.001000000000000000e+03,2.001000000000000000e+03,2.001000000000000000e+03,2.001000000000000000e+03,2.001000000000000000e+03,2.001000000000000000e+03,2.001000000000000000e+03,2.001000000000000000e+03,2.001000000000000000e+03,2.001000000000000000e+03,2.001000000000000000e+03,2.001000000000000000e+03,2.001000000000000000e+03,2.001000000000000000e+03,2.001000000000000000e+03,2.001000000000000000e+03,2.001000000000000000e+03,2.001000000000000000e+03,2.001000000000000000e+03,2.001000000000000000e+03,2.001000000000000000e+03,2.001000000000000000e+03,2.001000000000000000e+03,2.001000000000000000e+03,2.001000000000000000e+03,2.001000000000000000e+03,2.001000000000000000e+03,2.001000000000000000e+03,2.001000000000000000e+03,2.001000000000000000e+03,2.001000000000000000e+03,2.001000000000000000e+03,2.001000000000000000e+03,2.001000000000000000e+03,2.001000000000000000e+03,2.001000000000000000e+03,2.001000000000000000e+03,2.001000000000000000e+03,2.001000000000000000e+03,2.001000000000000000e+03,2.001000000000000000e+03,2.001000000000000000e+03,2.001000000000000000e+03,2.001000000000000000e+03,2.001000000000000000e+03,2.001000000000000000e+03,2.001000000000000000e+03,2.001000000000000000e+03,2.001000000000000000e+03,2.001000000000000000e+03,2.001000000000000000e+03,2.001000000000000000e+03,2.001000000000000000e+03,2.001000000000000000e+03,2.001000000000000000e+03,2.001000000000000000e+03,2.001000000000000000e+03,2.001000000000000000e+03,2.001000000000000000e+03,2.001000000000000000e+03,2.001000000000000000e+03,2.001000000000000000e+03,2.001000000000000000e+03,2.001000000000000000e+03,2.001000000000000000e+03,2.001000000000000000e+03,2.001000000000000000e+03,2.001000000000000000e+03,2.001000000000000000e+03,2.001000000000000000e+03,2.001000000000000000e+03,2.001000000000000000e+03,2.001000000000000000e+03,2.001000000000000000e+03,2.001000000000000000e+03,2.001000000000000000e+03,2.001000000000000000e+03,2.001000000000000000e+03,2.001000000000000000e+03,2.001000000000000000e+03,2.001000000000000000e+03,2.001000000000000000e+03,2.001000000000000000e+03,2.001000000000000000e+03,2.001000000000000000e+03,2.001000000000000000e+03,2.001000000000000000e+03,2.001000000000000000e+03,2.001000000000000000e+03,2.001000000000000000e+03,2.001000000000000000e+03,2.001000000000000000e+03,2.001000000000000000e+03,2.001000000000000000e+03,2.001000000000000000e+03,2.001000000000000000e+03,2.001000000000000000e+03,2.001000000000000000e+03,2.001000000000000000e+03,2.001000000000000000e+03,2.001000000000000000e+03,2.001000000000000000e+03,2.001000000000000000e+03,2.001000000000000000e+03,2.001000000000000000e+03,2.001000000000000000e+03,2.001000000000000000e+03,2.001000000000000000e+03,2.001000000000000000e+03,2.001000000000000000e+03,2.001000000000000000e+03,2.001000000000000000e+03,2.001000000000000000e+03,2.001000000000000000e+03,2.001000000000000000e+03,2.002000000000000000e+03,2.002000000000000000e+03,2.002000000000000000e+03,2.002000000000000000e+03,2.002000000000000000e+03,2.002000000000000000e+03,2.002000000000000000e+03,2.002000000000000000e+03,2.002000000000000000e+03,2.002000000000000000e+03,2.002000000000000000e+03,2.002000000000000000e+03,2.002000000000000000e+03,2.002000000000000000e+03,2.002000000000000000e+03,2.002000000000000000e+03,2.002000000000000000e+03,2.002000000000000000e+03,2.002000000000000000e+03,2.002000000000000000e+03,2.002000000000000000e+03,2.002000000000000000e+03,2.002000000000000000e+03,2.002000000000000000e+03,2.002000000000000000e+03,2.002000000000000000e+03,2.002000000000000000e+03,2.002000000000000000e+03,2.002000000000000000e+03,2.002000000000000000e+03,2.002000000000000000e+03,2.002000000000000000e+03,2.002000000000000000e+03,2.002000000000000000e+03,2.002000000000000000e+03,2.002000000000000000e+03,2.002000000000000000e+03,2.002000000000000000e+03,2.002000000000000000e+03,2.002000000000000000e+03,2.002000000000000000e+03,2.002000000000000000e+03,2.002000000000000000e+03,2.002000000000000000e+03,2.002000000000000000e+03,2.002000000000000000e+03,2.002000000000000000e+03,2.002000000000000000e+03,2.002000000000000000e+03,2.002000000000000000e+03,2.002000000000000000e+03,2.002000000000000000e+03,2.002000000000000000e+03,2.002000000000000000e+03,2.002000000000000000e+03,2.002000000000000000e+03,2.002000000000000000e+03,2.002000000000000000e+03,2.002000000000000000e+03,2.002000000000000000e+03,2.002000000000000000e+03,2.002000000000000000e+03,2.002000000000000000e+03,2.002000000000000000e+03,2.002000000000000000e+03,2.002000000000000000e+03,2.002000000000000000e+03,2.002000000000000000e+03,2.002000000000000000e+03,2.002000000000000000e+03,2.002000000000000000e+03,2.002000000000000000e+03,2.002000000000000000e+03,2.002000000000000000e+03,2.002000000000000000e+03,2.002000000000000000e+03,2.002000000000000000e+03,2.002000000000000000e+03,2.002000000000000000e+03,2.002000000000000000e+03,2.002000000000000000e+03,2.002000000000000000e+03,2.002000000000000000e+03,2.002000000000000000e+03,2.002000000000000000e+03,2.002000000000000000e+03,2.002000000000000000e+03,2.002000000000000000e+03,2.002000000000000000e+03,2.002000000000000000e+03,2.002000000000000000e+03,2.002000000000000000e+03,2.002000000000000000e+03,2.002000000000000000e+03,2.002000000000000000e+03,2.002000000000000000e+03,2.002000000000000000e+03,2.002000000000000000e+03,2.002000000000000000e+03,2.002000000000000000e+03,2.002000000000000000e+03,2.002000000000000000e+03,2.002000000000000000e+03,2.002000000000000000e+03,2.002000000000000000e+03,2.002000000000000000e+03,2.002000000000000000e+03,2.002000000000000000e+03,2.002000000000000000e+03,2.002000000000000000e+03,2.002000000000000000e+03,2.002000000000000000e+03,2.002000000000000000e+03,2.002000000000000000e+03,2.002000000000000000e+03,2.002000000000000000e+03,2.002000000000000000e+03,2.002000000000000000e+03,2.002000000000000000e+03,2.002000000000000000e+03,2.002000000000000000e+03,2.002000000000000000e+03,2.002000000000000000e+03,2.002000000000000000e+03,2.002000000000000000e+03,2.002000000000000000e+03,2.002000000000000000e+03,2.002000000000000000e+03,2.002000000000000000e+03,2.002000000000000000e+03,2.002000000000000000e+03,2.002000000000000000e+03,2.002000000000000000e+03,2.002000000000000000e+03,2.002000000000000000e+03,2.002000000000000000e+03,2.002000000000000000e+03,2.002000000000000000e+03,2.002000000000000000e+03,2.002000000000000000e+03,2.002000000000000000e+03,2.002000000000000000e+03,2.002000000000000000e+03,2.002000000000000000e+03,2.002000000000000000e+03,2.002000000000000000e+03,2.002000000000000000e+03,2.003000000000000000e+03,2.003000000000000000e+03,2.003000000000000000e+03,2.003000000000000000e+03,2.003000000000000000e+03,2.003000000000000000e+03,2.003000000000000000e+03,2.003000000000000000e+03,2.003000000000000000e+03,2.003000000000000000e+03,2.003000000000000000e+03,2.003000000000000000e+03,2.003000000000000000e+03,2.003000000000000000e+03,2.003000000000000000e+03,2.003000000000000000e+03,2.003000000000000000e+03,2.003000000000000000e+03,2.003000000000000000e+03,2.003000000000000000e+03,2.003000000000000000e+03,2.003000000000000000e+03,2.003000000000000000e+03,2.003000000000000000e+03,2.003000000000000000e+03,2.003000000000000000e+03,2.003000000000000000e+03,2.003000000000000000e+03,2.003000000000000000e+03,2.003000000000000000e+03,2.003000000000000000e+03,2.003000000000000000e+03,2.003000000000000000e+03,2.003000000000000000e+03,2.003000000000000000e+03,2.003000000000000000e+03,2.003000000000000000e+03,2.003000000000000000e+03,2.003000000000000000e+03,2.003000000000000000e+03,2.003000000000000000e+03,2.003000000000000000e+03,2.003000000000000000e+03,2.003000000000000000e+03,2.003000000000000000e+03,2.003000000000000000e+03,2.003000000000000000e+03,2.003000000000000000e+03,2.003000000000000000e+03,2.003000000000000000e+03,2.003000000000000000e+03,2.003000000000000000e+03,2.003000000000000000e+03,2.003000000000000000e+03,2.003000000000000000e+03,2.003000000000000000e+03,2.003000000000000000e+03,2.003000000000000000e+03,2.003000000000000000e+03,2.003000000000000000e+03,2.003000000000000000e+03,2.003000000000000000e+03,2.003000000000000000e+03,2.003000000000000000e+03,2.003000000000000000e+03,2.003000000000000000e+03,2.003000000000000000e+03,2.003000000000000000e+03,2.003000000000000000e+03,2.003000000000000000e+03,2.003000000000000000e+03,2.003000000000000000e+03,2.003000000000000000e+03,2.003000000000000000e+03,2.003000000000000000e+03,2.003000000000000000e+03,2.003000000000000000e+03,2.003000000000000000e+03,2.003000000000000000e+03,2.003000000000000000e+03,2.003000000000000000e+03,2.003000000000000000e+03,2.003000000000000000e+03,2.003000000000000000e+03,2.003000000000000000e+03,2.003000000000000000e+03,2.003000000000000000e+03,2.003000000000000000e+03,2.003000000000000000e+03,2.003000000000000000e+03,2.003000000000000000e+03,2.003000000000000000e+03,2.003000000000000000e+03,2.003000000000000000e+03,2.003000000000000000e+03,2.003000000000000000e+03,2.003000000000000000e+03,2.003000000000000000e+03,2.003000000000000000e+03,2.003000000000000000e+03,2.003000000000000000e+03,2.003000000000000000e+03,2.003000000000000000e+03,2.003000000000000000e+03,2.003000000000000000e+03,2.003000000000000000e+03,2.003000000000000000e+03,2.003000000000000000e+03,2.003000000000000000e+03,2.003000000000000000e+03,2.003000000000000000e+03,2.003000000000000000e+03,2.003000000000000000e+03,2.003000000000000000e+03,2.003000000000000000e+03,2.003000000000000000e+03,2.003000000000000000e+03,2.003000000000000000e+03,2.003000000000000000e+03,2.003000000000000000e+03,2.003000000000000000e+03,2.003000000000000000e+03,2.003000000000000000e+03,2.003000000000000000e+03,2.003000000000000000e+03,2.003000000000000000e+03,2.003000000000000000e+03,2.003000000000000000e+03,2.003000000000000000e+03,2.003000000000000000e+03,2.003000000000000000e+03,2.003000000000000000e+03,2.003000000000000000e+03,2.003000000000000000e+03,2.003000000000000000e+03,2.003000000000000000e+03,2.003000000000000000e+03,2.003000000000000000e+03,2.003000000000000000e+03,2.003000000000000000e+03,2.003000000000000000e+03,2.003000000000000000e+03,2.003000000000000000e+03,2.003000000000000000e+03,2.003000000000000000e+03,2.003000000000000000e+03,2.003000000000000000e+03,2.004000000000000000e+03,2.004000000000000000e+03,2.004000000000000000e+03,2.004000000000000000e+03,2.004000000000000000e+03,2.004000000000000000e+03,2.004000000000000000e+03,2.004000000000000000e+03,2.004000000000000000e+03,2.004000000000000000e+03,2.004000000000000000e+03,2.004000000000000000e+03,2.004000000000000000e+03,2.004000000000000000e+03,2.004000000000000000e+03,2.004000000000000000e+03,2.004000000000000000e+03,2.004000000000000000e+03,2.004000000000000000e+03,2.004000000000000000e+03,2.004000000000000000e+03,2.004000000000000000e+03,2.004000000000000000e+03,2.004000000000000000e+03,2.004000000000000000e+03,2.004000000000000000e+03,2.004000000000000000e+03,2.004000000000000000e+03,2.004000000000000000e+03,2.004000000000000000e+03,2.004000000000000000e+03,2.004000000000000000e+03,2.004000000000000000e+03,2.004000000000000000e+03,2.004000000000000000e+03,2.004000000000000000e+03,2.004000000000000000e+03,2.004000000000000000e+03,2.004000000000000000e+03,2.004000000000000000e+03,2.004000000000000000e+03,2.004000000000000000e+03,2.004000000000000000e+03,2.004000000000000000e+03,2.004000000000000000e+03,2.004000000000000000e+03,2.004000000000000000e+03,2.004000000000000000e+03,2.004000000000000000e+03,2.004000000000000000e+03,2.004000000000000000e+03,2.004000000000000000e+03,2.004000000000000000e+03,2.004000000000000000e+03,2.004000000000000000e+03,2.004000000000000000e+03,2.004000000000000000e+03,2.004000000000000000e+03,2.004000000000000000e+03,2.004000000000000000e+03,2.004000000000000000e+03,2.004000000000000000e+03,2.004000000000000000e+03,2.004000000000000000e+03,2.004000000000000000e+03,2.004000000000000000e+03,2.004000000000000000e+03,2.004000000000000000e+03,2.004000000000000000e+03,2.004000000000000000e+03,2.004000000000000000e+03,2.004000000000000000e+03,2.004000000000000000e+03,2.004000000000000000e+03,2.004000000000000000e+03,2.004000000000000000e+03,2.004000000000000000e+03,2.004000000000000000e+03,2.004000000000000000e+03,2.004000000000000000e+03,2.004000000000000000e+03,2.004000000000000000e+03,2.004000000000000000e+03,2.004000000000000000e+03,2.004000000000000000e+03,2.004000000000000000e+03,2.004000000000000000e+03,2.004000000000000000e+03,2.004000000000000000e+03,2.004000000000000000e+03,2.004000000000000000e+03,2.004000000000000000e+03,2.004000000000000000e+03,2.004000000000000000e+03,2.004000000000000000e+03,2.004000000000000000e+03,2.004000000000000000e+03,2.004000000000000000e+03,2.004000000000000000e+03,2.004000000000000000e+03,2.004000000000000000e+03,2.004000000000000000e+03,2.004000000000000000e+03,2.004000000000000000e+03,2.004000000000000000e+03,2.004000000000000000e+03,2.004000000000000000e+03,2.004000000000000000e+03,2.004000000000000000e+03,2.004000000000000000e+03,2.004000000000000000e+03,2.004000000000000000e+03,2.004000000000000000e+03,2.004000000000000000e+03,2.004000000000000000e+03,2.004000000000000000e+03,2.004000000000000000e+03,2.004000000000000000e+03,2.004000000000000000e+03,2.004000000000000000e+03,2.004000000000000000e+03,2.004000000000000000e+03,2.004000000000000000e+03,2.004000000000000000e+03,2.004000000000000000e+03,2.004000000000000000e+03,2.004000000000000000e+03,2.004000000000000000e+03,2.004000000000000000e+03,2.004000000000000000e+03,2.004000000000000000e+03,2.004000000000000000e+03,2.004000000000000000e+03,2.004000000000000000e+03,2.004000000000000000e+03,2.004000000000000000e+03,2.004000000000000000e+03,2.004000000000000000e+03,2.004000000000000000e+03,2.004000000000000000e+03,2.004000000000000000e+03,2.004000000000000000e+03,2.004000000000000000e+03,2.004000000000000000e+03,2.004000000000000000e+03,2.004000000000000000e+03,2.004000000000000000e+03,2.005000000000000000e+03,2.005000000000000000e+03,2.005000000000000000e+03,2.005000000000000000e+03,2.005000000000000000e+03,2.005000000000000000e+03,2.005000000000000000e+03,2.005000000000000000e+03,2.005000000000000000e+03,2.005000000000000000e+03,2.005000000000000000e+03,2.005000000000000000e+03,2.005000000000000000e+03,2.005000000000000000e+03,2.005000000000000000e+03,2.005000000000000000e+03,2.005000000000000000e+03,2.005000000000000000e+03,2.005000000000000000e+03,2.005000000000000000e+03,2.005000000000000000e+03,2.005000000000000000e+03,2.005000000000000000e+03,2.005000000000000000e+03,2.005000000000000000e+03,2.005000000000000000e+03,2.005000000000000000e+03,2.005000000000000000e+03,2.005000000000000000e+03,2.005000000000000000e+03,2.005000000000000000e+03,2.005000000000000000e+03,2.005000000000000000e+03,2.005000000000000000e+03,2.005000000000000000e+03,2.005000000000000000e+03,2.005000000000000000e+03,2.005000000000000000e+03,2.005000000000000000e+03,2.005000000000000000e+03,2.005000000000000000e+03,2.005000000000000000e+03,2.005000000000000000e+03,2.005000000000000000e+03,2.005000000000000000e+03,2.005000000000000000e+03,2.005000000000000000e+03,2.005000000000000000e+03,2.005000000000000000e+03,2.005000000000000000e+03,2.005000000000000000e+03,2.005000000000000000e+03,2.005000000000000000e+03,2.005000000000000000e+03,2.005000000000000000e+03,2.005000000000000000e+03,2.005000000000000000e+03,2.005000000000000000e+03,2.005000000000000000e+03,2.005000000000000000e+03,2.005000000000000000e+03,2.005000000000000000e+03,2.005000000000000000e+03,2.005000000000000000e+03,2.005000000000000000e+03,2.005000000000000000e+03,2.005000000000000000e+03,2.005000000000000000e+03,2.005000000000000000e+03,2.005000000000000000e+03,2.005000000000000000e+03,2.005000000000000000e+03,2.005000000000000000e+03,2.005000000000000000e+03,2.005000000000000000e+03,2.005000000000000000e+03,2.005000000000000000e+03,2.005000000000000000e+03,2.005000000000000000e+03,2.005000000000000000e+03,2.005000000000000000e+03,2.005000000000000000e+03,2.005000000000000000e+03,2.005000000000000000e+03,2.005000000000000000e+03,2.005000000000000000e+03,2.005000000000000000e+03,2.005000000000000000e+03,2.005000000000000000e+03,2.005000000000000000e+03,2.005000000000000000e+03,2.005000000000000000e+03,2.005000000000000000e+03,2.005000000000000000e+03,2.005000000000000000e+03,2.005000000000000000e+03,2.005000000000000000e+03,2.005000000000000000e+03,2.005000000000000000e+03,2.005000000000000000e+03,2.005000000000000000e+03,2.005000000000000000e+03,2.005000000000000000e+03,2.005000000000000000e+03,2.005000000000000000e+03,2.005000000000000000e+03,2.005000000000000000e+03,2.005000000000000000e+03,2.005000000000000000e+03,2.005000000000000000e+03,2.005000000000000000e+03,2.005000000000000000e+03,2.005000000000000000e+03,2.005000000000000000e+03,2.005000000000000000e+03,2.005000000000000000e+03,2.005000000000000000e+03,2.005000000000000000e+03,2.005000000000000000e+03,2.005000000000000000e+03,2.005000000000000000e+03,2.005000000000000000e+03,2.005000000000000000e+03,2.005000000000000000e+03,2.005000000000000000e+03,2.005000000000000000e+03,2.005000000000000000e+03,2.005000000000000000e+03,2.005000000000000000e+03,2.005000000000000000e+03,2.005000000000000000e+03,2.005000000000000000e+03,2.005000000000000000e+03,2.005000000000000000e+03,2.005000000000000000e+03,2.005000000000000000e+03,2.005000000000000000e+03,2.005000000000000000e+03,2.005000000000000000e+03,2.005000000000000000e+03,2.005000000000000000e+03,2.005000000000000000e+03,2.005000000000000000e+03,2.005000000000000000e+03,2.005000000000000000e+03,2.005000000000000000e+03,2.005000000000000000e+03,2.006000000000000000e+03,2.006000000000000000e+03,2.006000000000000000e+03,2.006000000000000000e+03,2.006000000000000000e+03,2.006000000000000000e+03,2.006000000000000000e+03,2.006000000000000000e+03,2.006000000000000000e+03,2.006000000000000000e+03,2.006000000000000000e+03,2.006000000000000000e+03,2.006000000000000000e+03,2.006000000000000000e+03,2.006000000000000000e+03,2.006000000000000000e+03,2.006000000000000000e+03,2.006000000000000000e+03,2.006000000000000000e+03,2.006000000000000000e+03,2.006000000000000000e+03,2.006000000000000000e+03,2.006000000000000000e+03,2.006000000000000000e+03,2.006000000000000000e+03,2.006000000000000000e+03,2.006000000000000000e+03,2.006000000000000000e+03,2.006000000000000000e+03,2.006000000000000000e+03,2.006000000000000000e+03,2.006000000000000000e+03,2.006000000000000000e+03,2.006000000000000000e+03,2.006000000000000000e+03,2.006000000000000000e+03,2.006000000000000000e+03,2.006000000000000000e+03,2.006000000000000000e+03,2.006000000000000000e+03,2.006000000000000000e+03,2.006000000000000000e+03,2.006000000000000000e+03,2.006000000000000000e+03,2.006000000000000000e+03,2.006000000000000000e+03,2.006000000000000000e+03,2.006000000000000000e+03,2.006000000000000000e+03,2.006000000000000000e+03,2.006000000000000000e+03,2.006000000000000000e+03,2.006000000000000000e+03,2.006000000000000000e+03,2.006000000000000000e+03,2.006000000000000000e+03,2.006000000000000000e+03,2.006000000000000000e+03,2.006000000000000000e+03,2.006000000000000000e+03,2.006000000000000000e+03,2.006000000000000000e+03,2.006000000000000000e+03,2.006000000000000000e+03,2.006000000000000000e+03,2.006000000000000000e+03,2.006000000000000000e+03,2.006000000000000000e+03,2.006000000000000000e+03,2.006000000000000000e+03,2.006000000000000000e+03,2.006000000000000000e+03,2.006000000000000000e+03,2.006000000000000000e+03,2.006000000000000000e+03,2.006000000000000000e+03,2.006000000000000000e+03,2.006000000000000000e+03,2.006000000000000000e+03,2.006000000000000000e+03,2.006000000000000000e+03,2.006000000000000000e+03,2.006000000000000000e+03,2.006000000000000000e+03,2.006000000000000000e+03,2.006000000000000000e+03,2.006000000000000000e+03,2.006000000000000000e+03,2.006000000000000000e+03,2.006000000000000000e+03,2.006000000000000000e+03,2.006000000000000000e+03,2.006000000000000000e+03,2.006000000000000000e+03,2.006000000000000000e+03,2.006000000000000000e+03,2.006000000000000000e+03,2.006000000000000000e+03,2.006000000000000000e+03,2.006000000000000000e+03,2.006000000000000000e+03,2.006000000000000000e+03,2.006000000000000000e+03,2.006000000000000000e+03,2.006000000000000000e+03,2.006000000000000000e+03,2.006000000000000000e+03,2.006000000000000000e+03,2.006000000000000000e+03,2.006000000000000000e+03,2.006000000000000000e+03,2.006000000000000000e+03,2.006000000000000000e+03,2.006000000000000000e+03,2.006000000000000000e+03,2.006000000000000000e+03,2.006000000000000000e+03,2.006000000000000000e+03,2.006000000000000000e+03,2.006000000000000000e+03,2.006000000000000000e+03,2.006000000000000000e+03,2.006000000000000000e+03,2.006000000000000000e+03,2.006000000000000000e+03,2.006000000000000000e+03,2.006000000000000000e+03,2.006000000000000000e+03,2.006000000000000000e+03,2.006000000000000000e+03,2.006000000000000000e+03,2.006000000000000000e+03,2.006000000000000000e+03,2.006000000000000000e+03,2.006000000000000000e+03,2.006000000000000000e+03,2.006000000000000000e+03,2.006000000000000000e+03,2.006000000000000000e+03,2.006000000000000000e+03,2.006000000000000000e+03,2.006000000000000000e+03,2.006000000000000000e+03,2.006000000000000000e+03,2.006000000000000000e+03,2.006000000000000000e+03,2.006000000000000000e+03,2.006000000000000000e+03,2.007000000000000000e+03,2.007000000000000000e+03,2.007000000000000000e+03,2.007000000000000000e+03,2.007000000000000000e+03,2.007000000000000000e+03,2.007000000000000000e+03,2.007000000000000000e+03,2.007000000000000000e+03,2.007000000000000000e+03,2.007000000000000000e+03,2.007000000000000000e+03,2.007000000000000000e+03,2.007000000000000000e+03,2.007000000000000000e+03,2.007000000000000000e+03,2.007000000000000000e+03,2.007000000000000000e+03,2.007000000000000000e+03,2.007000000000000000e+03,2.007000000000000000e+03,2.007000000000000000e+03,2.007000000000000000e+03,2.007000000000000000e+03,2.007000000000000000e+03,2.007000000000000000e+03,2.007000000000000000e+03,2.007000000000000000e+03,2.007000000000000000e+03,2.007000000000000000e+03,2.007000000000000000e+03,2.007000000000000000e+03,2.007000000000000000e+03,2.007000000000000000e+03,2.007000000000000000e+03,2.007000000000000000e+03,2.007000000000000000e+03,2.007000000000000000e+03,2.007000000000000000e+03,2.007000000000000000e+03,2.007000000000000000e+03,2.007000000000000000e+03,2.007000000000000000e+03,2.007000000000000000e+03,2.007000000000000000e+03,2.007000000000000000e+03,2.007000000000000000e+03,2.007000000000000000e+03,2.007000000000000000e+03,2.007000000000000000e+03,2.007000000000000000e+03,2.007000000000000000e+03,2.007000000000000000e+03,2.007000000000000000e+03,2.007000000000000000e+03,2.007000000000000000e+03,2.007000000000000000e+03,2.007000000000000000e+03,2.007000000000000000e+03,2.007000000000000000e+03,2.007000000000000000e+03,2.007000000000000000e+03,2.007000000000000000e+03,2.007000000000000000e+03,2.007000000000000000e+03,2.007000000000000000e+03,2.007000000000000000e+03,2.007000000000000000e+03,2.007000000000000000e+03,2.007000000000000000e+03,2.007000000000000000e+03,2.007000000000000000e+03,2.007000000000000000e+03,2.007000000000000000e+03,2.007000000000000000e+03,2.007000000000000000e+03,2.007000000000000000e+03,2.007000000000000000e+03,2.007000000000000000e+03,2.007000000000000000e+03,2.007000000000000000e+03,2.007000000000000000e+03,2.007000000000000000e+03,2.007000000000000000e+03,2.007000000000000000e+03,2.007000000000000000e+03,2.007000000000000000e+03,2.007000000000000000e+03,2.007000000000000000e+03,2.007000000000000000e+03,2.007000000000000000e+03,2.007000000000000000e+03,2.007000000000000000e+03,2.007000000000000000e+03,2.007000000000000000e+03,2.007000000000000000e+03,2.007000000000000000e+03,2.007000000000000000e+03,2.007000000000000000e+03,2.007000000000000000e+03,2.007000000000000000e+03,2.007000000000000000e+03,2.007000000000000000e+03,2.007000000000000000e+03,2.007000000000000000e+03,2.007000000000000000e+03,2.007000000000000000e+03,2.007000000000000000e+03,2.007000000000000000e+03,2.007000000000000000e+03,2.007000000000000000e+03,2.007000000000000000e+03,2.007000000000000000e+03,2.007000000000000000e+03,2.007000000000000000e+03,2.007000000000000000e+03,2.007000000000000000e+03,2.007000000000000000e+03,2.007000000000000000e+03,2.007000000000000000e+03,2.007000000000000000e+03,2.007000000000000000e+03,2.007000000000000000e+03,2.007000000000000000e+03,2.007000000000000000e+03,2.007000000000000000e+03,2.007000000000000000e+03,2.007000000000000000e+03,2.007000000000000000e+03,2.007000000000000000e+03,2.007000000000000000e+03,2.007000000000000000e+03,2.007000000000000000e+03,2.007000000000000000e+03,2.007000000000000000e+03,2.007000000000000000e+03,2.007000000000000000e+03,2.007000000000000000e+03,2.007000000000000000e+03,2.007000000000000000e+03,2.007000000000000000e+03,2.007000000000000000e+03,2.007000000000000000e+03,2.007000000000000000e+03,2.007000000000000000e+03,2.007000000000000000e+03,2.007000000000000000e+03,2.007000000000000000e+03,2.008000000000000000e+03,2.008000000000000000e+03,2.008000000000000000e+03,2.008000000000000000e+03,2.008000000000000000e+03,2.008000000000000000e+03,2.008000000000000000e+03,2.008000000000000000e+03,2.008000000000000000e+03,2.008000000000000000e+03,2.008000000000000000e+03,2.008000000000000000e+03,2.008000000000000000e+03,2.008000000000000000e+03,2.008000000000000000e+03,2.008000000000000000e+03,2.008000000000000000e+03,2.008000000000000000e+03,2.008000000000000000e+03,2.008000000000000000e+03,2.008000000000000000e+03,2.008000000000000000e+03,2.008000000000000000e+03,2.008000000000000000e+03,2.008000000000000000e+03,2.008000000000000000e+03,2.008000000000000000e+03,2.008000000000000000e+03,2.008000000000000000e+03,2.008000000000000000e+03,2.008000000000000000e+03,2.008000000000000000e+03,2.008000000000000000e+03,2.008000000000000000e+03,2.008000000000000000e+03,2.008000000000000000e+03,2.008000000000000000e+03,2.008000000000000000e+03,2.008000000000000000e+03,2.008000000000000000e+03,2.008000000000000000e+03,2.008000000000000000e+03,2.008000000000000000e+03,2.008000000000000000e+03,2.008000000000000000e+03,2.008000000000000000e+03,2.008000000000000000e+03,2.008000000000000000e+03,2.008000000000000000e+03,2.008000000000000000e+03,2.008000000000000000e+03,2.008000000000000000e+03,2.008000000000000000e+03,2.008000000000000000e+03,2.008000000000000000e+03,2.008000000000000000e+03,2.008000000000000000e+03,2.008000000000000000e+03,2.008000000000000000e+03,2.008000000000000000e+03,2.008000000000000000e+03,2.008000000000000000e+03,2.008000000000000000e+03,2.008000000000000000e+03,2.008000000000000000e+03,2.008000000000000000e+03,2.008000000000000000e+03,2.008000000000000000e+03,2.008000000000000000e+03,2.008000000000000000e+03,2.008000000000000000e+03,2.008000000000000000e+03,2.008000000000000000e+03,2.008000000000000000e+03,2.008000000000000000e+03,2.008000000000000000e+03,2.008000000000000000e+03,2.008000000000000000e+03,2.008000000000000000e+03,2.008000000000000000e+03,2.008000000000000000e+03,2.008000000000000000e+03,2.008000000000000000e+03,2.008000000000000000e+03,2.008000000000000000e+03,2.008000000000000000e+03,2.008000000000000000e+03,2.008000000000000000e+03,2.008000000000000000e+03,2.008000000000000000e+03,2.008000000000000000e+03,2.008000000000000000e+03,2.008000000000000000e+03,2.008000000000000000e+03,2.008000000000000000e+03,2.008000000000000000e+03,2.008000000000000000e+03,2.008000000000000000e+03,2.008000000000000000e+03,2.008000000000000000e+03,2.008000000000000000e+03,2.008000000000000000e+03,2.008000000000000000e+03,2.008000000000000000e+03,2.008000000000000000e+03,2.008000000000000000e+03,2.008000000000000000e+03,2.008000000000000000e+03,2.008000000000000000e+03,2.008000000000000000e+03,2.008000000000000000e+03,2.008000000000000000e+03,2.008000000000000000e+03,2.008000000000000000e+03,2.008000000000000000e+03,2.008000000000000000e+03,2.008000000000000000e+03,2.008000000000000000e+03,2.008000000000000000e+03,2.008000000000000000e+03,2.008000000000000000e+03,2.008000000000000000e+03,2.008000000000000000e+03,2.008000000000000000e+03,2.008000000000000000e+03,2.008000000000000000e+03,2.008000000000000000e+03,2.008000000000000000e+03,2.008000000000000000e+03,2.008000000000000000e+03,2.008000000000000000e+03,2.008000000000000000e+03,2.008000000000000000e+03,2.008000000000000000e+03,2.008000000000000000e+03,2.008000000000000000e+03,2.008000000000000000e+03,2.008000000000000000e+03,2.008000000000000000e+03,2.008000000000000000e+03,2.008000000000000000e+03,2.008000000000000000e+03,2.008000000000000000e+03,2.008000000000000000e+03,2.008000000000000000e+03,2.008000000000000000e+03,2.008000000000000000e+03,2.009000000000000000e+03,2.009000000000000000e+03,2.009000000000000000e+03,2.009000000000000000e+03,2.009000000000000000e+03,2.009000000000000000e+03,2.009000000000000000e+03,2.009000000000000000e+03,2.009000000000000000e+03,2.009000000000000000e+03,2.009000000000000000e+03,2.009000000000000000e+03,2.009000000000000000e+03,2.009000000000000000e+03,2.009000000000000000e+03,2.009000000000000000e+03,2.009000000000000000e+03,2.009000000000000000e+03,2.009000000000000000e+03,2.009000000000000000e+03,2.009000000000000000e+03,2.009000000000000000e+03,2.009000000000000000e+03,2.009000000000000000e+03,2.009000000000000000e+03,2.009000000000000000e+03,2.009000000000000000e+03,2.009000000000000000e+03,2.009000000000000000e+03,2.009000000000000000e+03,2.009000000000000000e+03,2.009000000000000000e+03,2.009000000000000000e+03,2.009000000000000000e+03,2.009000000000000000e+03,2.009000000000000000e+03,2.009000000000000000e+03,2.009000000000000000e+03,2.009000000000000000e+03,2.009000000000000000e+03,2.009000000000000000e+03,2.009000000000000000e+03,2.009000000000000000e+03,2.009000000000000000e+03,2.009000000000000000e+03,2.009000000000000000e+03,2.009000000000000000e+03,2.009000000000000000e+03,2.009000000000000000e+03,2.009000000000000000e+03,2.009000000000000000e+03,2.009000000000000000e+03,2.009000000000000000e+03,2.009000000000000000e+03,2.009000000000000000e+03,2.009000000000000000e+03,2.009000000000000000e+03,2.009000000000000000e+03,2.009000000000000000e+03,2.009000000000000000e+03,2.009000000000000000e+03,2.009000000000000000e+03,2.009000000000000000e+03,2.009000000000000000e+03,2.009000000000000000e+03,2.009000000000000000e+03,2.009000000000000000e+03,2.009000000000000000e+03,2.009000000000000000e+03,2.009000000000000000e+03,2.009000000000000000e+03,2.009000000000000000e+03,2.009000000000000000e+03,2.009000000000000000e+03,2.009000000000000000e+03,2.009000000000000000e+03,2.009000000000000000e+03,2.009000000000000000e+03,2.009000000000000000e+03,2.009000000000000000e+03,2.009000000000000000e+03,2.009000000000000000e+03,2.009000000000000000e+03,2.009000000000000000e+03,2.009000000000000000e+03,2.009000000000000000e+03,2.009000000000000000e+03,2.009000000000000000e+03,2.009000000000000000e+03,2.009000000000000000e+03,2.009000000000000000e+03,2.009000000000000000e+03,2.009000000000000000e+03,2.009000000000000000e+03,2.009000000000000000e+03,2.009000000000000000e+03,2.009000000000000000e+03,2.009000000000000000e+03,2.009000000000000000e+03,2.009000000000000000e+03,2.009000000000000000e+03,2.009000000000000000e+03,2.009000000000000000e+03,2.009000000000000000e+03,2.009000000000000000e+03,2.009000000000000000e+03,2.009000000000000000e+03,2.009000000000000000e+03,2.009000000000000000e+03,2.009000000000000000e+03,2.009000000000000000e+03,2.009000000000000000e+03,2.009000000000000000e+03,2.009000000000000000e+03,2.009000000000000000e+03,2.009000000000000000e+03,2.009000000000000000e+03,2.009000000000000000e+03,2.009000000000000000e+03,2.009000000000000000e+03,2.009000000000000000e+03,2.009000000000000000e+03,2.009000000000000000e+03,2.009000000000000000e+03,2.009000000000000000e+03,2.009000000000000000e+03,2.009000000000000000e+03,2.009000000000000000e+03,2.009000000000000000e+03,2.009000000000000000e+03,2.009000000000000000e+03,2.009000000000000000e+03,2.009000000000000000e+03,2.009000000000000000e+03,2.009000000000000000e+03,2.009000000000000000e+03,2.009000000000000000e+03,2.009000000000000000e+03,2.009000000000000000e+03,2.009000000000000000e+03,2.009000000000000000e+03,2.009000000000000000e+03,2.009000000000000000e+03,2.009000000000000000e+03,2.009000000000000000e+03,2.009000000000000000e+03,2.009000000000000000e+03,2.010000000000000000e+03,2.010000000000000000e+03,2.010000000000000000e+03,2.010000000000000000e+03,2.010000000000000000e+03,2.010000000000000000e+03,2.010000000000000000e+03,2.010000000000000000e+03,2.010000000000000000e+03,2.010000000000000000e+03,2.010000000000000000e+03,2.010000000000000000e+03,2.010000000000000000e+03,2.010000000000000000e+03,2.010000000000000000e+03,2.010000000000000000e+03,2.010000000000000000e+03,2.010000000000000000e+03,2.010000000000000000e+03,2.010000000000000000e+03,2.010000000000000000e+03,2.010000000000000000e+03,2.010000000000000000e+03,2.010000000000000000e+03,2.010000000000000000e+03,2.010000000000000000e+03,2.010000000000000000e+03,2.010000000000000000e+03,2.010000000000000000e+03,2.010000000000000000e+03,2.010000000000000000e+03,2.010000000000000000e+03,2.010000000000000000e+03,2.010000000000000000e+03,2.010000000000000000e+03,2.010000000000000000e+03,2.010000000000000000e+03,2.010000000000000000e+03,2.010000000000000000e+03,2.010000000000000000e+03,2.010000000000000000e+03,2.010000000000000000e+03,2.010000000000000000e+03,2.010000000000000000e+03,2.010000000000000000e+03,2.010000000000000000e+03,2.010000000000000000e+03,2.010000000000000000e+03,2.010000000000000000e+03,2.010000000000000000e+03,2.010000000000000000e+03,2.010000000000000000e+03,2.010000000000000000e+03,2.010000000000000000e+03,2.010000000000000000e+03,2.010000000000000000e+03,2.010000000000000000e+03,2.010000000000000000e+03,2.010000000000000000e+03,2.010000000000000000e+03,2.010000000000000000e+03,2.010000000000000000e+03,2.010000000000000000e+03,2.010000000000000000e+03,2.010000000000000000e+03,2.010000000000000000e+03,2.010000000000000000e+03,2.010000000000000000e+03,2.010000000000000000e+03,2.010000000000000000e+03,2.010000000000000000e+03,2.010000000000000000e+03,2.010000000000000000e+03,2.010000000000000000e+03,2.010000000000000000e+03,2.010000000000000000e+03,2.010000000000000000e+03,2.010000000000000000e+03,2.010000000000000000e+03,2.010000000000000000e+03,2.010000000000000000e+03,2.010000000000000000e+03,2.010000000000000000e+03,2.010000000000000000e+03,2.010000000000000000e+03,2.010000000000000000e+03,2.010000000000000000e+03,2.010000000000000000e+03,2.010000000000000000e+03,2.010000000000000000e+03,2.010000000000000000e+03,2.010000000000000000e+03,2.010000000000000000e+03,2.010000000000000000e+03,2.010000000000000000e+03,2.010000000000000000e+03,2.010000000000000000e+03,2.010000000000000000e+03,2.010000000000000000e+03,2.010000000000000000e+03,2.010000000000000000e+03,2.010000000000000000e+03,2.010000000000000000e+03,2.010000000000000000e+03,2.010000000000000000e+03,2.010000000000000000e+03,2.010000000000000000e+03,2.010000000000000000e+03,2.010000000000000000e+03,2.010000000000000000e+03,2.010000000000000000e+03,2.010000000000000000e+03,2.010000000000000000e+03,2.010000000000000000e+03,2.010000000000000000e+03,2.010000000000000000e+03,2.010000000000000000e+03,2.010000000000000000e+03,2.010000000000000000e+03,2.010000000000000000e+03,2.010000000000000000e+03,2.010000000000000000e+03,2.010000000000000000e+03,2.010000000000000000e+03,2.010000000000000000e+03,2.010000000000000000e+03,2.010000000000000000e+03,2.010000000000000000e+03,2.010000000000000000e+03,2.010000000000000000e+03,2.010000000000000000e+03,2.010000000000000000e+03,2.010000000000000000e+03,2.010000000000000000e+03,2.010000000000000000e+03,2.010000000000000000e+03,2.010000000000000000e+03,2.010000000000000000e+03,2.010000000000000000e+03,2.010000000000000000e+03,2.010000000000000000e+03,2.010000000000000000e+03,2.010000000000000000e+03,2.010000000000000000e+03,2.010000000000000000e+03,2.010000000000000000e+03,2.010000000000000000e+03,2.011000000000000000e+03,2.011000000000000000e+03,2.011000000000000000e+03,2.011000000000000000e+03,2.011000000000000000e+03,2.011000000000000000e+03,2.011000000000000000e+03,2.011000000000000000e+03,2.011000000000000000e+03,2.011000000000000000e+03,2.011000000000000000e+03,2.011000000000000000e+03,2.011000000000000000e+03,2.011000000000000000e+03,2.011000000000000000e+03,2.011000000000000000e+03,2.011000000000000000e+03,2.011000000000000000e+03,2.011000000000000000e+03,2.011000000000000000e+03,2.011000000000000000e+03,2.011000000000000000e+03,2.011000000000000000e+03,2.011000000000000000e+03,2.011000000000000000e+03,2.011000000000000000e+03,2.011000000000000000e+03,2.011000000000000000e+03,2.011000000000000000e+03,2.011000000000000000e+03,2.011000000000000000e+03,2.011000000000000000e+03,2.011000000000000000e+03,2.011000000000000000e+03,2.011000000000000000e+03,2.011000000000000000e+03,2.011000000000000000e+03,2.011000000000000000e+03,2.011000000000000000e+03,2.011000000000000000e+03,2.011000000000000000e+03,2.011000000000000000e+03,2.011000000000000000e+03,2.011000000000000000e+03,2.011000000000000000e+03,2.011000000000000000e+03,2.011000000000000000e+03,2.011000000000000000e+03,2.011000000000000000e+03,2.011000000000000000e+03,2.011000000000000000e+03,2.011000000000000000e+03,2.011000000000000000e+03,2.011000000000000000e+03,2.011000000000000000e+03,2.011000000000000000e+03,2.011000000000000000e+03,2.011000000000000000e+03,2.011000000000000000e+03,2.011000000000000000e+03,2.011000000000000000e+03,2.011000000000000000e+03,2.011000000000000000e+03,2.011000000000000000e+03,2.011000000000000000e+03,2.011000000000000000e+03,2.011000000000000000e+03,2.011000000000000000e+03,2.011000000000000000e+03,2.011000000000000000e+03,2.011000000000000000e+03,2.011000000000000000e+03,2.011000000000000000e+03,2.011000000000000000e+03,2.011000000000000000e+03,2.011000000000000000e+03,2.011000000000000000e+03,2.011000000000000000e+03,2.011000000000000000e+03,2.011000000000000000e+03,2.011000000000000000e+03,2.011000000000000000e+03,2.011000000000000000e+03,2.011000000000000000e+03,2.011000000000000000e+03,2.011000000000000000e+03,2.011000000000000000e+03,2.011000000000000000e+03,2.011000000000000000e+03,2.011000000000000000e+03,2.011000000000000000e+03,2.011000000000000000e+03,2.011000000000000000e+03,2.011000000000000000e+03,2.011000000000000000e+03,2.011000000000000000e+03,2.011000000000000000e+03,2.011000000000000000e+03,2.011000000000000000e+03,2.011000000000000000e+03,2.011000000000000000e+03,2.011000000000000000e+03,2.011000000000000000e+03,2.011000000000000000e+03,2.011000000000000000e+03,2.011000000000000000e+03,2.011000000000000000e+03,2.011000000000000000e+03,2.011000000000000000e+03,2.011000000000000000e+03,2.011000000000000000e+03,2.011000000000000000e+03,2.011000000000000000e+03,2.011000000000000000e+03,2.011000000000000000e+03,2.011000000000000000e+03,2.011000000000000000e+03,2.011000000000000000e+03,2.011000000000000000e+03,2.011000000000000000e+03,2.011000000000000000e+03,2.011000000000000000e+03,2.011000000000000000e+03,2.011000000000000000e+03,2.011000000000000000e+03,2.011000000000000000e+03,2.011000000000000000e+03,2.011000000000000000e+03,2.011000000000000000e+03,2.011000000000000000e+03,2.011000000000000000e+03,2.011000000000000000e+03,2.011000000000000000e+03,2.011000000000000000e+03,2.011000000000000000e+03,2.011000000000000000e+03,2.011000000000000000e+03,2.011000000000000000e+03,2.011000000000000000e+03,2.011000000000000000e+03,2.011000000000000000e+03,2.011000000000000000e+03,2.011000000000000000e+03,2.011000000000000000e+03,2.011000000000000000e+03,2.011000000000000000e+03,2.012000000000000000e+03,2.012000000000000000e+03,2.012000000000000000e+03,2.012000000000000000e+03,2.012000000000000000e+03,2.012000000000000000e+03,2.012000000000000000e+03,2.012000000000000000e+03,2.012000000000000000e+03,2.012000000000000000e+03,2.012000000000000000e+03,2.012000000000000000e+03,2.012000000000000000e+03,2.012000000000000000e+03,2.012000000000000000e+03,2.012000000000000000e+03,2.012000000000000000e+03,2.012000000000000000e+03,2.012000000000000000e+03,2.012000000000000000e+03,2.012000000000000000e+03,2.012000000000000000e+03,2.012000000000000000e+03,2.012000000000000000e+03,2.012000000000000000e+03,2.012000000000000000e+03,2.012000000000000000e+03,2.012000000000000000e+03,2.012000000000000000e+03,2.012000000000000000e+03,2.012000000000000000e+03,2.012000000000000000e+03,2.012000000000000000e+03,2.012000000000000000e+03,2.012000000000000000e+03,2.012000000000000000e+03,2.012000000000000000e+03,2.012000000000000000e+03,2.012000000000000000e+03,2.012000000000000000e+03,2.012000000000000000e+03,2.012000000000000000e+03,2.012000000000000000e+03,2.012000000000000000e+03,2.012000000000000000e+03,2.012000000000000000e+03,2.012000000000000000e+03,2.012000000000000000e+03,2.012000000000000000e+03,2.012000000000000000e+03,2.012000000000000000e+03,2.012000000000000000e+03,2.012000000000000000e+03,2.012000000000000000e+03,2.012000000000000000e+03,2.012000000000000000e+03,2.012000000000000000e+03,2.012000000000000000e+03,2.012000000000000000e+03,2.012000000000000000e+03,2.012000000000000000e+03,2.012000000000000000e+03,2.012000000000000000e+03,2.012000000000000000e+03,2.012000000000000000e+03,2.012000000000000000e+03,2.012000000000000000e+03,2.012000000000000000e+03,2.012000000000000000e+03,2.012000000000000000e+03,2.012000000000000000e+03,2.012000000000000000e+03,2.012000000000000000e+03,2.012000000000000000e+03,2.012000000000000000e+03,2.012000000000000000e+03,2.012000000000000000e+03,2.012000000000000000e+03,2.012000000000000000e+03,2.012000000000000000e+03,2.012000000000000000e+03,2.012000000000000000e+03,2.012000000000000000e+03,2.012000000000000000e+03,2.012000000000000000e+03,2.012000000000000000e+03,2.012000000000000000e+03,2.012000000000000000e+03,2.012000000000000000e+03,2.012000000000000000e+03,2.012000000000000000e+03,2.012000000000000000e+03,2.012000000000000000e+03,2.012000000000000000e+03,2.012000000000000000e+03,2.012000000000000000e+03,2.012000000000000000e+03,2.012000000000000000e+03,2.012000000000000000e+03,2.012000000000000000e+03,2.012000000000000000e+03,2.012000000000000000e+03,2.012000000000000000e+03,2.012000000000000000e+03,2.012000000000000000e+03,2.012000000000000000e+03,2.012000000000000000e+03,2.012000000000000000e+03,2.012000000000000000e+03,2.012000000000000000e+03,2.012000000000000000e+03,2.012000000000000000e+03,2.012000000000000000e+03,2.012000000000000000e+03,2.012000000000000000e+03,2.012000000000000000e+03,2.012000000000000000e+03,2.012000000000000000e+03,2.012000000000000000e+03,2.012000000000000000e+03,2.012000000000000000e+03,2.012000000000000000e+03,2.012000000000000000e+03,2.012000000000000000e+03,2.012000000000000000e+03,2.012000000000000000e+03,2.012000000000000000e+03,2.012000000000000000e+03,2.012000000000000000e+03,2.012000000000000000e+03,2.012000000000000000e+03,2.012000000000000000e+03,2.012000000000000000e+03,2.012000000000000000e+03,2.012000000000000000e+03,2.012000000000000000e+03,2.012000000000000000e+03,2.012000000000000000e+03,2.012000000000000000e+03,2.012000000000000000e+03,2.012000000000000000e+03,2.012000000000000000e+03,2.012000000000000000e+03,2.012000000000000000e+03,2.012000000000000000e+03,2.012000000000000000e+03,2.013000000000000000e+03,2.013000000000000000e+03,2.013000000000000000e+03,2.013000000000000000e+03,2.013000000000000000e+03,2.013000000000000000e+03,2.013000000000000000e+03,2.013000000000000000e+03,2.013000000000000000e+03,2.013000000000000000e+03,2.013000000000000000e+03,2.013000000000000000e+03,2.013000000000000000e+03,2.013000000000000000e+03,2.013000000000000000e+03,2.013000000000000000e+03,2.013000000000000000e+03,2.013000000000000000e+03,2.013000000000000000e+03,2.013000000000000000e+03,2.013000000000000000e+03,2.013000000000000000e+03,2.013000000000000000e+03,2.013000000000000000e+03,2.013000000000000000e+03,2.013000000000000000e+03,2.013000000000000000e+03,2.013000000000000000e+03,2.013000000000000000e+03,2.013000000000000000e+03,2.013000000000000000e+03,2.013000000000000000e+03,2.013000000000000000e+03,2.013000000000000000e+03,2.013000000000000000e+03,2.013000000000000000e+03,2.013000000000000000e+03,2.013000000000000000e+03,2.013000000000000000e+03,2.013000000000000000e+03,2.013000000000000000e+03,2.013000000000000000e+03,2.013000000000000000e+03,2.013000000000000000e+03,2.013000000000000000e+03,2.013000000000000000e+03,2.013000000000000000e+03,2.013000000000000000e+03,2.013000000000000000e+03,2.013000000000000000e+03,2.013000000000000000e+03,2.013000000000000000e+03,2.013000000000000000e+03,2.013000000000000000e+03,2.013000000000000000e+03,2.013000000000000000e+03,2.013000000000000000e+03,2.013000000000000000e+03,2.013000000000000000e+03,2.013000000000000000e+03,2.013000000000000000e+03,2.013000000000000000e+03,2.013000000000000000e+03,2.013000000000000000e+03,2.013000000000000000e+03,2.013000000000000000e+03,2.013000000000000000e+03,2.013000000000000000e+03,2.013000000000000000e+03,2.013000000000000000e+03,2.013000000000000000e+03,2.013000000000000000e+03,2.013000000000000000e+03,2.013000000000000000e+03,2.013000000000000000e+03,2.013000000000000000e+03,2.013000000000000000e+03,2.013000000000000000e+03,2.013000000000000000e+03,2.013000000000000000e+03,2.013000000000000000e+03,2.013000000000000000e+03,2.013000000000000000e+03,2.013000000000000000e+03,2.013000000000000000e+03,2.013000000000000000e+03,2.013000000000000000e+03,2.013000000000000000e+03,2.013000000000000000e+03,2.013000000000000000e+03,2.013000000000000000e+03,2.013000000000000000e+03,2.013000000000000000e+03,2.013000000000000000e+03,2.013000000000000000e+03,2.013000000000000000e+03,2.013000000000000000e+03,2.013000000000000000e+03,2.013000000000000000e+03,2.013000000000000000e+03,2.013000000000000000e+03,2.013000000000000000e+03,2.013000000000000000e+03,2.013000000000000000e+03,2.013000000000000000e+03,2.013000000000000000e+03,2.013000000000000000e+03,2.013000000000000000e+03,2.013000000000000000e+03,2.013000000000000000e+03,2.013000000000000000e+03,2.013000000000000000e+03,2.013000000000000000e+03,2.013000000000000000e+03,2.013000000000000000e+03,2.013000000000000000e+03,2.013000000000000000e+03,2.013000000000000000e+03,2.013000000000000000e+03,2.013000000000000000e+03,2.013000000000000000e+03,2.013000000000000000e+03,2.013000000000000000e+03,2.013000000000000000e+03,2.013000000000000000e+03,2.013000000000000000e+03,2.013000000000000000e+03,2.013000000000000000e+03,2.013000000000000000e+03,2.013000000000000000e+03,2.013000000000000000e+03,2.013000000000000000e+03,2.013000000000000000e+03,2.013000000000000000e+03,2.013000000000000000e+03,2.013000000000000000e+03,2.013000000000000000e+03,2.013000000000000000e+03,2.013000000000000000e+03,2.013000000000000000e+03,2.013000000000000000e+03,2.013000000000000000e+03,2.013000000000000000e+03,2.013000000000000000e+03,2.013000000000000000e+03,2.013000000000000000e+03,2.013000000000000000e+03,2.014000000000000000e+03,2.014000000000000000e+03,2.014000000000000000e+03,2.014000000000000000e+03,2.014000000000000000e+03,2.014000000000000000e+03,2.014000000000000000e+03,2.014000000000000000e+03,2.014000000000000000e+03,2.014000000000000000e+03,2.014000000000000000e+03,2.014000000000000000e+03,2.014000000000000000e+03,2.014000000000000000e+03,2.014000000000000000e+03,2.014000000000000000e+03,2.014000000000000000e+03,2.014000000000000000e+03,2.014000000000000000e+03,2.014000000000000000e+03,2.014000000000000000e+03,2.014000000000000000e+03,2.014000000000000000e+03,2.014000000000000000e+03,2.014000000000000000e+03,2.014000000000000000e+03,2.014000000000000000e+03,2.014000000000000000e+03,2.014000000000000000e+03,2.014000000000000000e+03,2.014000000000000000e+03,2.014000000000000000e+03,2.014000000000000000e+03,2.014000000000000000e+03,2.014000000000000000e+03,2.014000000000000000e+03,2.014000000000000000e+03,2.014000000000000000e+03,2.014000000000000000e+03,2.014000000000000000e+03,2.014000000000000000e+03,2.014000000000000000e+03,2.014000000000000000e+03,2.014000000000000000e+03,2.014000000000000000e+03,2.014000000000000000e+03,2.014000000000000000e+03,2.014000000000000000e+03,2.014000000000000000e+03,2.014000000000000000e+03,2.014000000000000000e+03,2.014000000000000000e+03,2.014000000000000000e+03,2.014000000000000000e+03,2.014000000000000000e+03,2.014000000000000000e+03,2.014000000000000000e+03,2.014000000000000000e+03,2.014000000000000000e+03,2.014000000000000000e+03,2.014000000000000000e+03,2.014000000000000000e+03,2.014000000000000000e+03,2.014000000000000000e+03,2.014000000000000000e+03,2.014000000000000000e+03,2.014000000000000000e+03,2.014000000000000000e+03,2.014000000000000000e+03,2.014000000000000000e+03,2.014000000000000000e+03,2.014000000000000000e+03,2.014000000000000000e+03,2.014000000000000000e+03,2.014000000000000000e+03,2.014000000000000000e+03,2.014000000000000000e+03,2.014000000000000000e+03,2.014000000000000000e+03,2.014000000000000000e+03,2.014000000000000000e+03,2.014000000000000000e+03,2.014000000000000000e+03,2.014000000000000000e+03,2.014000000000000000e+03,2.014000000000000000e+03,2.014000000000000000e+03,2.014000000000000000e+03,2.014000000000000000e+03,2.014000000000000000e+03,2.014000000000000000e+03,2.014000000000000000e+03,2.014000000000000000e+03,2.014000000000000000e+03,2.014000000000000000e+03,2.014000000000000000e+03,2.014000000000000000e+03,2.014000000000000000e+03,2.014000000000000000e+03,2.014000000000000000e+03,2.014000000000000000e+03,2.014000000000000000e+03,2.014000000000000000e+03,2.014000000000000000e+03,2.014000000000000000e+03,2.014000000000000000e+03,2.014000000000000000e+03,2.014000000000000000e+03,2.014000000000000000e+03,2.014000000000000000e+03,2.014000000000000000e+03,2.014000000000000000e+03,2.014000000000000000e+03,2.014000000000000000e+03,2.014000000000000000e+03,2.014000000000000000e+03,2.014000000000000000e+03,2.014000000000000000e+03,2.014000000000000000e+03,2.014000000000000000e+03,2.014000000000000000e+03,2.014000000000000000e+03,2.014000000000000000e+03,2.014000000000000000e+03,2.014000000000000000e+03,2.014000000000000000e+03,2.014000000000000000e+03,2.014000000000000000e+03,2.014000000000000000e+03,2.014000000000000000e+03,2.014000000000000000e+03,2.014000000000000000e+03,2.014000000000000000e+03,2.014000000000000000e+03,2.014000000000000000e+03,2.014000000000000000e+03,2.014000000000000000e+03,2.014000000000000000e+03,2.014000000000000000e+03,2.014000000000000000e+03,2.014000000000000000e+03,2.014000000000000000e+03,2.014000000000000000e+03,2.014000000000000000e+03,2.014000000000000000e+03,2.014000000000000000e+03,2.015000000000000000e+03,2.015000000000000000e+03,2.015000000000000000e+03,2.015000000000000000e+03,2.015000000000000000e+03,2.015000000000000000e+03,2.015000000000000000e+03,2.015000000000000000e+03,2.015000000000000000e+03,2.015000000000000000e+03,2.015000000000000000e+03,2.015000000000000000e+03,2.015000000000000000e+03,2.015000000000000000e+03,2.015000000000000000e+03,2.015000000000000000e+03,2.015000000000000000e+03,2.015000000000000000e+03,2.015000000000000000e+03,2.015000000000000000e+03,2.015000000000000000e+03,2.015000000000000000e+03,2.015000000000000000e+03,2.015000000000000000e+03,2.015000000000000000e+03,2.015000000000000000e+03,2.015000000000000000e+03,2.015000000000000000e+03,2.015000000000000000e+03,2.015000000000000000e+03,2.015000000000000000e+03,2.015000000000000000e+03,2.015000000000000000e+03,2.015000000000000000e+03,2.015000000000000000e+03,2.015000000000000000e+03,2.015000000000000000e+03,2.015000000000000000e+03,2.015000000000000000e+03,2.015000000000000000e+03,2.015000000000000000e+03,2.015000000000000000e+03,2.015000000000000000e+03,2.015000000000000000e+03,2.015000000000000000e+03,2.015000000000000000e+03,2.015000000000000000e+03,2.015000000000000000e+03,2.015000000000000000e+03,2.015000000000000000e+03,2.015000000000000000e+03,2.015000000000000000e+03,2.015000000000000000e+03,2.015000000000000000e+03,2.015000000000000000e+03,2.015000000000000000e+03,2.015000000000000000e+03,2.015000000000000000e+03,2.015000000000000000e+03,2.015000000000000000e+03,2.015000000000000000e+03,2.015000000000000000e+03,2.015000000000000000e+03,2.015000000000000000e+03,2.015000000000000000e+03,2.015000000000000000e+03,2.015000000000000000e+03,2.015000000000000000e+03,2.015000000000000000e+03,2.015000000000000000e+03,2.015000000000000000e+03,2.015000000000000000e+03,2.015000000000000000e+03,2.015000000000000000e+03,2.015000000000000000e+03,2.015000000000000000e+03,2.015000000000000000e+03,2.015000000000000000e+03,2.015000000000000000e+03,2.015000000000000000e+03,2.015000000000000000e+03,2.015000000000000000e+03,2.015000000000000000e+03,2.015000000000000000e+03,2.015000000000000000e+03,2.015000000000000000e+03,2.015000000000000000e+03,2.015000000000000000e+03,2.015000000000000000e+03,2.015000000000000000e+03,2.015000000000000000e+03,2.015000000000000000e+03,2.015000000000000000e+03,2.015000000000000000e+03,2.015000000000000000e+03,2.015000000000000000e+03,2.015000000000000000e+03,2.015000000000000000e+03,2.015000000000000000e+03,2.015000000000000000e+03,2.015000000000000000e+03,2.015000000000000000e+03,2.015000000000000000e+03,2.015000000000000000e+03,2.015000000000000000e+03,2.015000000000000000e+03,2.015000000000000000e+03,2.015000000000000000e+03,2.015000000000000000e+03,2.015000000000000000e+03,2.015000000000000000e+03,2.015000000000000000e+03,2.015000000000000000e+03,2.015000000000000000e+03,2.015000000000000000e+03,2.015000000000000000e+03,2.015000000000000000e+03,2.015000000000000000e+03,2.015000000000000000e+03,2.015000000000000000e+03,2.015000000000000000e+03,2.015000000000000000e+03,2.015000000000000000e+03,2.015000000000000000e+03,2.015000000000000000e+03,2.015000000000000000e+03,2.015000000000000000e+03,2.015000000000000000e+03,2.015000000000000000e+03,2.015000000000000000e+03,2.015000000000000000e+03,2.015000000000000000e+03,2.015000000000000000e+03,2.015000000000000000e+03,2.015000000000000000e+03,2.015000000000000000e+03,2.015000000000000000e+03,2.015000000000000000e+03,2.015000000000000000e+03,2.015000000000000000e+03,2.015000000000000000e+03,2.015000000000000000e+03,2.015000000000000000e+03,2.015000000000000000e+03,2.015000000000000000e+03,2.015000000000000000e+03,2.016000000000000000e+03,2.016000000000000000e+03,2.016000000000000000e+03,2.016000000000000000e+03,2.016000000000000000e+03,2.016000000000000000e+03,2.016000000000000000e+03,2.016000000000000000e+03,2.016000000000000000e+03,2.016000000000000000e+03,2.016000000000000000e+03,2.016000000000000000e+03,2.016000000000000000e+03,2.016000000000000000e+03,2.016000000000000000e+03,2.016000000000000000e+03,2.016000000000000000e+03,2.016000000000000000e+03,2.016000000000000000e+03,2.016000000000000000e+03,2.016000000000000000e+03,2.016000000000000000e+03,2.016000000000000000e+03,2.016000000000000000e+03,2.016000000000000000e+03,2.016000000000000000e+03,2.016000000000000000e+03,2.016000000000000000e+03,2.016000000000000000e+03,2.016000000000000000e+03,2.016000000000000000e+03,2.016000000000000000e+03,2.016000000000000000e+03,2.016000000000000000e+03,2.016000000000000000e+03,2.016000000000000000e+03,2.016000000000000000e+03,2.016000000000000000e+03,2.016000000000000000e+03,2.016000000000000000e+03,2.016000000000000000e+03,2.016000000000000000e+03,2.016000000000000000e+03,2.016000000000000000e+03,2.016000000000000000e+03,2.016000000000000000e+03,2.016000000000000000e+03,2.016000000000000000e+03,2.016000000000000000e+03,2.016000000000000000e+03,2.016000000000000000e+03,2.016000000000000000e+03,2.016000000000000000e+03,2.016000000000000000e+03,2.016000000000000000e+03,2.016000000000000000e+03,2.016000000000000000e+03,2.016000000000000000e+03,2.016000000000000000e+03,2.016000000000000000e+03,2.016000000000000000e+03,2.016000000000000000e+03,2.016000000000000000e+03,2.016000000000000000e+03,2.016000000000000000e+03,2.016000000000000000e+03,2.016000000000000000e+03,2.016000000000000000e+03,2.016000000000000000e+03,2.016000000000000000e+03,2.016000000000000000e+03,2.016000000000000000e+03,2.016000000000000000e+03,2.016000000000000000e+03,2.016000000000000000e+03,2.016000000000000000e+03,2.016000000000000000e+03,2.016000000000000000e+03,2.016000000000000000e+03,2.016000000000000000e+03,2.016000000000000000e+03,2.016000000000000000e+03,2.016000000000000000e+03,2.016000000000000000e+03,2.016000000000000000e+03,2.016000000000000000e+03,2.016000000000000000e+03,2.016000000000000000e+03,2.016000000000000000e+03,2.016000000000000000e+03,2.016000000000000000e+03,2.016000000000000000e+03,2.016000000000000000e+03,2.016000000000000000e+03,2.016000000000000000e+03,2.016000000000000000e+03,2.016000000000000000e+03,2.016000000000000000e+03,2.016000000000000000e+03,2.016000000000000000e+03,2.016000000000000000e+03,2.016000000000000000e+03,2.016000000000000000e+03,2.016000000000000000e+03,2.016000000000000000e+03,2.016000000000000000e+03,2.016000000000000000e+03,2.016000000000000000e+03,2.016000000000000000e+03,2.016000000000000000e+03,2.016000000000000000e+03,2.016000000000000000e+03,2.016000000000000000e+03,2.016000000000000000e+03,2.016000000000000000e+03,2.016000000000000000e+03,2.016000000000000000e+03,2.016000000000000000e+03,2.016000000000000000e+03,2.016000000000000000e+03,2.016000000000000000e+03,2.016000000000000000e+03,2.016000000000000000e+03,2.016000000000000000e+03,2.016000000000000000e+03,2.016000000000000000e+03,2.016000000000000000e+03,2.016000000000000000e+03,2.016000000000000000e+03,2.016000000000000000e+03,2.016000000000000000e+03,2.016000000000000000e+03,2.016000000000000000e+03,2.016000000000000000e+03,2.016000000000000000e+03,2.016000000000000000e+03,2.016000000000000000e+03,2.016000000000000000e+03,2.016000000000000000e+03,2.016000000000000000e+03,2.016000000000000000e+03,2.016000000000000000e+03,2.016000000000000000e+03,2.016000000000000000e+03,2.016000000000000000e+03,2.016000000000000000e+03,2.017000000000000000e+03,2.017000000000000000e+03,2.017000000000000000e+03,2.017000000000000000e+03,2.017000000000000000e+03,2.017000000000000000e+03,2.017000000000000000e+03,2.017000000000000000e+03,2.017000000000000000e+03,2.017000000000000000e+03,2.017000000000000000e+03,2.017000000000000000e+03,2.017000000000000000e+03,2.017000000000000000e+03,2.017000000000000000e+03,2.017000000000000000e+03,2.017000000000000000e+03,2.017000000000000000e+03,2.017000000000000000e+03,2.017000000000000000e+03,2.017000000000000000e+03,2.017000000000000000e+03,2.017000000000000000e+03,2.017000000000000000e+03,2.017000000000000000e+03,2.017000000000000000e+03,2.017000000000000000e+03,2.017000000000000000e+03,2.017000000000000000e+03,2.017000000000000000e+03,2.017000000000000000e+03,2.017000000000000000e+03,2.017000000000000000e+03,2.017000000000000000e+03,2.017000000000000000e+03,2.017000000000000000e+03,2.017000000000000000e+03,2.017000000000000000e+03,2.017000000000000000e+03,2.017000000000000000e+03,2.017000000000000000e+03,2.017000000000000000e+03,2.017000000000000000e+03,2.017000000000000000e+03,2.017000000000000000e+03,2.017000000000000000e+03,2.017000000000000000e+03,2.017000000000000000e+03,2.017000000000000000e+03,2.017000000000000000e+03,2.017000000000000000e+03,2.017000000000000000e+03,2.017000000000000000e+03,2.017000000000000000e+03,2.017000000000000000e+03,2.017000000000000000e+03,2.017000000000000000e+03,2.017000000000000000e+03,2.017000000000000000e+03,2.017000000000000000e+03,2.017000000000000000e+03,2.017000000000000000e+03,2.017000000000000000e+03,2.017000000000000000e+03,2.017000000000000000e+03,2.017000000000000000e+03,2.017000000000000000e+03,2.017000000000000000e+03,2.017000000000000000e+03,2.017000000000000000e+03,2.017000000000000000e+03,2.017000000000000000e+03,2.017000000000000000e+03,2.017000000000000000e+03,2.017000000000000000e+03,2.017000000000000000e+03,2.017000000000000000e+03,2.017000000000000000e+03,2.017000000000000000e+03,2.017000000000000000e+03,2.017000000000000000e+03,2.017000000000000000e+03,2.017000000000000000e+03,2.017000000000000000e+03,2.017000000000000000e+03,2.017000000000000000e+03,2.017000000000000000e+03,2.017000000000000000e+03,2.017000000000000000e+03,2.017000000000000000e+03,2.017000000000000000e+03,2.017000000000000000e+03,2.017000000000000000e+03,2.017000000000000000e+03,2.017000000000000000e+03,2.017000000000000000e+03,2.017000000000000000e+03,2.017000000000000000e+03,2.017000000000000000e+03,2.017000000000000000e+03,2.017000000000000000e+03,2.017000000000000000e+03,2.017000000000000000e+03,2.017000000000000000e+03,2.017000000000000000e+03,2.017000000000000000e+03,2.017000000000000000e+03,2.017000000000000000e+03,2.017000000000000000e+03,2.017000000000000000e+03,2.017000000000000000e+03,2.017000000000000000e+03,2.017000000000000000e+03,2.017000000000000000e+03,2.017000000000000000e+03,2.017000000000000000e+03,2.017000000000000000e+03,2.017000000000000000e+03,2.017000000000000000e+03,2.017000000000000000e+03,2.017000000000000000e+03,2.017000000000000000e+03,2.017000000000000000e+03,2.017000000000000000e+03,2.017000000000000000e+03,2.017000000000000000e+03,2.017000000000000000e+03,2.017000000000000000e+03,2.017000000000000000e+03,2.017000000000000000e+03,2.017000000000000000e+03,2.017000000000000000e+03,2.017000000000000000e+03,2.017000000000000000e+03,2.017000000000000000e+03,2.017000000000000000e+03,2.017000000000000000e+03,2.017000000000000000e+03,2.017000000000000000e+03,2.017000000000000000e+03,2.017000000000000000e+03,2.017000000000000000e+03,2.017000000000000000e+03,2.017000000000000000e+03,2.017000000000000000e+03,2.017000000000000000e+03,2.018000000000000000e+03,2.018000000000000000e+03,2.018000000000000000e+03,2.018000000000000000e+03,2.018000000000000000e+03,2.018000000000000000e+03,2.018000000000000000e+03,2.018000000000000000e+03,2.018000000000000000e+03,2.018000000000000000e+03,2.018000000000000000e+03,2.018000000000000000e+03,2.018000000000000000e+03,2.018000000000000000e+03,2.018000000000000000e+03,2.018000000000000000e+03,2.018000000000000000e+03,2.018000000000000000e+03,2.018000000000000000e+03,2.018000000000000000e+03,2.018000000000000000e+03,2.018000000000000000e+03,2.018000000000000000e+03,2.018000000000000000e+03,2.018000000000000000e+03,2.018000000000000000e+03,2.018000000000000000e+03,2.018000000000000000e+03,2.018000000000000000e+03,2.018000000000000000e+03,2.018000000000000000e+03,2.018000000000000000e+03,2.018000000000000000e+03,2.018000000000000000e+03,2.018000000000000000e+03,2.018000000000000000e+03,2.018000000000000000e+03,2.018000000000000000e+03,2.018000000000000000e+03,2.018000000000000000e+03,2.018000000000000000e+03,2.018000000000000000e+03,2.018000000000000000e+03,2.018000000000000000e+03,2.018000000000000000e+03,2.018000000000000000e+03,2.018000000000000000e+03,2.018000000000000000e+03,2.018000000000000000e+03,2.018000000000000000e+03,2.018000000000000000e+03,2.018000000000000000e+03,2.018000000000000000e+03,2.018000000000000000e+03,2.018000000000000000e+03,2.018000000000000000e+03,2.018000000000000000e+03,2.018000000000000000e+03,2.018000000000000000e+03,2.018000000000000000e+03,2.018000000000000000e+03,2.018000000000000000e+03,2.018000000000000000e+03,2.018000000000000000e+03,2.018000000000000000e+03,2.018000000000000000e+03,2.018000000000000000e+03,2.018000000000000000e+03,2.018000000000000000e+03,2.018000000000000000e+03,2.018000000000000000e+03,2.018000000000000000e+03,2.018000000000000000e+03,2.018000000000000000e+03,2.018000000000000000e+03,2.018000000000000000e+03,2.018000000000000000e+03,2.018000000000000000e+03,2.018000000000000000e+03,2.018000000000000000e+03,2.018000000000000000e+03,2.018000000000000000e+03,2.018000000000000000e+03,2.018000000000000000e+03,2.018000000000000000e+03,2.018000000000000000e+03,2.018000000000000000e+03,2.018000000000000000e+03,2.018000000000000000e+03,2.018000000000000000e+03,2.018000000000000000e+03,2.018000000000000000e+03,2.018000000000000000e+03,2.018000000000000000e+03,2.018000000000000000e+03,2.018000000000000000e+03,2.018000000000000000e+03,2.018000000000000000e+03,2.018000000000000000e+03,2.018000000000000000e+03,2.018000000000000000e+03,2.018000000000000000e+03,2.018000000000000000e+03,2.018000000000000000e+03,2.018000000000000000e+03,2.018000000000000000e+03,2.018000000000000000e+03,2.018000000000000000e+03,2.018000000000000000e+03,2.018000000000000000e+03,2.018000000000000000e+03,2.018000000000000000e+03,2.018000000000000000e+03,2.018000000000000000e+03,2.018000000000000000e+03,2.018000000000000000e+03,2.018000000000000000e+03,2.018000000000000000e+03,2.018000000000000000e+03,2.018000000000000000e+03,2.018000000000000000e+03,2.018000000000000000e+03,2.018000000000000000e+03,2.018000000000000000e+03,2.018000000000000000e+03,2.018000000000000000e+03,2.018000000000000000e+03,2.018000000000000000e+03,2.018000000000000000e+03,2.018000000000000000e+03,2.018000000000000000e+03,2.018000000000000000e+03,2.018000000000000000e+03,2.018000000000000000e+03,2.018000000000000000e+03,2.018000000000000000e+03,2.018000000000000000e+03,2.018000000000000000e+03,2.018000000000000000e+03,2.018000000000000000e+03,2.018000000000000000e+03,2.018000000000000000e+03,2.018000000000000000e+03,2.018000000000000000e+03,2.018000000000000000e+03,2.019000000000000000e+03,2.019000000000000000e+03,2.019000000000000000e+03,2.019000000000000000e+03,2.019000000000000000e+03,2.019000000000000000e+03,2.019000000000000000e+03,2.019000000000000000e+03,2.019000000000000000e+03,2.019000000000000000e+03,2.019000000000000000e+03,2.019000000000000000e+03,2.019000000000000000e+03,2.019000000000000000e+03,2.019000000000000000e+03,2.019000000000000000e+03,2.019000000000000000e+03,2.019000000000000000e+03,2.019000000000000000e+03,2.019000000000000000e+03,2.019000000000000000e+03,2.019000000000000000e+03,2.019000000000000000e+03,2.019000000000000000e+03,2.019000000000000000e+03,2.019000000000000000e+03,2.019000000000000000e+03,2.019000000000000000e+03,2.019000000000000000e+03,2.019000000000000000e+03,2.019000000000000000e+03,2.019000000000000000e+03,2.019000000000000000e+03,2.019000000000000000e+03,2.019000000000000000e+03,2.019000000000000000e+03,2.019000000000000000e+03,2.019000000000000000e+03,2.019000000000000000e+03,2.019000000000000000e+03,2.019000000000000000e+03,2.019000000000000000e+03,2.019000000000000000e+03,2.019000000000000000e+03,2.019000000000000000e+03,2.019000000000000000e+03,2.019000000000000000e+03,2.019000000000000000e+03,2.019000000000000000e+03,2.019000000000000000e+03,2.019000000000000000e+03,2.019000000000000000e+03,2.019000000000000000e+03,2.019000000000000000e+03,2.019000000000000000e+03,2.019000000000000000e+03,2.019000000000000000e+03,2.019000000000000000e+03,2.019000000000000000e+03,2.019000000000000000e+03,2.019000000000000000e+03,2.019000000000000000e+03,2.019000000000000000e+03,2.019000000000000000e+03,2.019000000000000000e+03,2.019000000000000000e+03,2.019000000000000000e+03,2.019000000000000000e+03,2.019000000000000000e+03,2.019000000000000000e+03,2.019000000000000000e+03,2.019000000000000000e+03,2.019000000000000000e+03,2.019000000000000000e+03,2.019000000000000000e+03,2.019000000000000000e+03,2.019000000000000000e+03,2.019000000000000000e+03,2.019000000000000000e+03,2.019000000000000000e+03,2.019000000000000000e+03,2.019000000000000000e+03,2.019000000000000000e+03,2.019000000000000000e+03,2.019000000000000000e+03,2.019000000000000000e+03,2.019000000000000000e+03,2.019000000000000000e+03,2.019000000000000000e+03,2.019000000000000000e+03,2.019000000000000000e+03,2.019000000000000000e+03,2.019000000000000000e+03,2.019000000000000000e+03,2.019000000000000000e+03,2.019000000000000000e+03,2.019000000000000000e+03,2.019000000000000000e+03,2.019000000000000000e+03,2.019000000000000000e+03,2.019000000000000000e+03,2.019000000000000000e+03,2.019000000000000000e+03,2.019000000000000000e+03,2.019000000000000000e+03,2.019000000000000000e+03,2.019000000000000000e+03,2.019000000000000000e+03,2.019000000000000000e+03,2.019000000000000000e+03,2.019000000000000000e+03,2.019000000000000000e+03,2.019000000000000000e+03,2.019000000000000000e+03,2.019000000000000000e+03,2.019000000000000000e+03,2.019000000000000000e+03,2.019000000000000000e+03,2.019000000000000000e+03,2.019000000000000000e+03,2.019000000000000000e+03,2.019000000000000000e+03,2.019000000000000000e+03,2.019000000000000000e+03,2.019000000000000000e+03,2.019000000000000000e+03,2.019000000000000000e+03,2.019000000000000000e+03,2.019000000000000000e+03,2.019000000000000000e+03,2.019000000000000000e+03,2.019000000000000000e+03,2.019000000000000000e+03,2.019000000000000000e+03,2.019000000000000000e+03,2.019000000000000000e+03,2.019000000000000000e+03,2.019000000000000000e+03,2.019000000000000000e+03,2.019000000000000000e+03,2.019000000000000000e+03,2.019000000000000000e+03,2.019000000000000000e+03,2.019000000000000000e+03,2.019000000000000000e+03,2.020000000000000000e+03,2.020000000000000000e+03,2.020000000000000000e+03,2.020000000000000000e+03,2.020000000000000000e+03,2.020000000000000000e+03,2.020000000000000000e+03,2.020000000000000000e+03,2.020000000000000000e+03,2.020000000000000000e+03,2.020000000000000000e+03,2.020000000000000000e+03,2.020000000000000000e+03,2.020000000000000000e+03,2.020000000000000000e+03,2.020000000000000000e+03,2.020000000000000000e+03,2.020000000000000000e+03,2.020000000000000000e+03,2.020000000000000000e+03,2.020000000000000000e+03,2.020000000000000000e+03,2.020000000000000000e+03,2.020000000000000000e+03,2.020000000000000000e+03,2.020000000000000000e+03,2.020000000000000000e+03,2.020000000000000000e+03,2.020000000000000000e+03,2.020000000000000000e+03,2.020000000000000000e+03,2.020000000000000000e+03,2.020000000000000000e+03,2.020000000000000000e+03,2.020000000000000000e+03,2.020000000000000000e+03,2.020000000000000000e+03,2.020000000000000000e+03,2.020000000000000000e+03,2.020000000000000000e+03,2.020000000000000000e+03,2.020000000000000000e+03,2.020000000000000000e+03,2.020000000000000000e+03,2.020000000000000000e+03,2.020000000000000000e+03,2.020000000000000000e+03,2.020000000000000000e+03,2.020000000000000000e+03,2.020000000000000000e+03,2.020000000000000000e+03,2.020000000000000000e+03,2.020000000000000000e+03,2.020000000000000000e+03,2.020000000000000000e+03,2.020000000000000000e+03,2.020000000000000000e+03,2.020000000000000000e+03,2.020000000000000000e+03,2.020000000000000000e+03,2.020000000000000000e+03,2.020000000000000000e+03,2.020000000000000000e+03,2.020000000000000000e+03,2.020000000000000000e+03,2.020000000000000000e+03,2.020000000000000000e+03,2.020000000000000000e+03,2.020000000000000000e+03,2.020000000000000000e+03,2.020000000000000000e+03,2.020000000000000000e+03,2.020000000000000000e+03,2.020000000000000000e+03,2.020000000000000000e+03,2.020000000000000000e+03,2.020000000000000000e+03,2.020000000000000000e+03,2.020000000000000000e+03,2.020000000000000000e+03,2.020000000000000000e+03,2.020000000000000000e+03,2.020000000000000000e+03,2.020000000000000000e+03,2.020000000000000000e+03,2.020000000000000000e+03,2.020000000000000000e+03,2.020000000000000000e+03,2.020000000000000000e+03,2.020000000000000000e+03,2.020000000000000000e+03,2.020000000000000000e+03,2.020000000000000000e+03,2.020000000000000000e+03,2.020000000000000000e+03,2.020000000000000000e+03,2.020000000000000000e+03,2.020000000000000000e+03,2.020000000000000000e+03,2.020000000000000000e+03,2.020000000000000000e+03,2.020000000000000000e+03,2.020000000000000000e+03,2.020000000000000000e+03,2.020000000000000000e+03,2.020000000000000000e+03,2.020000000000000000e+03,2.020000000000000000e+03,2.020000000000000000e+03,2.020000000000000000e+03,2.020000000000000000e+03,2.020000000000000000e+03,2.020000000000000000e+03,2.020000000000000000e+03,2.020000000000000000e+03,2.020000000000000000e+03,2.020000000000000000e+03,2.020000000000000000e+03,2.020000000000000000e+03,2.020000000000000000e+03,2.020000000000000000e+03,2.020000000000000000e+03,2.020000000000000000e+03,2.020000000000000000e+03,2.020000000000000000e+03,2.020000000000000000e+03,2.020000000000000000e+03,2.020000000000000000e+03,2.020000000000000000e+03,2.020000000000000000e+03,2.020000000000000000e+03,2.020000000000000000e+03,2.020000000000000000e+03,2.020000000000000000e+03,2.020000000000000000e+03,2.020000000000000000e+03,2.020000000000000000e+03,2.020000000000000000e+03,2.020000000000000000e+03,2.020000000000000000e+03,2.020000000000000000e+03,2.020000000000000000e+03,2.020000000000000000e+03,2.020000000000000000e+03,2.020000000000000000e+03,2.021000000000000000e+03,2.021000000000000000e+03,2.021000000000000000e+03,2.021000000000000000e+03,2.021000000000000000e+03,2.021000000000000000e+03,2.021000000000000000e+03,2.021000000000000000e+03,2.021000000000000000e+03,2.021000000000000000e+03,2.021000000000000000e+03,2.021000000000000000e+03,2.021000000000000000e+03,2.021000000000000000e+03,2.021000000000000000e+03,2.021000000000000000e+03,2.021000000000000000e+03,2.021000000000000000e+03,2.021000000000000000e+03,2.021000000000000000e+03,2.021000000000000000e+03,2.021000000000000000e+03,2.021000000000000000e+03,2.021000000000000000e+03,2.021000000000000000e+03,2.021000000000000000e+03,2.021000000000000000e+03,2.021000000000000000e+03,2.021000000000000000e+03,2.021000000000000000e+03,2.021000000000000000e+03,2.021000000000000000e+03,2.021000000000000000e+03,2.021000000000000000e+03,2.021000000000000000e+03,2.021000000000000000e+03,2.021000000000000000e+03,2.021000000000000000e+03,2.021000000000000000e+03,2.021000000000000000e+03,2.021000000000000000e+03,2.021000000000000000e+03,2.021000000000000000e+03,2.021000000000000000e+03,2.021000000000000000e+03,2.021000000000000000e+03,2.021000000000000000e+03,2.021000000000000000e+03,2.021000000000000000e+03,2.021000000000000000e+03,2.021000000000000000e+03,2.021000000000000000e+03,2.021000000000000000e+03,2.021000000000000000e+03,2.021000000000000000e+03,2.021000000000000000e+03,2.021000000000000000e+03,2.021000000000000000e+03,2.021000000000000000e+03,2.021000000000000000e+03,2.021000000000000000e+03,2.021000000000000000e+03,2.021000000000000000e+03,2.021000000000000000e+03,2.021000000000000000e+03,2.021000000000000000e+03,2.021000000000000000e+03,2.021000000000000000e+03,2.021000000000000000e+03,2.021000000000000000e+03,2.021000000000000000e+03,2.021000000000000000e+03,2.021000000000000000e+03,2.021000000000000000e+03,2.021000000000000000e+03,2.021000000000000000e+03,2.021000000000000000e+03,2.021000000000000000e+03,2.021000000000000000e+03,2.021000000000000000e+03,2.021000000000000000e+03,2.021000000000000000e+03,2.021000000000000000e+03,2.021000000000000000e+03,2.021000000000000000e+03,2.021000000000000000e+03,2.021000000000000000e+03,2.021000000000000000e+03,2.021000000000000000e+03,2.021000000000000000e+03,2.021000000000000000e+03,2.021000000000000000e+03,2.021000000000000000e+03,2.021000000000000000e+03,2.021000000000000000e+03,2.021000000000000000e+03,2.021000000000000000e+03,2.021000000000000000e+03,2.021000000000000000e+03,2.021000000000000000e+03,2.021000000000000000e+03,2.021000000000000000e+03,2.021000000000000000e+03,2.021000000000000000e+03,2.021000000000000000e+03,2.021000000000000000e+03,2.021000000000000000e+03,2.021000000000000000e+03,2.021000000000000000e+03,2.021000000000000000e+03,2.021000000000000000e+03,2.021000000000000000e+03,2.021000000000000000e+03,2.021000000000000000e+03,2.021000000000000000e+03,2.021000000000000000e+03,2.021000000000000000e+03,2.021000000000000000e+03,2.021000000000000000e+03,2.021000000000000000e+03,2.021000000000000000e+03,2.021000000000000000e+03,2.021000000000000000e+03,2.021000000000000000e+03,2.021000000000000000e+03,2.021000000000000000e+03,2.021000000000000000e+03,2.021000000000000000e+03,2.021000000000000000e+03,2.021000000000000000e+03,2.021000000000000000e+03,2.021000000000000000e+03,2.021000000000000000e+03,2.021000000000000000e+03,2.021000000000000000e+03,2.021000000000000000e+03,2.021000000000000000e+03,2.021000000000000000e+03,2.021000000000000000e+03,2.021000000000000000e+03,2.021000000000000000e+03,2.021000000000000000e+03,2.021000000000000000e+03,2.021000000000000000e+03,2.021000000000000000e+03,2.021000000000000000e+03,2.022000000000000000e+03,2.022000000000000000e+03,2.022000000000000000e+03,2.022000000000000000e+03,2.022000000000000000e+03,2.022000000000000000e+03,2.022000000000000000e+03,2.022000000000000000e+03,2.022000000000000000e+03,2.022000000000000000e+03,2.022000000000000000e+03,2.022000000000000000e+03,2.022000000000000000e+03,2.022000000000000000e+03,2.022000000000000000e+03,2.022000000000000000e+03,2.022000000000000000e+03,2.022000000000000000e+03,2.022000000000000000e+03,2.022000000000000000e+03,2.022000000000000000e+03,2.022000000000000000e+03,2.022000000000000000e+03,2.022000000000000000e+03,2.022000000000000000e+03,2.022000000000000000e+03,2.022000000000000000e+03,2.022000000000000000e+03,2.022000000000000000e+03,2.022000000000000000e+03,2.022000000000000000e+03,2.022000000000000000e+03,2.022000000000000000e+03,2.022000000000000000e+03,2.022000000000000000e+03,2.022000000000000000e+03,2.022000000000000000e+03,2.022000000000000000e+03,2.022000000000000000e+03,2.022000000000000000e+03,2.022000000000000000e+03,2.022000000000000000e+03,2.022000000000000000e+03,2.022000000000000000e+03,2.022000000000000000e+03,2.022000000000000000e+03,2.022000000000000000e+03,2.022000000000000000e+03,2.022000000000000000e+03,2.022000000000000000e+03,2.022000000000000000e+03,2.022000000000000000e+03,2.022000000000000000e+03,2.022000000000000000e+03,2.022000000000000000e+03,2.022000000000000000e+03,2.022000000000000000e+03,2.022000000000000000e+03,2.022000000000000000e+03,2.022000000000000000e+03,2.022000000000000000e+03,2.022000000000000000e+03,2.022000000000000000e+03,2.022000000000000000e+03,2.022000000000000000e+03,2.022000000000000000e+03,2.022000000000000000e+03,2.022000000000000000e+03,2.022000000000000000e+03,2.022000000000000000e+03,2.022000000000000000e+03,2.022000000000000000e+03,2.022000000000000000e+03,2.022000000000000000e+03,2.022000000000000000e+03,2.022000000000000000e+03,2.022000000000000000e+03,2.022000000000000000e+03,2.022000000000000000e+03,2.022000000000000000e+03,2.022000000000000000e+03,2.022000000000000000e+03,2.022000000000000000e+03,2.022000000000000000e+03,2.022000000000000000e+03,2.022000000000000000e+03,2.022000000000000000e+03,2.022000000000000000e+03,2.022000000000000000e+03,2.022000000000000000e+03,2.022000000000000000e+03,2.022000000000000000e+03,2.022000000000000000e+03,2.022000000000000000e+03,2.022000000000000000e+03,2.022000000000000000e+03,2.022000000000000000e+03,2.022000000000000000e+03,2.022000000000000000e+03,2.022000000000000000e+03,2.022000000000000000e+03,2.022000000000000000e+03,2.022000000000000000e+03,2.022000000000000000e+03,2.022000000000000000e+03,2.022000000000000000e+03,2.022000000000000000e+03,2.022000000000000000e+03,2.022000000000000000e+03,2.022000000000000000e+03,2.022000000000000000e+03,2.022000000000000000e+03,2.022000000000000000e+03,2.022000000000000000e+03,2.022000000000000000e+03,2.022000000000000000e+03,2.022000000000000000e+03,2.022000000000000000e+03,2.022000000000000000e+03,2.022000000000000000e+03,2.022000000000000000e+03,2.022000000000000000e+03,2.022000000000000000e+03,2.022000000000000000e+03,2.022000000000000000e+03,2.022000000000000000e+03,2.022000000000000000e+03,2.022000000000000000e+03,2.022000000000000000e+03,2.022000000000000000e+03,2.022000000000000000e+03,2.022000000000000000e+03,2.022000000000000000e+03,2.022000000000000000e+03,2.022000000000000000e+03,2.022000000000000000e+03,2.022000000000000000e+03,2.022000000000000000e+03,2.022000000000000000e+03,2.022000000000000000e+03,2.022000000000000000e+03,2.022000000000000000e+03,2.022000000000000000e+03,2.022000000000000000e+03,2.022000000000000000e+03,2.023000000000000000e+03,2.023000000000000000e+03,2.023000000000000000e+03,2.023000000000000000e+03,2.023000000000000000e+03,2.023000000000000000e+03,2.023000000000000000e+03,2.023000000000000000e+03,2.023000000000000000e+03,2.023000000000000000e+03,2.023000000000000000e+03,2.023000000000000000e+03,2.023000000000000000e+03,2.023000000000000000e+03,2.023000000000000000e+03,2.023000000000000000e+03,2.023000000000000000e+03,2.023000000000000000e+03,2.023000000000000000e+03,2.023000000000000000e+03,2.023000000000000000e+03,2.023000000000000000e+03,2.023000000000000000e+03,2.023000000000000000e+03,2.023000000000000000e+03,2.023000000000000000e+03,2.023000000000000000e+03,2.023000000000000000e+03,2.023000000000000000e+03,2.023000000000000000e+03,2.023000000000000000e+03,2.023000000000000000e+03,2.023000000000000000e+03,2.023000000000000000e+03,2.023000000000000000e+03,2.023000000000000000e+03,2.023000000000000000e+03,2.023000000000000000e+03,2.023000000000000000e+03,2.023000000000000000e+03,2.023000000000000000e+03,2.023000000000000000e+03,2.023000000000000000e+03,2.023000000000000000e+03,2.023000000000000000e+03,2.023000000000000000e+03,2.023000000000000000e+03,2.023000000000000000e+03,2.023000000000000000e+03,2.023000000000000000e+03,2.023000000000000000e+03,2.023000000000000000e+03,2.023000000000000000e+03,2.023000000000000000e+03,2.023000000000000000e+03,2.023000000000000000e+03,2.023000000000000000e+03,2.023000000000000000e+03,2.023000000000000000e+03,2.023000000000000000e+03,2.023000000000000000e+03,2.023000000000000000e+03,2.023000000000000000e+03,2.023000000000000000e+03,2.023000000000000000e+03,2.023000000000000000e+03,2.023000000000000000e+03,2.023000000000000000e+03,2.023000000000000000e+03,2.023000000000000000e+03,2.023000000000000000e+03,2.023000000000000000e+03,2.023000000000000000e+03,2.023000000000000000e+03,2.023000000000000000e+03,2.023000000000000000e+03,2.023000000000000000e+03,2.023000000000000000e+03,2.023000000000000000e+03,2.023000000000000000e+03,2.023000000000000000e+03,2.023000000000000000e+03,2.023000000000000000e+03,2.023000000000000000e+03,2.023000000000000000e+03,2.023000000000000000e+03,2.023000000000000000e+03,2.023000000000000000e+03,2.023000000000000000e+03,2.023000000000000000e+03,2.023000000000000000e+03,2.023000000000000000e+03,2.023000000000000000e+03,2.023000000000000000e+03,2.023000000000000000e+03,2.023000000000000000e+03,2.023000000000000000e+03,2.023000000000000000e+03,2.023000000000000000e+03,2.023000000000000000e+03,2.023000000000000000e+03,2.023000000000000000e+03,2.023000000000000000e+03,2.023000000000000000e+03,2.023000000000000000e+03,2.023000000000000000e+03,2.023000000000000000e+03,2.023000000000000000e+03,2.023000000000000000e+03,2.023000000000000000e+03,2.023000000000000000e+03,2.023000000000000000e+03,2.023000000000000000e+03,2.023000000000000000e+03,2.023000000000000000e+03,2.023000000000000000e+03,2.023000000000000000e+03,2.023000000000000000e+03,2.023000000000000000e+03,2.023000000000000000e+03,2.023000000000000000e+03,2.023000000000000000e+03,2.023000000000000000e+03,2.023000000000000000e+03,2.023000000000000000e+03,2.023000000000000000e+03,2.023000000000000000e+03,2.023000000000000000e+03,2.023000000000000000e+03,2.023000000000000000e+03,2.023000000000000000e+03,2.023000000000000000e+03,2.023000000000000000e+03,2.023000000000000000e+03,2.023000000000000000e+03,2.023000000000000000e+03,2.023000000000000000e+03,2.023000000000000000e+03,2.023000000000000000e+03,2.023000000000000000e+03,2.023000000000000000e+03,2.023000000000000000e+03,2.023000000000000000e+03,2.023000000000000000e+03,2.023000000000000000e+03,2.024000000000000000e+03,2.024000000000000000e+03,2.024000000000000000e+03,2.024000000000000000e+03,2.024000000000000000e+03,2.024000000000000000e+03,2.024000000000000000e+03,2.024000000000000000e+03,2.024000000000000000e+03,2.024000000000000000e+03,2.024000000000000000e+03,2.024000000000000000e+03,2.024000000000000000e+03,2.024000000000000000e+03,2.024000000000000000e+03,2.024000000000000000e+03,2.024000000000000000e+03,2.024000000000000000e+03,2.024000000000000000e+03,2.024000000000000000e+03,2.024000000000000000e+03,2.024000000000000000e+03,2.024000000000000000e+03,2.024000000000000000e+03,2.024000000000000000e+03,2.024000000000000000e+03,2.024000000000000000e+03,2.024000000000000000e+03,2.024000000000000000e+03,2.024000000000000000e+03,2.024000000000000000e+03,2.024000000000000000e+03,2.024000000000000000e+03,2.024000000000000000e+03,2.024000000000000000e+03,2.024000000000000000e+03,2.024000000000000000e+03,2.024000000000000000e+03,2.024000000000000000e+03,2.024000000000000000e+03,2.024000000000000000e+03,2.024000000000000000e+03,2.024000000000000000e+03,2.024000000000000000e+03,2.024000000000000000e+03,2.024000000000000000e+03,2.024000000000000000e+03,2.024000000000000000e+03,2.024000000000000000e+03,2.024000000000000000e+03,2.024000000000000000e+03,2.024000000000000000e+03,2.024000000000000000e+03,2.024000000000000000e+03,2.024000000000000000e+03,2.024000000000000000e+03,2.024000000000000000e+03,2.024000000000000000e+03,2.024000000000000000e+03,2.024000000000000000e+03,2.024000000000000000e+03,2.024000000000000000e+03,2.024000000000000000e+03,2.024000000000000000e+03,2.024000000000000000e+03,2.024000000000000000e+03,2.024000000000000000e+03,2.024000000000000000e+03,2.024000000000000000e+03,2.024000000000000000e+03,2.024000000000000000e+03,2.024000000000000000e+03,2.024000000000000000e+03,2.024000000000000000e+03,2.024000000000000000e+03,2.024000000000000000e+03,2.024000000000000000e+03,2.024000000000000000e+03,2.024000000000000000e+03,2.024000000000000000e+03,2.024000000000000000e+03,2.024000000000000000e+03,2.024000000000000000e+03,2.024000000000000000e+03,2.024000000000000000e+03,2.024000000000000000e+03,2.024000000000000000e+03,2.024000000000000000e+03,2.024000000000000000e+03,2.024000000000000000e+03,2.024000000000000000e+03,2.024000000000000000e+03,2.024000000000000000e+03,2.024000000000000000e+03,2.024000000000000000e+03,2.024000000000000000e+03,2.024000000000000000e+03,2.024000000000000000e+03,2.024000000000000000e+03,2.024000000000000000e+03,2.024000000000000000e+03,2.024000000000000000e+03,2.024000000000000000e+03,2.024000000000000000e+03,2.024000000000000000e+03,2.024000000000000000e+03,2.024000000000000000e+03,2.024000000000000000e+03,2.024000000000000000e+03,2.024000000000000000e+03,2.024000000000000000e+03,2.024000000000000000e+03,2.024000000000000000e+03,2.024000000000000000e+03,2.024000000000000000e+03,2.024000000000000000e+03,2.024000000000000000e+03,2.024000000000000000e+03,2.024000000000000000e+03,2.024000000000000000e+03,2.024000000000000000e+03,2.024000000000000000e+03,2.024000000000000000e+03,2.024000000000000000e+03,2.024000000000000000e+03,2.024000000000000000e+03,2.024000000000000000e+03,2.024000000000000000e+03,2.024000000000000000e+03,2.024000000000000000e+03,2.024000000000000000e+03,2.024000000000000000e+03,2.024000000000000000e+03,2.024000000000000000e+03,2.024000000000000000e+03,2.024000000000000000e+03,2.024000000000000000e+03,2.024000000000000000e+03,2.024000000000000000e+03,2.024000000000000000e+03,2.024000000000000000e+03,2.024000000000000000e+03,2.024000000000000000e+03,2.024000000000000000e+03,2.024000000000000000e+03,2.025000000000000000e+03,2.025000000000000000e+03,2.025000000000000000e+03,2.025000000000000000e+03,2.025000000000000000e+03,2.025000000000000000e+03,2.025000000000000000e+03,2.025000000000000000e+03,2.025000000000000000e+03,2.025000000000000000e+03,2.025000000000000000e+03,2.025000000000000000e+03,2.025000000000000000e+03,2.025000000000000000e+03,2.025000000000000000e+03,2.025000000000000000e+03,2.025000000000000000e+03,2.025000000000000000e+03,2.025000000000000000e+03,2.025000000000000000e+03,2.025000000000000000e+03,2.025000000000000000e+03,2.025000000000000000e+03,2.025000000000000000e+03,2.025000000000000000e+03,2.025000000000000000e+03,2.025000000000000000e+03,2.025000000000000000e+03,2.025000000000000000e+03,2.025000000000000000e+03,2.025000000000000000e+03,2.025000000000000000e+03,2.025000000000000000e+03,2.025000000000000000e+03,2.025000000000000000e+03,2.025000000000000000e+03,2.025000000000000000e+03,2.025000000000000000e+03,2.025000000000000000e+03,2.025000000000000000e+03,2.025000000000000000e+03,2.025000000000000000e+03,2.025000000000000000e+03,2.025000000000000000e+03,2.025000000000000000e+03,2.025000000000000000e+03,2.025000000000000000e+03,2.025000000000000000e+03,2.025000000000000000e+03,2.025000000000000000e+03,2.025000000000000000e+03,2.025000000000000000e+03,2.025000000000000000e+03,2.025000000000000000e+03,2.025000000000000000e+03,2.025000000000000000e+03,2.025000000000000000e+03,2.025000000000000000e+03,2.025000000000000000e+03,2.025000000000000000e+03,2.025000000000000000e+03,2.025000000000000000e+03,2.025000000000000000e+03,2.025000000000000000e+03,2.025000000000000000e+03,2.025000000000000000e+03,2.025000000000000000e+03,2.025000000000000000e+03,2.025000000000000000e+03,2.025000000000000000e+03,2.025000000000000000e+03,2.025000000000000000e+03,2.025000000000000000e+03,2.025000000000000000e+03,2.025000000000000000e+03,2.025000000000000000e+03,2.025000000000000000e+03,2.025000000000000000e+03,2.025000000000000000e+03,2.025000000000000000e+03,2.025000000000000000e+03,2.025000000000000000e+03,2.025000000000000000e+03,2.025000000000000000e+03,2.025000000000000000e+03,2.025000000000000000e+03,2.025000000000000000e+03,2.025000000000000000e+03,2.025000000000000000e+03,2.025000000000000000e+03,2.025000000000000000e+03,2.025000000000000000e+03,2.025000000000000000e+03,2.025000000000000000e+03,2.025000000000000000e+03,2.025000000000000000e+03,2.025000000000000000e+03,2.025000000000000000e+03,2.025000000000000000e+03,2.025000000000000000e+03,2.025000000000000000e+03,2.025000000000000000e+03,2.025000000000000000e+03,2.025000000000000000e+03,2.025000000000000000e+03,2.025000000000000000e+03,2.025000000000000000e+03,2.025000000000000000e+03,2.025000000000000000e+03,2.025000000000000000e+03,2.025000000000000000e+03,2.025000000000000000e+03,2.025000000000000000e+03,2.025000000000000000e+03,2.025000000000000000e+03,2.025000000000000000e+03,2.025000000000000000e+03,2.025000000000000000e+03,2.025000000000000000e+03,2.025000000000000000e+03,2.025000000000000000e+03,2.025000000000000000e+03,2.025000000000000000e+03,2.025000000000000000e+03,2.025000000000000000e+03,2.025000000000000000e+03,2.025000000000000000e+03,2.025000000000000000e+03,2.025000000000000000e+03,2.025000000000000000e+03,2.025000000000000000e+03,2.025000000000000000e+03,2.025000000000000000e+03,2.025000000000000000e+03,2.025000000000000000e+03,2.025000000000000000e+03,2.025000000000000000e+03,2.025000000000000000e+03,2.025000000000000000e+03,2.025000000000000000e+03,2.025000000000000000e+03,2.025000000000000000e+03,2.025000000000000000e+03,2.025000000000000000e+03,2.025000000000000000e+03,2.026000000000000000e+03,2.026000000000000000e+03,2.026000000000000000e+03,2.026000000000000000e+03,2.026000000000000000e+03,2.026000000000000000e+03,2.026000000000000000e+03,2.026000000000000000e+03,2.026000000000000000e+03,2.026000000000000000e+03,2.026000000000000000e+03,2.026000000000000000e+03,2.026000000000000000e+03,2.026000000000000000e+03,2.026000000000000000e+03,2.026000000000000000e+03,2.026000000000000000e+03,2.026000000000000000e+03,2.026000000000000000e+03,2.026000000000000000e+03,2.026000000000000000e+03,2.026000000000000000e+03,2.026000000000000000e+03,2.026000000000000000e+03,2.026000000000000000e+03,2.026000000000000000e+03,2.026000000000000000e+03,2.026000000000000000e+03,2.026000000000000000e+03,2.026000000000000000e+03,2.026000000000000000e+03,2.026000000000000000e+03,2.026000000000000000e+03,2.026000000000000000e+03,2.026000000000000000e+03,2.026000000000000000e+03,2.026000000000000000e+03,2.026000000000000000e+03,2.026000000000000000e+03,2.026000000000000000e+03,2.026000000000000000e+03,2.026000000000000000e+03,2.026000000000000000e+03,2.026000000000000000e+03,2.026000000000000000e+03,2.026000000000000000e+03,2.026000000000000000e+03,2.026000000000000000e+03,2.026000000000000000e+03,2.026000000000000000e+03,2.026000000000000000e+03,2.026000000000000000e+03,2.026000000000000000e+03,2.026000000000000000e+03,2.026000000000000000e+03,2.026000000000000000e+03,2.026000000000000000e+03,2.026000000000000000e+03,2.026000000000000000e+03,2.026000000000000000e+03,2.026000000000000000e+03,2.026000000000000000e+03,2.026000000000000000e+03,2.026000000000000000e+03,2.026000000000000000e+03,2.026000000000000000e+03,2.026000000000000000e+03,2.026000000000000000e+03,2.026000000000000000e+03,2.026000000000000000e+03,2.026000000000000000e+03,2.026000000000000000e+03,2.026000000000000000e+03,2.026000000000000000e+03,2.026000000000000000e+03,2.026000000000000000e+03,2.026000000000000000e+03,2.026000000000000000e+03,2.026000000000000000e+03,2.026000000000000000e+03,2.026000000000000000e+03,2.026000000000000000e+03,2.026000000000000000e+03,2.026000000000000000e+03,2.026000000000000000e+03,2.026000000000000000e+03,2.026000000000000000e+03,2.026000000000000000e+03,2.026000000000000000e+03,2.026000000000000000e+03,2.026000000000000000e+03,2.026000000000000000e+03,2.026000000000000000e+03,2.026000000000000000e+03,2.026000000000000000e+03,2.026000000000000000e+03,2.026000000000000000e+03,2.026000000000000000e+03,2.026000000000000000e+03,2.026000000000000000e+03,2.026000000000000000e+03,2.026000000000000000e+03,2.026000000000000000e+03,2.026000000000000000e+03,2.026000000000000000e+03,2.026000000000000000e+03,2.026000000000000000e+03,2.026000000000000000e+03,2.026000000000000000e+03,2.026000000000000000e+03,2.026000000000000000e+03,2.026000000000000000e+03,2.026000000000000000e+03,2.026000000000000000e+03,2.026000000000000000e+03,2.026000000000000000e+03,2.026000000000000000e+03,2.026000000000000000e+03,2.026000000000000000e+03,2.026000000000000000e+03,2.026000000000000000e+03,2.026000000000000000e+03,2.026000000000000000e+03,2.026000000000000000e+03,2.026000000000000000e+03,2.026000000000000000e+03,2.026000000000000000e+03,2.026000000000000000e+03,2.026000000000000000e+03,2.026000000000000000e+03,2.026000000000000000e+03,2.026000000000000000e+03,2.026000000000000000e+03,2.026000000000000000e+03,2.026000000000000000e+03,2.026000000000000000e+03,2.026000000000000000e+03,2.026000000000000000e+03,2.026000000000000000e+03,2.026000000000000000e+03,2.026000000000000000e+03,2.026000000000000000e+03,2.026000000000000000e+03,2.026000000000000000e+03,2.026000000000000000e+03,2.027000000000000000e+03,2.027000000000000000e+03,2.027000000000000000e+03,2.027000000000000000e+03,2.027000000000000000e+03,2.027000000000000000e+03,2.027000000000000000e+03,2.027000000000000000e+03,2.027000000000000000e+03,2.027000000000000000e+03,2.027000000000000000e+03,2.027000000000000000e+03,2.027000000000000000e+03,2.027000000000000000e+03,2.027000000000000000e+03,2.027000000000000000e+03,2.027000000000000000e+03,2.027000000000000000e+03,2.027000000000000000e+03,2.027000000000000000e+03,2.027000000000000000e+03,2.027000000000000000e+03,2.027000000000000000e+03,2.027000000000000000e+03,2.027000000000000000e+03,2.027000000000000000e+03,2.027000000000000000e+03,2.027000000000000000e+03,2.027000000000000000e+03,2.027000000000000000e+03,2.027000000000000000e+03,2.027000000000000000e+03,2.027000000000000000e+03,2.027000000000000000e+03,2.027000000000000000e+03,2.027000000000000000e+03,2.027000000000000000e+03,2.027000000000000000e+03,2.027000000000000000e+03,2.027000000000000000e+03,2.027000000000000000e+03,2.027000000000000000e+03,2.027000000000000000e+03,2.027000000000000000e+03,2.027000000000000000e+03,2.027000000000000000e+03,2.027000000000000000e+03,2.027000000000000000e+03,2.027000000000000000e+03,2.027000000000000000e+03,2.027000000000000000e+03,2.027000000000000000e+03,2.027000000000000000e+03,2.027000000000000000e+03,2.027000000000000000e+03,2.027000000000000000e+03,2.027000000000000000e+03,2.027000000000000000e+03,2.027000000000000000e+03,2.027000000000000000e+03,2.027000000000000000e+03,2.027000000000000000e+03,2.027000000000000000e+03,2.027000000000000000e+03,2.027000000000000000e+03,2.027000000000000000e+03,2.027000000000000000e+03,2.027000000000000000e+03,2.027000000000000000e+03,2.027000000000000000e+03,2.027000000000000000e+03,2.027000000000000000e+03,2.027000000000000000e+03,2.027000000000000000e+03,2.027000000000000000e+03,2.027000000000000000e+03,2.027000000000000000e+03,2.027000000000000000e+03,2.027000000000000000e+03,2.027000000000000000e+03,2.027000000000000000e+03,2.027000000000000000e+03,2.027000000000000000e+03,2.027000000000000000e+03,2.027000000000000000e+03,2.027000000000000000e+03,2.027000000000000000e+03,2.027000000000000000e+03,2.027000000000000000e+03,2.027000000000000000e+03,2.027000000000000000e+03,2.027000000000000000e+03,2.027000000000000000e+03,2.027000000000000000e+03,2.027000000000000000e+03,2.027000000000000000e+03,2.027000000000000000e+03,2.027000000000000000e+03,2.027000000000000000e+03,2.027000000000000000e+03,2.027000000000000000e+03,2.027000000000000000e+03,2.027000000000000000e+03,2.027000000000000000e+03,2.027000000000000000e+03,2.027000000000000000e+03,2.027000000000000000e+03,2.027000000000000000e+03,2.027000000000000000e+03,2.027000000000000000e+03,2.027000000000000000e+03,2.027000000000000000e+03,2.027000000000000000e+03,2.027000000000000000e+03,2.027000000000000000e+03,2.027000000000000000e+03,2.027000000000000000e+03,2.027000000000000000e+03,2.027000000000000000e+03,2.027000000000000000e+03,2.027000000000000000e+03,2.027000000000000000e+03,2.027000000000000000e+03,2.027000000000000000e+03,2.027000000000000000e+03,2.027000000000000000e+03,2.027000000000000000e+03,2.027000000000000000e+03,2.027000000000000000e+03,2.027000000000000000e+03,2.027000000000000000e+03,2.027000000000000000e+03,2.027000000000000000e+03,2.027000000000000000e+03,2.027000000000000000e+03,2.027000000000000000e+03,2.027000000000000000e+03,2.027000000000000000e+03,2.027000000000000000e+03,2.027000000000000000e+03,2.027000000000000000e+03,2.027000000000000000e+03,2.027000000000000000e+03,2.027000000000000000e+03,2.027000000000000000e+03,2.027000000000000000e+03,2.028000000000000000e+03,2.028000000000000000e+03,2.028000000000000000e+03,2.028000000000000000e+03,2.028000000000000000e+03,2.028000000000000000e+03,2.028000000000000000e+03,2.028000000000000000e+03,2.028000000000000000e+03,2.028000000000000000e+03,2.028000000000000000e+03,2.028000000000000000e+03,2.028000000000000000e+03,2.028000000000000000e+03,2.028000000000000000e+03,2.028000000000000000e+03,2.028000000000000000e+03,2.028000000000000000e+03,2.028000000000000000e+03,2.028000000000000000e+03,2.028000000000000000e+03,2.028000000000000000e+03,2.028000000000000000e+03,2.028000000000000000e+03,2.028000000000000000e+03,2.028000000000000000e+03,2.028000000000000000e+03,2.028000000000000000e+03,2.028000000000000000e+03,2.028000000000000000e+03,2.028000000000000000e+03,2.028000000000000000e+03,2.028000000000000000e+03,2.028000000000000000e+03,2.028000000000000000e+03,2.028000000000000000e+03,2.028000000000000000e+03,2.028000000000000000e+03,2.028000000000000000e+03,2.028000000000000000e+03,2.028000000000000000e+03,2.028000000000000000e+03,2.028000000000000000e+03,2.028000000000000000e+03,2.028000000000000000e+03,2.028000000000000000e+03,2.028000000000000000e+03,2.028000000000000000e+03,2.028000000000000000e+03,2.028000000000000000e+03,2.028000000000000000e+03,2.028000000000000000e+03,2.028000000000000000e+03,2.028000000000000000e+03,2.028000000000000000e+03,2.028000000000000000e+03,2.028000000000000000e+03,2.028000000000000000e+03,2.028000000000000000e+03,2.028000000000000000e+03,2.028000000000000000e+03,2.028000000000000000e+03,2.028000000000000000e+03,2.028000000000000000e+03,2.028000000000000000e+03,2.028000000000000000e+03,2.028000000000000000e+03,2.028000000000000000e+03,2.028000000000000000e+03,2.028000000000000000e+03,2.028000000000000000e+03,2.028000000000000000e+03,2.028000000000000000e+03,2.028000000000000000e+03,2.028000000000000000e+03,2.028000000000000000e+03,2.028000000000000000e+03,2.028000000000000000e+03,2.028000000000000000e+03,2.028000000000000000e+03,2.028000000000000000e+03,2.028000000000000000e+03,2.028000000000000000e+03,2.028000000000000000e+03,2.028000000000000000e+03,2.028000000000000000e+03,2.028000000000000000e+03,2.028000000000000000e+03,2.028000000000000000e+03,2.028000000000000000e+03,2.028000000000000000e+03,2.028000000000000000e+03,2.028000000000000000e+03,2.028000000000000000e+03,2.028000000000000000e+03,2.028000000000000000e+03,2.028000000000000000e+03,2.028000000000000000e+03,2.028000000000000000e+03,2.028000000000000000e+03,2.028000000000000000e+03,2.028000000000000000e+03,2.028000000000000000e+03,2.028000000000000000e+03,2.028000000000000000e+03,2.028000000000000000e+03,2.028000000000000000e+03,2.028000000000000000e+03,2.028000000000000000e+03,2.028000000000000000e+03,2.028000000000000000e+03,2.028000000000000000e+03,2.028000000000000000e+03,2.028000000000000000e+03,2.028000000000000000e+03,2.028000000000000000e+03,2.028000000000000000e+03,2.028000000000000000e+03,2.028000000000000000e+03,2.028000000000000000e+03,2.028000000000000000e+03,2.028000000000000000e+03,2.028000000000000000e+03,2.028000000000000000e+03,2.028000000000000000e+03,2.028000000000000000e+03,2.028000000000000000e+03,2.028000000000000000e+03,2.028000000000000000e+03,2.028000000000000000e+03,2.028000000000000000e+03,2.028000000000000000e+03,2.028000000000000000e+03,2.028000000000000000e+03,2.028000000000000000e+03,2.028000000000000000e+03,2.028000000000000000e+03,2.028000000000000000e+03,2.028000000000000000e+03,2.028000000000000000e+03,2.028000000000000000e+03,2.028000000000000000e+03,2.028000000000000000e+03,2.028000000000000000e+03,2.028000000000000000e+03,2.028000000000000000e+03,2.029000000000000000e+03,2.029000000000000000e+03,2.029000000000000000e+03,2.029000000000000000e+03,2.029000000000000000e+03,2.029000000000000000e+03,2.029000000000000000e+03,2.029000000000000000e+03,2.029000000000000000e+03,2.029000000000000000e+03,2.029000000000000000e+03,2.029000000000000000e+03,2.029000000000000000e+03,2.029000000000000000e+03,2.029000000000000000e+03,2.029000000000000000e+03,2.029000000000000000e+03,2.029000000000000000e+03,2.029000000000000000e+03,2.029000000000000000e+03,2.029000000000000000e+03,2.029000000000000000e+03,2.029000000000000000e+03,2.029000000000000000e+03,2.029000000000000000e+03,2.029000000000000000e+03,2.029000000000000000e+03,2.029000000000000000e+03,2.029000000000000000e+03,2.029000000000000000e+03,2.029000000000000000e+03,2.029000000000000000e+03,2.029000000000000000e+03,2.029000000000000000e+03,2.029000000000000000e+03,2.029000000000000000e+03,2.029000000000000000e+03,2.029000000000000000e+03,2.029000000000000000e+03,2.029000000000000000e+03,2.029000000000000000e+03,2.029000000000000000e+03,2.029000000000000000e+03,2.029000000000000000e+03,2.029000000000000000e+03,2.029000000000000000e+03,2.029000000000000000e+03,2.029000000000000000e+03,2.029000000000000000e+03,2.029000000000000000e+03,2.029000000000000000e+03,2.029000000000000000e+03,2.029000000000000000e+03,2.029000000000000000e+03,2.029000000000000000e+03,2.029000000000000000e+03,2.029000000000000000e+03,2.029000000000000000e+03,2.029000000000000000e+03,2.029000000000000000e+03,2.029000000000000000e+03,2.029000000000000000e+03,2.029000000000000000e+03,2.029000000000000000e+03,2.029000000000000000e+03,2.029000000000000000e+03,2.029000000000000000e+03,2.029000000000000000e+03,2.029000000000000000e+03,2.029000000000000000e+03,2.029000000000000000e+03,2.029000000000000000e+03,2.029000000000000000e+03,2.029000000000000000e+03,2.029000000000000000e+03,2.029000000000000000e+03,2.029000000000000000e+03,2.029000000000000000e+03,2.029000000000000000e+03,2.029000000000000000e+03,2.029000000000000000e+03,2.029000000000000000e+03,2.029000000000000000e+03,2.029000000000000000e+03,2.029000000000000000e+03,2.029000000000000000e+03,2.029000000000000000e+03,2.029000000000000000e+03,2.029000000000000000e+03,2.029000000000000000e+03,2.029000000000000000e+03,2.029000000000000000e+03,2.029000000000000000e+03,2.029000000000000000e+03,2.029000000000000000e+03,2.029000000000000000e+03,2.029000000000000000e+03,2.029000000000000000e+03,2.029000000000000000e+03,2.029000000000000000e+03,2.029000000000000000e+03,2.029000000000000000e+03,2.029000000000000000e+03,2.029000000000000000e+03,2.029000000000000000e+03,2.029000000000000000e+03,2.029000000000000000e+03,2.029000000000000000e+03,2.029000000000000000e+03,2.029000000000000000e+03,2.029000000000000000e+03,2.029000000000000000e+03,2.029000000000000000e+03,2.029000000000000000e+03,2.029000000000000000e+03,2.029000000000000000e+03,2.029000000000000000e+03,2.029000000000000000e+03,2.029000000000000000e+03,2.029000000000000000e+03,2.029000000000000000e+03,2.029000000000000000e+03,2.029000000000000000e+03,2.029000000000000000e+03,2.029000000000000000e+03,2.029000000000000000e+03,2.029000000000000000e+03,2.029000000000000000e+03,2.029000000000000000e+03,2.029000000000000000e+03,2.029000000000000000e+03,2.029000000000000000e+03,2.029000000000000000e+03,2.029000000000000000e+03,2.029000000000000000e+03,2.029000000000000000e+03,2.029000000000000000e+03,2.029000000000000000e+03,2.029000000000000000e+03,2.029000000000000000e+03,2.029000000000000000e+03,2.029000000000000000e+03,2.029000000000000000e+03,2.029000000000000000e+03,2.029000000000000000e+03,2.029000000000000000e+03,2.030000000000000000e+03,2.030000000000000000e+03,2.030000000000000000e+03,2.030000000000000000e+03,2.030000000000000000e+03,2.030000000000000000e+03,2.030000000000000000e+03,2.030000000000000000e+03,2.030000000000000000e+03,2.030000000000000000e+03,2.030000000000000000e+03,2.030000000000000000e+03,2.030000000000000000e+03,2.030000000000000000e+03,2.030000000000000000e+03,2.030000000000000000e+03,2.030000000000000000e+03,2.030000000000000000e+03,2.030000000000000000e+03,2.030000000000000000e+03,2.030000000000000000e+03,2.030000000000000000e+03,2.030000000000000000e+03,2.030000000000000000e+03,2.030000000000000000e+03,2.030000000000000000e+03,2.030000000000000000e+03,2.030000000000000000e+03,2.030000000000000000e+03,2.030000000000000000e+03,2.030000000000000000e+03,2.030000000000000000e+03,2.030000000000000000e+03,2.030000000000000000e+03,2.030000000000000000e+03,2.030000000000000000e+03,2.030000000000000000e+03,2.030000000000000000e+03,2.030000000000000000e+03,2.030000000000000000e+03,2.030000000000000000e+03,2.030000000000000000e+03,2.030000000000000000e+03,2.030000000000000000e+03,2.030000000000000000e+03,2.030000000000000000e+03,2.030000000000000000e+03,2.030000000000000000e+03,2.030000000000000000e+03,2.030000000000000000e+03,2.030000000000000000e+03,2.030000000000000000e+03,2.030000000000000000e+03,2.030000000000000000e+03,2.030000000000000000e+03,2.030000000000000000e+03,2.030000000000000000e+03,2.030000000000000000e+03,2.030000000000000000e+03,2.030000000000000000e+03,2.030000000000000000e+03,2.030000000000000000e+03,2.030000000000000000e+03,2.030000000000000000e+03,2.030000000000000000e+03,2.030000000000000000e+03,2.030000000000000000e+03,2.030000000000000000e+03,2.030000000000000000e+03,2.030000000000000000e+03,2.030000000000000000e+03,2.030000000000000000e+03,2.030000000000000000e+03,2.030000000000000000e+03,2.030000000000000000e+03,2.030000000000000000e+03,2.030000000000000000e+03,2.030000000000000000e+03,2.030000000000000000e+03,2.030000000000000000e+03,2.030000000000000000e+03,2.030000000000000000e+03,2.030000000000000000e+03,2.030000000000000000e+03,2.030000000000000000e+03,2.030000000000000000e+03,2.030000000000000000e+03,2.030000000000000000e+03,2.030000000000000000e+03,2.030000000000000000e+03,2.030000000000000000e+03,2.030000000000000000e+03,2.030000000000000000e+03,2.030000000000000000e+03,2.030000000000000000e+03,2.030000000000000000e+03,2.030000000000000000e+03,2.030000000000000000e+03,2.030000000000000000e+03,2.030000000000000000e+03,2.030000000000000000e+03,2.030000000000000000e+03,2.030000000000000000e+03,2.030000000000000000e+03,2.030000000000000000e+03,2.030000000000000000e+03,2.030000000000000000e+03,2.030000000000000000e+03,2.030000000000000000e+03,2.030000000000000000e+03,2.030000000000000000e+03,2.030000000000000000e+03,2.030000000000000000e+03,2.030000000000000000e+03,2.030000000000000000e+03,2.030000000000000000e+03,2.030000000000000000e+03,2.030000000000000000e+03,2.030000000000000000e+03,2.030000000000000000e+03,2.030000000000000000e+03,2.030000000000000000e+03,2.030000000000000000e+03,2.030000000000000000e+03,2.030000000000000000e+03,2.030000000000000000e+03,2.030000000000000000e+03,2.030000000000000000e+03,2.030000000000000000e+03,2.030000000000000000e+03,2.030000000000000000e+03,2.030000000000000000e+03,2.030000000000000000e+03,2.030000000000000000e+03,2.030000000000000000e+03,2.030000000000000000e+03,2.030000000000000000e+03,2.030000000000000000e+03,2.030000000000000000e+03,2.030000000000000000e+03,2.030000000000000000e+03,2.030000000000000000e+03,2.030000000000000000e+03,2.030000000000000000e+03,2.030000000000000000e+03,2.031000000000000000e+03,2.031000000000000000e+03,2.031000000000000000e+03,2.031000000000000000e+03,2.031000000000000000e+03,2.031000000000000000e+03,2.031000000000000000e+03,2.031000000000000000e+03,2.031000000000000000e+03,2.031000000000000000e+03,2.031000000000000000e+03,2.031000000000000000e+03,2.031000000000000000e+03,2.031000000000000000e+03,2.031000000000000000e+03,2.031000000000000000e+03,2.031000000000000000e+03,2.031000000000000000e+03,2.031000000000000000e+03,2.031000000000000000e+03,2.031000000000000000e+03,2.031000000000000000e+03,2.031000000000000000e+03,2.031000000000000000e+03,2.031000000000000000e+03,2.031000000000000000e+03,2.031000000000000000e+03,2.031000000000000000e+03,2.031000000000000000e+03,2.031000000000000000e+03,2.031000000000000000e+03,2.031000000000000000e+03,2.031000000000000000e+03,2.031000000000000000e+03,2.031000000000000000e+03,2.031000000000000000e+03,2.031000000000000000e+03,2.031000000000000000e+03,2.031000000000000000e+03,2.031000000000000000e+03,2.031000000000000000e+03,2.031000000000000000e+03,2.031000000000000000e+03,2.031000000000000000e+03,2.031000000000000000e+03,2.031000000000000000e+03,2.031000000000000000e+03,2.031000000000000000e+03,2.031000000000000000e+03,2.031000000000000000e+03,2.031000000000000000e+03,2.031000000000000000e+03,2.031000000000000000e+03,2.031000000000000000e+03,2.031000000000000000e+03,2.031000000000000000e+03,2.031000000000000000e+03,2.031000000000000000e+03,2.031000000000000000e+03,2.031000000000000000e+03,2.031000000000000000e+03,2.031000000000000000e+03,2.031000000000000000e+03,2.031000000000000000e+03,2.031000000000000000e+03,2.031000000000000000e+03,2.031000000000000000e+03,2.031000000000000000e+03,2.031000000000000000e+03,2.031000000000000000e+03,2.031000000000000000e+03,2.031000000000000000e+03,2.031000000000000000e+03,2.031000000000000000e+03,2.031000000000000000e+03,2.031000000000000000e+03,2.031000000000000000e+03,2.031000000000000000e+03,2.031000000000000000e+03,2.031000000000000000e+03,2.031000000000000000e+03,2.031000000000000000e+03,2.031000000000000000e+03,2.031000000000000000e+03,2.031000000000000000e+03,2.031000000000000000e+03,2.031000000000000000e+03,2.031000000000000000e+03,2.031000000000000000e+03,2.031000000000000000e+03,2.031000000000000000e+03,2.031000000000000000e+03,2.031000000000000000e+03,2.031000000000000000e+03,2.031000000000000000e+03,2.031000000000000000e+03,2.031000000000000000e+03,2.031000000000000000e+03,2.031000000000000000e+03,2.031000000000000000e+03,2.031000000000000000e+03,2.031000000000000000e+03,2.031000000000000000e+03,2.031000000000000000e+03,2.031000000000000000e+03,2.031000000000000000e+03,2.031000000000000000e+03,2.031000000000000000e+03,2.031000000000000000e+03,2.031000000000000000e+03,2.031000000000000000e+03,2.031000000000000000e+03,2.031000000000000000e+03,2.031000000000000000e+03,2.031000000000000000e+03,2.031000000000000000e+03,2.031000000000000000e+03,2.031000000000000000e+03,2.031000000000000000e+03,2.031000000000000000e+03,2.031000000000000000e+03,2.031000000000000000e+03,2.031000000000000000e+03,2.031000000000000000e+03,2.031000000000000000e+03,2.031000000000000000e+03,2.031000000000000000e+03,2.031000000000000000e+03,2.031000000000000000e+03,2.031000000000000000e+03,2.031000000000000000e+03,2.031000000000000000e+03,2.031000000000000000e+03,2.031000000000000000e+03,2.031000000000000000e+03,2.031000000000000000e+03,2.031000000000000000e+03,2.031000000000000000e+03,2.031000000000000000e+03,2.031000000000000000e+03,2.031000000000000000e+03,2.031000000000000000e+03,2.031000000000000000e+03,2.031000000000000000e+03,2.031000000000000000e+03,2.031000000000000000e+03,2.032000000000000000e+03,2.032000000000000000e+03,2.032000000000000000e+03,2.032000000000000000e+03,2.032000000000000000e+03,2.032000000000000000e+03,2.032000000000000000e+03,2.032000000000000000e+03,2.032000000000000000e+03,2.032000000000000000e+03,2.032000000000000000e+03,2.032000000000000000e+03,2.032000000000000000e+03,2.032000000000000000e+03,2.032000000000000000e+03,2.032000000000000000e+03,2.032000000000000000e+03,2.032000000000000000e+03,2.032000000000000000e+03,2.032000000000000000e+03,2.032000000000000000e+03,2.032000000000000000e+03,2.032000000000000000e+03,2.032000000000000000e+03,2.032000000000000000e+03,2.032000000000000000e+03,2.032000000000000000e+03,2.032000000000000000e+03,2.032000000000000000e+03,2.032000000000000000e+03,2.032000000000000000e+03,2.032000000000000000e+03,2.032000000000000000e+03,2.032000000000000000e+03,2.032000000000000000e+03,2.032000000000000000e+03,2.032000000000000000e+03,2.032000000000000000e+03,2.032000000000000000e+03,2.032000000000000000e+03,2.032000000000000000e+03,2.032000000000000000e+03,2.032000000000000000e+03,2.032000000000000000e+03,2.032000000000000000e+03,2.032000000000000000e+03,2.032000000000000000e+03,2.032000000000000000e+03,2.032000000000000000e+03,2.032000000000000000e+03,2.032000000000000000e+03,2.032000000000000000e+03,2.032000000000000000e+03,2.032000000000000000e+03,2.032000000000000000e+03,2.032000000000000000e+03,2.032000000000000000e+03,2.032000000000000000e+03,2.032000000000000000e+03,2.032000000000000000e+03,2.032000000000000000e+03,2.032000000000000000e+03,2.032000000000000000e+03,2.032000000000000000e+03,2.032000000000000000e+03,2.032000000000000000e+03,2.032000000000000000e+03,2.032000000000000000e+03,2.032000000000000000e+03,2.032000000000000000e+03,2.032000000000000000e+03,2.032000000000000000e+03,2.032000000000000000e+03,2.032000000000000000e+03,2.032000000000000000e+03,2.032000000000000000e+03,2.032000000000000000e+03,2.032000000000000000e+03,2.032000000000000000e+03,2.032000000000000000e+03,2.032000000000000000e+03,2.032000000000000000e+03,2.032000000000000000e+03,2.032000000000000000e+03,2.032000000000000000e+03,2.032000000000000000e+03,2.032000000000000000e+03,2.032000000000000000e+03,2.032000000000000000e+03,2.032000000000000000e+03,2.032000000000000000e+03,2.032000000000000000e+03,2.032000000000000000e+03,2.032000000000000000e+03,2.032000000000000000e+03,2.032000000000000000e+03,2.032000000000000000e+03,2.032000000000000000e+03,2.032000000000000000e+03,2.032000000000000000e+03,2.032000000000000000e+03,2.032000000000000000e+03,2.032000000000000000e+03,2.032000000000000000e+03,2.032000000000000000e+03,2.032000000000000000e+03,2.032000000000000000e+03,2.032000000000000000e+03,2.032000000000000000e+03,2.032000000000000000e+03,2.032000000000000000e+03,2.032000000000000000e+03,2.032000000000000000e+03,2.032000000000000000e+03,2.032000000000000000e+03,2.032000000000000000e+03,2.032000000000000000e+03,2.032000000000000000e+03,2.032000000000000000e+03,2.032000000000000000e+03,2.032000000000000000e+03,2.032000000000000000e+03,2.032000000000000000e+03,2.032000000000000000e+03,2.032000000000000000e+03,2.032000000000000000e+03,2.032000000000000000e+03,2.032000000000000000e+03,2.032000000000000000e+03,2.032000000000000000e+03,2.032000000000000000e+03,2.032000000000000000e+03,2.032000000000000000e+03,2.032000000000000000e+03,2.032000000000000000e+03,2.032000000000000000e+03,2.032000000000000000e+03,2.032000000000000000e+03,2.032000000000000000e+03,2.032000000000000000e+03,2.032000000000000000e+03,2.032000000000000000e+03,2.032000000000000000e+03,2.032000000000000000e+03,2.032000000000000000e+03,2.032000000000000000e+03,2.033000000000000000e+03,2.033000000000000000e+03,2.033000000000000000e+03,2.033000000000000000e+03,2.033000000000000000e+03,2.033000000000000000e+03,2.033000000000000000e+03,2.033000000000000000e+03,2.033000000000000000e+03,2.033000000000000000e+03,2.033000000000000000e+03,2.033000000000000000e+03,2.033000000000000000e+03,2.033000000000000000e+03,2.033000000000000000e+03,2.033000000000000000e+03,2.033000000000000000e+03,2.033000000000000000e+03,2.033000000000000000e+03,2.033000000000000000e+03,2.033000000000000000e+03,2.033000000000000000e+03,2.033000000000000000e+03,2.033000000000000000e+03,2.033000000000000000e+03,2.033000000000000000e+03,2.033000000000000000e+03,2.033000000000000000e+03,2.033000000000000000e+03,2.033000000000000000e+03,2.033000000000000000e+03,2.033000000000000000e+03,2.033000000000000000e+03,2.033000000000000000e+03,2.033000000000000000e+03,2.033000000000000000e+03,2.033000000000000000e+03,2.033000000000000000e+03,2.033000000000000000e+03,2.033000000000000000e+03,2.033000000000000000e+03,2.033000000000000000e+03,2.033000000000000000e+03,2.033000000000000000e+03,2.033000000000000000e+03,2.033000000000000000e+03,2.033000000000000000e+03,2.033000000000000000e+03,2.033000000000000000e+03,2.033000000000000000e+03,2.033000000000000000e+03,2.033000000000000000e+03,2.033000000000000000e+03,2.033000000000000000e+03,2.033000000000000000e+03,2.033000000000000000e+03,2.033000000000000000e+03,2.033000000000000000e+03,2.033000000000000000e+03,2.033000000000000000e+03,2.033000000000000000e+03,2.033000000000000000e+03,2.033000000000000000e+03,2.033000000000000000e+03,2.033000000000000000e+03,2.033000000000000000e+03,2.033000000000000000e+03,2.033000000000000000e+03,2.033000000000000000e+03,2.033000000000000000e+03,2.033000000000000000e+03,2.033000000000000000e+03,2.033000000000000000e+03,2.033000000000000000e+03,2.033000000000000000e+03,2.033000000000000000e+03,2.033000000000000000e+03,2.033000000000000000e+03,2.033000000000000000e+03,2.033000000000000000e+03,2.033000000000000000e+03,2.033000000000000000e+03,2.033000000000000000e+03,2.033000000000000000e+03,2.033000000000000000e+03,2.033000000000000000e+03,2.033000000000000000e+03,2.033000000000000000e+03,2.033000000000000000e+03,2.033000000000000000e+03,2.033000000000000000e+03,2.033000000000000000e+03,2.033000000000000000e+03,2.033000000000000000e+03,2.033000000000000000e+03,2.033000000000000000e+03,2.033000000000000000e+03,2.033000000000000000e+03,2.033000000000000000e+03,2.033000000000000000e+03,2.033000000000000000e+03,2.033000000000000000e+03,2.033000000000000000e+03,2.033000000000000000e+03,2.033000000000000000e+03,2.033000000000000000e+03,2.033000000000000000e+03,2.033000000000000000e+03,2.033000000000000000e+03,2.033000000000000000e+03,2.033000000000000000e+03,2.033000000000000000e+03,2.033000000000000000e+03,2.033000000000000000e+03,2.033000000000000000e+03,2.033000000000000000e+03,2.033000000000000000e+03,2.033000000000000000e+03,2.033000000000000000e+03,2.033000000000000000e+03,2.033000000000000000e+03,2.033000000000000000e+03,2.033000000000000000e+03,2.033000000000000000e+03,2.033000000000000000e+03,2.033000000000000000e+03,2.033000000000000000e+03,2.033000000000000000e+03,2.033000000000000000e+03,2.033000000000000000e+03,2.033000000000000000e+03,2.033000000000000000e+03,2.033000000000000000e+03,2.033000000000000000e+03,2.033000000000000000e+03,2.033000000000000000e+03,2.033000000000000000e+03,2.033000000000000000e+03,2.033000000000000000e+03,2.033000000000000000e+03,2.033000000000000000e+03,2.033000000000000000e+03,2.033000000000000000e+03,2.033000000000000000e+03,2.033000000000000000e+03,2.033000000000000000e+03,2.034000000000000000e+03,2.034000000000000000e+03,2.034000000000000000e+03,2.034000000000000000e+03,2.034000000000000000e+03,2.034000000000000000e+03,2.034000000000000000e+03,2.034000000000000000e+03,2.034000000000000000e+03,2.034000000000000000e+03,2.034000000000000000e+03,2.034000000000000000e+03,2.034000000000000000e+03,2.034000000000000000e+03,2.034000000000000000e+03,2.034000000000000000e+03,2.034000000000000000e+03,2.034000000000000000e+03,2.034000000000000000e+03,2.034000000000000000e+03,2.034000000000000000e+03,2.034000000000000000e+03,2.034000000000000000e+03,2.034000000000000000e+03,2.034000000000000000e+03,2.034000000000000000e+03,2.034000000000000000e+03,2.034000000000000000e+03,2.034000000000000000e+03,2.034000000000000000e+03,2.034000000000000000e+03,2.034000000000000000e+03,2.034000000000000000e+03,2.034000000000000000e+03,2.034000000000000000e+03,2.034000000000000000e+03,2.034000000000000000e+03,2.034000000000000000e+03,2.034000000000000000e+03,2.034000000000000000e+03,2.034000000000000000e+03,2.034000000000000000e+03,2.034000000000000000e+03,2.034000000000000000e+03,2.034000000000000000e+03,2.034000000000000000e+03,2.034000000000000000e+03,2.034000000000000000e+03,2.034000000000000000e+03,2.034000000000000000e+03,2.034000000000000000e+03,2.034000000000000000e+03,2.034000000000000000e+03,2.034000000000000000e+03,2.034000000000000000e+03,2.034000000000000000e+03,2.034000000000000000e+03,2.034000000000000000e+03,2.034000000000000000e+03,2.034000000000000000e+03,2.034000000000000000e+03,2.034000000000000000e+03,2.034000000000000000e+03,2.034000000000000000e+03,2.034000000000000000e+03,2.034000000000000000e+03,2.034000000000000000e+03,2.034000000000000000e+03,2.034000000000000000e+03,2.034000000000000000e+03,2.034000000000000000e+03,2.034000000000000000e+03,2.034000000000000000e+03,2.034000000000000000e+03,2.034000000000000000e+03,2.034000000000000000e+03,2.034000000000000000e+03,2.034000000000000000e+03,2.034000000000000000e+03,2.034000000000000000e+03,2.034000000000000000e+03,2.034000000000000000e+03,2.034000000000000000e+03,2.034000000000000000e+03,2.034000000000000000e+03,2.034000000000000000e+03,2.034000000000000000e+03,2.034000000000000000e+03,2.034000000000000000e+03,2.034000000000000000e+03,2.034000000000000000e+03,2.034000000000000000e+03,2.034000000000000000e+03,2.034000000000000000e+03,2.034000000000000000e+03,2.034000000000000000e+03,2.034000000000000000e+03,2.034000000000000000e+03,2.034000000000000000e+03,2.034000000000000000e+03,2.034000000000000000e+03,2.034000000000000000e+03,2.034000000000000000e+03,2.034000000000000000e+03,2.034000000000000000e+03,2.034000000000000000e+03,2.034000000000000000e+03,2.034000000000000000e+03,2.034000000000000000e+03,2.034000000000000000e+03,2.034000000000000000e+03,2.034000000000000000e+03,2.034000000000000000e+03,2.034000000000000000e+03,2.034000000000000000e+03,2.034000000000000000e+03,2.034000000000000000e+03,2.034000000000000000e+03,2.034000000000000000e+03,2.034000000000000000e+03,2.034000000000000000e+03,2.034000000000000000e+03,2.034000000000000000e+03,2.034000000000000000e+03,2.034000000000000000e+03,2.034000000000000000e+03,2.034000000000000000e+03,2.034000000000000000e+03,2.034000000000000000e+03,2.034000000000000000e+03,2.034000000000000000e+03,2.034000000000000000e+03,2.034000000000000000e+03,2.034000000000000000e+03,2.034000000000000000e+03,2.034000000000000000e+03,2.034000000000000000e+03,2.034000000000000000e+03,2.034000000000000000e+03,2.034000000000000000e+03,2.034000000000000000e+03,2.034000000000000000e+03,2.034000000000000000e+03,2.034000000000000000e+03,2.034000000000000000e+03,2.034000000000000000e+03,2.035000000000000000e+03,2.035000000000000000e+03,2.035000000000000000e+03,2.035000000000000000e+03,2.035000000000000000e+03,2.035000000000000000e+03,2.035000000000000000e+03,2.035000000000000000e+03,2.035000000000000000e+03,2.035000000000000000e+03,2.035000000000000000e+03,2.035000000000000000e+03,2.035000000000000000e+03,2.035000000000000000e+03,2.035000000000000000e+03,2.035000000000000000e+03,2.035000000000000000e+03,2.035000000000000000e+03,2.035000000000000000e+03,2.035000000000000000e+03,2.035000000000000000e+03,2.035000000000000000e+03,2.035000000000000000e+03,2.035000000000000000e+03,2.035000000000000000e+03,2.035000000000000000e+03,2.035000000000000000e+03,2.035000000000000000e+03,2.035000000000000000e+03,2.035000000000000000e+03,2.035000000000000000e+03,2.035000000000000000e+03,2.035000000000000000e+03,2.035000000000000000e+03,2.035000000000000000e+03,2.035000000000000000e+03,2.035000000000000000e+03,2.035000000000000000e+03,2.035000000000000000e+03,2.035000000000000000e+03,2.035000000000000000e+03,2.035000000000000000e+03,2.035000000000000000e+03,2.035000000000000000e+03,2.035000000000000000e+03,2.035000000000000000e+03,2.035000000000000000e+03,2.035000000000000000e+03,2.035000000000000000e+03,2.035000000000000000e+03,2.035000000000000000e+03,2.035000000000000000e+03,2.035000000000000000e+03,2.035000000000000000e+03,2.035000000000000000e+03,2.035000000000000000e+03,2.035000000000000000e+03,2.035000000000000000e+03,2.035000000000000000e+03,2.035000000000000000e+03,2.035000000000000000e+03,2.035000000000000000e+03,2.035000000000000000e+03,2.035000000000000000e+03,2.035000000000000000e+03,2.035000000000000000e+03,2.035000000000000000e+03,2.035000000000000000e+03,2.035000000000000000e+03,2.035000000000000000e+03,2.035000000000000000e+03,2.035000000000000000e+03,2.035000000000000000e+03,2.035000000000000000e+03,2.035000000000000000e+03,2.035000000000000000e+03,2.035000000000000000e+03,2.035000000000000000e+03,2.035000000000000000e+03,2.035000000000000000e+03,2.035000000000000000e+03,2.035000000000000000e+03,2.035000000000000000e+03,2.035000000000000000e+03,2.035000000000000000e+03,2.035000000000000000e+03,2.035000000000000000e+03,2.035000000000000000e+03,2.035000000000000000e+03,2.035000000000000000e+03,2.035000000000000000e+03,2.035000000000000000e+03,2.035000000000000000e+03,2.035000000000000000e+03,2.035000000000000000e+03,2.035000000000000000e+03,2.035000000000000000e+03,2.035000000000000000e+03,2.035000000000000000e+03,2.035000000000000000e+03,2.035000000000000000e+03,2.035000000000000000e+03,2.035000000000000000e+03,2.035000000000000000e+03,2.035000000000000000e+03,2.035000000000000000e+03,2.035000000000000000e+03,2.035000000000000000e+03,2.035000000000000000e+03,2.035000000000000000e+03,2.035000000000000000e+03,2.035000000000000000e+03,2.035000000000000000e+03,2.035000000000000000e+03,2.035000000000000000e+03,2.035000000000000000e+03,2.035000000000000000e+03,2.035000000000000000e+03,2.035000000000000000e+03,2.035000000000000000e+03,2.035000000000000000e+03,2.035000000000000000e+03,2.035000000000000000e+03,2.035000000000000000e+03,2.035000000000000000e+03,2.035000000000000000e+03,2.035000000000000000e+03,2.035000000000000000e+03,2.035000000000000000e+03,2.035000000000000000e+03,2.035000000000000000e+03,2.035000000000000000e+03,2.035000000000000000e+03,2.035000000000000000e+03,2.035000000000000000e+03,2.035000000000000000e+03,2.035000000000000000e+03,2.035000000000000000e+03,2.035000000000000000e+03,2.035000000000000000e+03,2.035000000000000000e+03,2.035000000000000000e+03,2.035000000000000000e+03,2.035000000000000000e+03,2.035000000000000000e+03,2.035000000000000000e+03,2.035000000000000000e+03,2.036000000000000000e+03,2.036000000000000000e+03,2.036000000000000000e+03,2.036000000000000000e+03,2.036000000000000000e+03,2.036000000000000000e+03,2.036000000000000000e+03,2.036000000000000000e+03,2.036000000000000000e+03,2.036000000000000000e+03,2.036000000000000000e+03,2.036000000000000000e+03,2.036000000000000000e+03,2.036000000000000000e+03,2.036000000000000000e+03,2.036000000000000000e+03,2.036000000000000000e+03,2.036000000000000000e+03,2.036000000000000000e+03,2.036000000000000000e+03,2.036000000000000000e+03,2.036000000000000000e+03,2.036000000000000000e+03,2.036000000000000000e+03,2.036000000000000000e+03,2.036000000000000000e+03,2.036000000000000000e+03,2.036000000000000000e+03,2.036000000000000000e+03,2.036000000000000000e+03,2.036000000000000000e+03,2.036000000000000000e+03,2.036000000000000000e+03,2.036000000000000000e+03,2.036000000000000000e+03,2.036000000000000000e+03,2.036000000000000000e+03,2.036000000000000000e+03,2.036000000000000000e+03,2.036000000000000000e+03,2.036000000000000000e+03,2.036000000000000000e+03,2.036000000000000000e+03,2.036000000000000000e+03,2.036000000000000000e+03,2.036000000000000000e+03,2.036000000000000000e+03,2.036000000000000000e+03,2.036000000000000000e+03,2.036000000000000000e+03,2.036000000000000000e+03,2.036000000000000000e+03,2.036000000000000000e+03,2.036000000000000000e+03,2.036000000000000000e+03,2.036000000000000000e+03,2.036000000000000000e+03,2.036000000000000000e+03,2.036000000000000000e+03,2.036000000000000000e+03,2.036000000000000000e+03,2.036000000000000000e+03,2.036000000000000000e+03,2.036000000000000000e+03,2.036000000000000000e+03,2.036000000000000000e+03,2.036000000000000000e+03,2.036000000000000000e+03,2.036000000000000000e+03,2.036000000000000000e+03,2.036000000000000000e+03,2.036000000000000000e+03,2.036000000000000000e+03,2.036000000000000000e+03,2.036000000000000000e+03,2.036000000000000000e+03,2.036000000000000000e+03,2.036000000000000000e+03,2.036000000000000000e+03,2.036000000000000000e+03,2.036000000000000000e+03,2.036000000000000000e+03,2.036000000000000000e+03,2.036000000000000000e+03,2.036000000000000000e+03,2.036000000000000000e+03,2.036000000000000000e+03,2.036000000000000000e+03,2.036000000000000000e+03,2.036000000000000000e+03,2.036000000000000000e+03,2.036000000000000000e+03,2.036000000000000000e+03,2.036000000000000000e+03,2.036000000000000000e+03,2.036000000000000000e+03,2.036000000000000000e+03,2.036000000000000000e+03,2.036000000000000000e+03,2.036000000000000000e+03,2.036000000000000000e+03,2.036000000000000000e+03,2.036000000000000000e+03,2.036000000000000000e+03,2.036000000000000000e+03,2.036000000000000000e+03,2.036000000000000000e+03,2.036000000000000000e+03,2.036000000000000000e+03,2.036000000000000000e+03,2.036000000000000000e+03,2.036000000000000000e+03,2.036000000000000000e+03,2.036000000000000000e+03,2.036000000000000000e+03,2.036000000000000000e+03,2.036000000000000000e+03,2.036000000000000000e+03,2.036000000000000000e+03,2.036000000000000000e+03,2.036000000000000000e+03,2.036000000000000000e+03,2.036000000000000000e+03,2.036000000000000000e+03,2.036000000000000000e+03,2.036000000000000000e+03,2.036000000000000000e+03,2.036000000000000000e+03,2.036000000000000000e+03,2.036000000000000000e+03,2.036000000000000000e+03,2.036000000000000000e+03,2.036000000000000000e+03,2.036000000000000000e+03,2.036000000000000000e+03,2.036000000000000000e+03,2.036000000000000000e+03,2.036000000000000000e+03,2.036000000000000000e+03,2.036000000000000000e+03,2.036000000000000000e+03,2.036000000000000000e+03,2.036000000000000000e+03,2.036000000000000000e+03,2.036000000000000000e+03,2.036000000000000000e+03,2.036000000000000000e+03,2.037000000000000000e+03,2.037000000000000000e+03,2.037000000000000000e+03,2.037000000000000000e+03,2.037000000000000000e+03,2.037000000000000000e+03,2.037000000000000000e+03,2.037000000000000000e+03,2.037000000000000000e+03,2.037000000000000000e+03,2.037000000000000000e+03,2.037000000000000000e+03,2.037000000000000000e+03,2.037000000000000000e+03,2.037000000000000000e+03,2.037000000000000000e+03,2.037000000000000000e+03,2.037000000000000000e+03,2.037000000000000000e+03,2.037000000000000000e+03,2.037000000000000000e+03,2.037000000000000000e+03,2.037000000000000000e+03,2.037000000000000000e+03,2.037000000000000000e+03,2.037000000000000000e+03,2.037000000000000000e+03,2.037000000000000000e+03,2.037000000000000000e+03,2.037000000000000000e+03,2.037000000000000000e+03,2.037000000000000000e+03,2.037000000000000000e+03,2.037000000000000000e+03,2.037000000000000000e+03,2.037000000000000000e+03,2.037000000000000000e+03,2.037000000000000000e+03,2.037000000000000000e+03,2.037000000000000000e+03,2.037000000000000000e+03,2.037000000000000000e+03,2.037000000000000000e+03,2.037000000000000000e+03,2.037000000000000000e+03,2.037000000000000000e+03,2.037000000000000000e+03,2.037000000000000000e+03,2.037000000000000000e+03,2.037000000000000000e+03,2.037000000000000000e+03,2.037000000000000000e+03,2.037000000000000000e+03,2.037000000000000000e+03,2.037000000000000000e+03,2.037000000000000000e+03,2.037000000000000000e+03,2.037000000000000000e+03,2.037000000000000000e+03,2.037000000000000000e+03,2.037000000000000000e+03,2.037000000000000000e+03,2.037000000000000000e+03,2.037000000000000000e+03,2.037000000000000000e+03,2.037000000000000000e+03,2.037000000000000000e+03,2.037000000000000000e+03,2.037000000000000000e+03,2.037000000000000000e+03,2.037000000000000000e+03,2.037000000000000000e+03,2.037000000000000000e+03,2.037000000000000000e+03,2.037000000000000000e+03,2.037000000000000000e+03,2.037000000000000000e+03,2.037000000000000000e+03,2.037000000000000000e+03,2.037000000000000000e+03,2.037000000000000000e+03,2.037000000000000000e+03,2.037000000000000000e+03,2.037000000000000000e+03,2.037000000000000000e+03,2.037000000000000000e+03,2.037000000000000000e+03,2.037000000000000000e+03,2.037000000000000000e+03,2.037000000000000000e+03,2.037000000000000000e+03,2.037000000000000000e+03,2.037000000000000000e+03,2.037000000000000000e+03,2.037000000000000000e+03,2.037000000000000000e+03,2.037000000000000000e+03,2.037000000000000000e+03,2.037000000000000000e+03,2.037000000000000000e+03,2.037000000000000000e+03,2.037000000000000000e+03,2.037000000000000000e+03,2.037000000000000000e+03,2.037000000000000000e+03,2.037000000000000000e+03,2.037000000000000000e+03,2.037000000000000000e+03,2.037000000000000000e+03,2.037000000000000000e+03,2.037000000000000000e+03,2.037000000000000000e+03,2.037000000000000000e+03,2.037000000000000000e+03,2.037000000000000000e+03,2.037000000000000000e+03,2.037000000000000000e+03,2.037000000000000000e+03,2.037000000000000000e+03,2.037000000000000000e+03,2.037000000000000000e+03,2.037000000000000000e+03,2.037000000000000000e+03,2.037000000000000000e+03,2.037000000000000000e+03,2.037000000000000000e+03,2.037000000000000000e+03,2.037000000000000000e+03,2.037000000000000000e+03,2.037000000000000000e+03,2.037000000000000000e+03,2.037000000000000000e+03,2.037000000000000000e+03,2.037000000000000000e+03,2.037000000000000000e+03,2.037000000000000000e+03,2.037000000000000000e+03,2.037000000000000000e+03,2.037000000000000000e+03,2.037000000000000000e+03,2.037000000000000000e+03,2.037000000000000000e+03,2.037000000000000000e+03,2.037000000000000000e+03,2.037000000000000000e+03,2.037000000000000000e+03,2.037000000000000000e+03,2.038000000000000000e+03,2.038000000000000000e+03,2.038000000000000000e+03,2.038000000000000000e+03,2.038000000000000000e+03,2.038000000000000000e+03,2.038000000000000000e+03,2.038000000000000000e+03,2.038000000000000000e+03,2.038000000000000000e+03,2.038000000000000000e+03,2.038000000000000000e+03,2.038000000000000000e+03,2.038000000000000000e+03,2.038000000000000000e+03,2.038000000000000000e+03,2.038000000000000000e+03,2.038000000000000000e+03,2.038000000000000000e+03,2.038000000000000000e+03,2.038000000000000000e+03,2.038000000000000000e+03,2.038000000000000000e+03,2.038000000000000000e+03,2.038000000000000000e+03,2.038000000000000000e+03,2.038000000000000000e+03,2.038000000000000000e+03,2.038000000000000000e+03,2.038000000000000000e+03,2.038000000000000000e+03,2.038000000000000000e+03,2.038000000000000000e+03,2.038000000000000000e+03,2.038000000000000000e+03,2.038000000000000000e+03,2.038000000000000000e+03,2.038000000000000000e+03,2.038000000000000000e+03,2.038000000000000000e+03,2.038000000000000000e+03,2.038000000000000000e+03,2.038000000000000000e+03,2.038000000000000000e+03,2.038000000000000000e+03,2.038000000000000000e+03,2.038000000000000000e+03,2.038000000000000000e+03,2.038000000000000000e+03,2.038000000000000000e+03,2.038000000000000000e+03,2.038000000000000000e+03,2.038000000000000000e+03,2.038000000000000000e+03,2.038000000000000000e+03,2.038000000000000000e+03,2.038000000000000000e+03,2.038000000000000000e+03,2.038000000000000000e+03,2.038000000000000000e+03,2.038000000000000000e+03,2.038000000000000000e+03,2.038000000000000000e+03,2.038000000000000000e+03,2.038000000000000000e+03,2.038000000000000000e+03,2.038000000000000000e+03,2.038000000000000000e+03,2.038000000000000000e+03,2.038000000000000000e+03,2.038000000000000000e+03,2.038000000000000000e+03,2.038000000000000000e+03,2.038000000000000000e+03,2.038000000000000000e+03,2.038000000000000000e+03,2.038000000000000000e+03,2.038000000000000000e+03,2.038000000000000000e+03,2.038000000000000000e+03,2.038000000000000000e+03,2.038000000000000000e+03,2.038000000000000000e+03,2.038000000000000000e+03,2.038000000000000000e+03,2.038000000000000000e+03,2.038000000000000000e+03,2.038000000000000000e+03,2.038000000000000000e+03,2.038000000000000000e+03,2.038000000000000000e+03,2.038000000000000000e+03,2.038000000000000000e+03,2.038000000000000000e+03,2.038000000000000000e+03,2.038000000000000000e+03,2.038000000000000000e+03,2.038000000000000000e+03,2.038000000000000000e+03,2.038000000000000000e+03,2.038000000000000000e+03,2.038000000000000000e+03,2.038000000000000000e+03,2.038000000000000000e+03,2.038000000000000000e+03,2.038000000000000000e+03,2.038000000000000000e+03,2.038000000000000000e+03,2.038000000000000000e+03,2.038000000000000000e+03,2.038000000000000000e+03,2.038000000000000000e+03,2.038000000000000000e+03,2.038000000000000000e+03,2.038000000000000000e+03,2.038000000000000000e+03,2.038000000000000000e+03,2.038000000000000000e+03,2.038000000000000000e+03,2.038000000000000000e+03,2.038000000000000000e+03,2.038000000000000000e+03,2.038000000000000000e+03,2.038000000000000000e+03,2.038000000000000000e+03,2.038000000000000000e+03,2.038000000000000000e+03,2.038000000000000000e+03,2.038000000000000000e+03,2.038000000000000000e+03,2.038000000000000000e+03,2.038000000000000000e+03,2.038000000000000000e+03,2.038000000000000000e+03,2.038000000000000000e+03,2.038000000000000000e+03,2.038000000000000000e+03,2.038000000000000000e+03,2.038000000000000000e+03,2.038000000000000000e+03,2.038000000000000000e+03,2.038000000000000000e+03,2.038000000000000000e+03,2.038000000000000000e+03,2.038000000000000000e+03,2.038000000000000000e+03,2.038000000000000000e+03,2.039000000000000000e+03,2.039000000000000000e+03,2.039000000000000000e+03,2.039000000000000000e+03,2.039000000000000000e+03,2.039000000000000000e+03,2.039000000000000000e+03,2.039000000000000000e+03,2.039000000000000000e+03,2.039000000000000000e+03,2.039000000000000000e+03,2.039000000000000000e+03,2.039000000000000000e+03,2.039000000000000000e+03,2.039000000000000000e+03,2.039000000000000000e+03,2.039000000000000000e+03,2.039000000000000000e+03,2.039000000000000000e+03,2.039000000000000000e+03,2.039000000000000000e+03,2.039000000000000000e+03,2.039000000000000000e+03,2.039000000000000000e+03,2.039000000000000000e+03,2.039000000000000000e+03,2.039000000000000000e+03,2.039000000000000000e+03,2.039000000000000000e+03,2.039000000000000000e+03,2.039000000000000000e+03,2.039000000000000000e+03,2.039000000000000000e+03,2.039000000000000000e+03,2.039000000000000000e+03,2.039000000000000000e+03,2.039000000000000000e+03,2.039000000000000000e+03,2.039000000000000000e+03,2.039000000000000000e+03,2.039000000000000000e+03,2.039000000000000000e+03,2.039000000000000000e+03,2.039000000000000000e+03,2.039000000000000000e+03,2.039000000000000000e+03,2.039000000000000000e+03,2.039000000000000000e+03,2.039000000000000000e+03,2.039000000000000000e+03,2.039000000000000000e+03,2.039000000000000000e+03,2.039000000000000000e+03,2.039000000000000000e+03,2.039000000000000000e+03,2.039000000000000000e+03,2.039000000000000000e+03,2.039000000000000000e+03,2.039000000000000000e+03,2.039000000000000000e+03,2.039000000000000000e+03,2.039000000000000000e+03,2.039000000000000000e+03,2.039000000000000000e+03,2.039000000000000000e+03,2.039000000000000000e+03,2.039000000000000000e+03,2.039000000000000000e+03,2.039000000000000000e+03,2.039000000000000000e+03,2.039000000000000000e+03,2.039000000000000000e+03,2.039000000000000000e+03,2.039000000000000000e+03,2.039000000000000000e+03,2.039000000000000000e+03,2.039000000000000000e+03,2.039000000000000000e+03,2.039000000000000000e+03,2.039000000000000000e+03,2.039000000000000000e+03,2.039000000000000000e+03,2.039000000000000000e+03,2.039000000000000000e+03,2.039000000000000000e+03,2.039000000000000000e+03,2.039000000000000000e+03,2.039000000000000000e+03,2.039000000000000000e+03,2.039000000000000000e+03,2.039000000000000000e+03,2.039000000000000000e+03,2.039000000000000000e+03,2.039000000000000000e+03,2.039000000000000000e+03,2.039000000000000000e+03,2.039000000000000000e+03,2.039000000000000000e+03,2.039000000000000000e+03,2.039000000000000000e+03,2.039000000000000000e+03,2.039000000000000000e+03,2.039000000000000000e+03,2.039000000000000000e+03,2.039000000000000000e+03,2.039000000000000000e+03,2.039000000000000000e+03,2.039000000000000000e+03,2.039000000000000000e+03,2.039000000000000000e+03,2.039000000000000000e+03,2.039000000000000000e+03,2.039000000000000000e+03,2.039000000000000000e+03,2.039000000000000000e+03,2.039000000000000000e+03,2.039000000000000000e+03,2.039000000000000000e+03,2.039000000000000000e+03,2.039000000000000000e+03,2.039000000000000000e+03,2.039000000000000000e+03,2.039000000000000000e+03,2.039000000000000000e+03,2.039000000000000000e+03,2.039000000000000000e+03,2.039000000000000000e+03,2.039000000000000000e+03,2.039000000000000000e+03,2.039000000000000000e+03,2.039000000000000000e+03,2.039000000000000000e+03,2.039000000000000000e+03,2.039000000000000000e+03,2.039000000000000000e+03,2.039000000000000000e+03,2.039000000000000000e+03,2.039000000000000000e+03,2.039000000000000000e+03,2.039000000000000000e+03,2.039000000000000000e+03,2.039000000000000000e+03,2.039000000000000000e+03,2.039000000000000000e+03,2.039000000000000000e+03,2.039000000000000000e+03,2.039000000000000000e+03,2.039000000000000000e+03,2.040000000000000000e+03,2.040000000000000000e+03,2.040000000000000000e+03,2.040000000000000000e+03,2.040000000000000000e+03,2.040000000000000000e+03,2.040000000000000000e+03,2.040000000000000000e+03,2.040000000000000000e+03,2.040000000000000000e+03,2.040000000000000000e+03,2.040000000000000000e+03,2.040000000000000000e+03,2.040000000000000000e+03,2.040000000000000000e+03,2.040000000000000000e+03,2.040000000000000000e+03,2.040000000000000000e+03,2.040000000000000000e+03,2.040000000000000000e+03,2.040000000000000000e+03,2.040000000000000000e+03,2.040000000000000000e+03,2.040000000000000000e+03,2.040000000000000000e+03,2.040000000000000000e+03,2.040000000000000000e+03,2.040000000000000000e+03,2.040000000000000000e+03,2.040000000000000000e+03,2.040000000000000000e+03,2.040000000000000000e+03,2.040000000000000000e+03,2.040000000000000000e+03,2.040000000000000000e+03,2.040000000000000000e+03,2.040000000000000000e+03,2.040000000000000000e+03,2.040000000000000000e+03,2.040000000000000000e+03,2.040000000000000000e+03,2.040000000000000000e+03,2.040000000000000000e+03,2.040000000000000000e+03,2.040000000000000000e+03,2.040000000000000000e+03,2.040000000000000000e+03,2.040000000000000000e+03,2.040000000000000000e+03,2.040000000000000000e+03,2.040000000000000000e+03,2.040000000000000000e+03,2.040000000000000000e+03,2.040000000000000000e+03,2.040000000000000000e+03,2.040000000000000000e+03,2.040000000000000000e+03,2.040000000000000000e+03,2.040000000000000000e+03,2.040000000000000000e+03,2.040000000000000000e+03,2.040000000000000000e+03,2.040000000000000000e+03,2.040000000000000000e+03,2.040000000000000000e+03,2.040000000000000000e+03,2.040000000000000000e+03,2.040000000000000000e+03,2.040000000000000000e+03,2.040000000000000000e+03,2.040000000000000000e+03,2.040000000000000000e+03,2.040000000000000000e+03,2.040000000000000000e+03,2.040000000000000000e+03,2.040000000000000000e+03,2.040000000000000000e+03,2.040000000000000000e+03,2.040000000000000000e+03,2.040000000000000000e+03,2.040000000000000000e+03,2.040000000000000000e+03,2.040000000000000000e+03,2.040000000000000000e+03,2.040000000000000000e+03,2.040000000000000000e+03,2.040000000000000000e+03,2.040000000000000000e+03,2.040000000000000000e+03,2.040000000000000000e+03,2.040000000000000000e+03,2.040000000000000000e+03,2.040000000000000000e+03,2.040000000000000000e+03,2.040000000000000000e+03,2.040000000000000000e+03,2.040000000000000000e+03,2.040000000000000000e+03,2.040000000000000000e+03,2.040000000000000000e+03,2.040000000000000000e+03,2.040000000000000000e+03,2.040000000000000000e+03,2.040000000000000000e+03,2.040000000000000000e+03,2.040000000000000000e+03,2.040000000000000000e+03,2.040000000000000000e+03,2.040000000000000000e+03,2.040000000000000000e+03,2.040000000000000000e+03,2.040000000000000000e+03,2.040000000000000000e+03,2.040000000000000000e+03,2.040000000000000000e+03,2.040000000000000000e+03,2.040000000000000000e+03,2.040000000000000000e+03,2.040000000000000000e+03,2.040000000000000000e+03,2.040000000000000000e+03,2.040000000000000000e+03,2.040000000000000000e+03,2.040000000000000000e+03,2.040000000000000000e+03,2.040000000000000000e+03,2.040000000000000000e+03,2.040000000000000000e+03,2.040000000000000000e+03,2.040000000000000000e+03,2.040000000000000000e+03,2.040000000000000000e+03,2.040000000000000000e+03,2.040000000000000000e+03,2.040000000000000000e+03,2.040000000000000000e+03,2.040000000000000000e+03,2.040000000000000000e+03,2.040000000000000000e+03,2.040000000000000000e+03,2.040000000000000000e+03,2.040000000000000000e+03,2.040000000000000000e+03,2.040000000000000000e+03,2.040000000000000000e+03,2.040000000000000000e+03,2.040000000000000000e+03,2.040000000000000000e+03,2.041000000000000000e+03,2.041000000000000000e+03,2.041000000000000000e+03,2.041000000000000000e+03,2.041000000000000000e+03,2.041000000000000000e+03,2.041000000000000000e+03,2.041000000000000000e+03,2.041000000000000000e+03,2.041000000000000000e+03,2.041000000000000000e+03,2.041000000000000000e+03,2.041000000000000000e+03,2.041000000000000000e+03,2.041000000000000000e+03,2.041000000000000000e+03,2.041000000000000000e+03,2.041000000000000000e+03,2.041000000000000000e+03,2.041000000000000000e+03,2.041000000000000000e+03,2.041000000000000000e+03,2.041000000000000000e+03,2.041000000000000000e+03,2.041000000000000000e+03,2.041000000000000000e+03,2.041000000000000000e+03,2.041000000000000000e+03,2.041000000000000000e+03,2.041000000000000000e+03,2.041000000000000000e+03,2.041000000000000000e+03,2.041000000000000000e+03,2.041000000000000000e+03,2.041000000000000000e+03,2.041000000000000000e+03,2.041000000000000000e+03,2.041000000000000000e+03,2.041000000000000000e+03,2.041000000000000000e+03,2.041000000000000000e+03,2.041000000000000000e+03,2.041000000000000000e+03,2.041000000000000000e+03,2.041000000000000000e+03,2.041000000000000000e+03,2.041000000000000000e+03,2.041000000000000000e+03,2.041000000000000000e+03,2.041000000000000000e+03,2.041000000000000000e+03,2.041000000000000000e+03,2.041000000000000000e+03,2.041000000000000000e+03,2.041000000000000000e+03,2.041000000000000000e+03,2.041000000000000000e+03,2.041000000000000000e+03,2.041000000000000000e+03,2.041000000000000000e+03,2.041000000000000000e+03,2.041000000000000000e+03,2.041000000000000000e+03,2.041000000000000000e+03,2.041000000000000000e+03,2.041000000000000000e+03,2.041000000000000000e+03,2.041000000000000000e+03,2.041000000000000000e+03,2.041000000000000000e+03,2.041000000000000000e+03,2.041000000000000000e+03,2.041000000000000000e+03,2.041000000000000000e+03,2.041000000000000000e+03,2.041000000000000000e+03,2.041000000000000000e+03,2.041000000000000000e+03,2.041000000000000000e+03,2.041000000000000000e+03,2.041000000000000000e+03,2.041000000000000000e+03,2.041000000000000000e+03,2.041000000000000000e+03,2.041000000000000000e+03,2.041000000000000000e+03,2.041000000000000000e+03,2.041000000000000000e+03,2.041000000000000000e+03,2.041000000000000000e+03,2.041000000000000000e+03,2.041000000000000000e+03,2.041000000000000000e+03,2.041000000000000000e+03,2.041000000000000000e+03,2.041000000000000000e+03,2.041000000000000000e+03,2.041000000000000000e+03,2.041000000000000000e+03,2.041000000000000000e+03,2.041000000000000000e+03,2.041000000000000000e+03,2.041000000000000000e+03,2.041000000000000000e+03,2.041000000000000000e+03,2.041000000000000000e+03,2.041000000000000000e+03,2.041000000000000000e+03,2.041000000000000000e+03,2.041000000000000000e+03,2.041000000000000000e+03,2.041000000000000000e+03,2.041000000000000000e+03,2.041000000000000000e+03,2.041000000000000000e+03,2.041000000000000000e+03,2.041000000000000000e+03,2.041000000000000000e+03,2.041000000000000000e+03,2.041000000000000000e+03,2.041000000000000000e+03,2.041000000000000000e+03,2.041000000000000000e+03,2.041000000000000000e+03,2.041000000000000000e+03,2.041000000000000000e+03,2.041000000000000000e+03,2.041000000000000000e+03,2.041000000000000000e+03,2.041000000000000000e+03,2.041000000000000000e+03,2.041000000000000000e+03,2.041000000000000000e+03,2.041000000000000000e+03,2.041000000000000000e+03,2.041000000000000000e+03,2.041000000000000000e+03,2.041000000000000000e+03,2.041000000000000000e+03,2.041000000000000000e+03,2.041000000000000000e+03,2.041000000000000000e+03,2.041000000000000000e+03,2.041000000000000000e+03,2.041000000000000000e+03,2.041000000000000000e+03,2.041000000000000000e+03,2.041000000000000000e+03,2.042000000000000000e+03,2.042000000000000000e+03,2.042000000000000000e+03,2.042000000000000000e+03,2.042000000000000000e+03,2.042000000000000000e+03,2.042000000000000000e+03,2.042000000000000000e+03,2.042000000000000000e+03,2.042000000000000000e+03,2.042000000000000000e+03,2.042000000000000000e+03,2.042000000000000000e+03,2.042000000000000000e+03,2.042000000000000000e+03,2.042000000000000000e+03,2.042000000000000000e+03,2.042000000000000000e+03,2.042000000000000000e+03,2.042000000000000000e+03,2.042000000000000000e+03,2.042000000000000000e+03,2.042000000000000000e+03,2.042000000000000000e+03,2.042000000000000000e+03,2.042000000000000000e+03,2.042000000000000000e+03,2.042000000000000000e+03,2.042000000000000000e+03,2.042000000000000000e+03,2.042000000000000000e+03,2.042000000000000000e+03,2.042000000000000000e+03,2.042000000000000000e+03,2.042000000000000000e+03,2.042000000000000000e+03,2.042000000000000000e+03,2.042000000000000000e+03,2.042000000000000000e+03,2.042000000000000000e+03,2.042000000000000000e+03,2.042000000000000000e+03,2.042000000000000000e+03,2.042000000000000000e+03,2.042000000000000000e+03,2.042000000000000000e+03,2.042000000000000000e+03,2.042000000000000000e+03,2.042000000000000000e+03,2.042000000000000000e+03,2.042000000000000000e+03,2.042000000000000000e+03,2.042000000000000000e+03,2.042000000000000000e+03,2.042000000000000000e+03,2.042000000000000000e+03,2.042000000000000000e+03,2.042000000000000000e+03,2.042000000000000000e+03,2.042000000000000000e+03,2.042000000000000000e+03,2.042000000000000000e+03,2.042000000000000000e+03,2.042000000000000000e+03,2.042000000000000000e+03,2.042000000000000000e+03,2.042000000000000000e+03,2.042000000000000000e+03,2.042000000000000000e+03,2.042000000000000000e+03,2.042000000000000000e+03,2.042000000000000000e+03,2.042000000000000000e+03,2.042000000000000000e+03,2.042000000000000000e+03,2.042000000000000000e+03,2.042000000000000000e+03,2.042000000000000000e+03,2.042000000000000000e+03,2.042000000000000000e+03,2.042000000000000000e+03,2.042000000000000000e+03,2.042000000000000000e+03,2.042000000000000000e+03,2.042000000000000000e+03,2.042000000000000000e+03,2.042000000000000000e+03,2.042000000000000000e+03,2.042000000000000000e+03,2.042000000000000000e+03,2.042000000000000000e+03,2.042000000000000000e+03,2.042000000000000000e+03,2.042000000000000000e+03,2.042000000000000000e+03,2.042000000000000000e+03,2.042000000000000000e+03,2.042000000000000000e+03,2.042000000000000000e+03,2.042000000000000000e+03,2.042000000000000000e+03,2.042000000000000000e+03,2.042000000000000000e+03,2.042000000000000000e+03,2.042000000000000000e+03,2.042000000000000000e+03,2.042000000000000000e+03,2.042000000000000000e+03,2.042000000000000000e+03,2.042000000000000000e+03,2.042000000000000000e+03,2.042000000000000000e+03,2.042000000000000000e+03,2.042000000000000000e+03,2.042000000000000000e+03,2.042000000000000000e+03,2.042000000000000000e+03,2.042000000000000000e+03,2.042000000000000000e+03,2.042000000000000000e+03,2.042000000000000000e+03,2.042000000000000000e+03,2.042000000000000000e+03,2.042000000000000000e+03,2.042000000000000000e+03,2.042000000000000000e+03,2.042000000000000000e+03,2.042000000000000000e+03,2.042000000000000000e+03,2.042000000000000000e+03,2.042000000000000000e+03,2.042000000000000000e+03,2.042000000000000000e+03,2.042000000000000000e+03,2.042000000000000000e+03,2.042000000000000000e+03,2.042000000000000000e+03,2.042000000000000000e+03,2.042000000000000000e+03,2.042000000000000000e+03,2.042000000000000000e+03,2.042000000000000000e+03,2.042000000000000000e+03,2.042000000000000000e+03,2.042000000000000000e+03,2.042000000000000000e+03,2.042000000000000000e+03,2.042000000000000000e+03,2.043000000000000000e+03,2.043000000000000000e+03,2.043000000000000000e+03,2.043000000000000000e+03,2.043000000000000000e+03,2.043000000000000000e+03,2.043000000000000000e+03,2.043000000000000000e+03,2.043000000000000000e+03,2.043000000000000000e+03,2.043000000000000000e+03,2.043000000000000000e+03,2.043000000000000000e+03,2.043000000000000000e+03,2.043000000000000000e+03,2.043000000000000000e+03,2.043000000000000000e+03,2.043000000000000000e+03,2.043000000000000000e+03,2.043000000000000000e+03,2.043000000000000000e+03,2.043000000000000000e+03,2.043000000000000000e+03,2.043000000000000000e+03,2.043000000000000000e+03,2.043000000000000000e+03,2.043000000000000000e+03,2.043000000000000000e+03,2.043000000000000000e+03,2.043000000000000000e+03,2.043000000000000000e+03,2.043000000000000000e+03,2.043000000000000000e+03,2.043000000000000000e+03,2.043000000000000000e+03,2.043000000000000000e+03,2.043000000000000000e+03,2.043000000000000000e+03,2.043000000000000000e+03,2.043000000000000000e+03,2.043000000000000000e+03,2.043000000000000000e+03,2.043000000000000000e+03,2.043000000000000000e+03,2.043000000000000000e+03,2.043000000000000000e+03,2.043000000000000000e+03,2.043000000000000000e+03,2.043000000000000000e+03,2.043000000000000000e+03,2.043000000000000000e+03,2.043000000000000000e+03,2.043000000000000000e+03,2.043000000000000000e+03,2.043000000000000000e+03,2.043000000000000000e+03,2.043000000000000000e+03,2.043000000000000000e+03,2.043000000000000000e+03,2.043000000000000000e+03,2.043000000000000000e+03,2.043000000000000000e+03,2.043000000000000000e+03,2.043000000000000000e+03,2.043000000000000000e+03,2.043000000000000000e+03,2.043000000000000000e+03,2.043000000000000000e+03,2.043000000000000000e+03,2.043000000000000000e+03,2.043000000000000000e+03,2.043000000000000000e+03,2.043000000000000000e+03,2.043000000000000000e+03,2.043000000000000000e+03,2.043000000000000000e+03,2.043000000000000000e+03,2.043000000000000000e+03,2.043000000000000000e+03,2.043000000000000000e+03,2.043000000000000000e+03,2.043000000000000000e+03,2.043000000000000000e+03,2.043000000000000000e+03,2.043000000000000000e+03,2.043000000000000000e+03,2.043000000000000000e+03,2.043000000000000000e+03,2.043000000000000000e+03,2.043000000000000000e+03,2.043000000000000000e+03,2.043000000000000000e+03,2.043000000000000000e+03,2.043000000000000000e+03,2.043000000000000000e+03,2.043000000000000000e+03,2.043000000000000000e+03,2.043000000000000000e+03,2.043000000000000000e+03,2.043000000000000000e+03,2.043000000000000000e+03,2.043000000000000000e+03,2.043000000000000000e+03,2.043000000000000000e+03,2.043000000000000000e+03,2.043000000000000000e+03,2.043000000000000000e+03,2.043000000000000000e+03,2.043000000000000000e+03,2.043000000000000000e+03,2.043000000000000000e+03,2.043000000000000000e+03,2.043000000000000000e+03,2.043000000000000000e+03,2.043000000000000000e+03,2.043000000000000000e+03,2.043000000000000000e+03,2.043000000000000000e+03,2.043000000000000000e+03,2.043000000000000000e+03,2.043000000000000000e+03,2.043000000000000000e+03,2.043000000000000000e+03,2.043000000000000000e+03,2.043000000000000000e+03,2.043000000000000000e+03,2.043000000000000000e+03,2.043000000000000000e+03,2.043000000000000000e+03,2.043000000000000000e+03,2.043000000000000000e+03,2.043000000000000000e+03,2.043000000000000000e+03,2.043000000000000000e+03,2.043000000000000000e+03,2.043000000000000000e+03,2.043000000000000000e+03,2.043000000000000000e+03,2.043000000000000000e+03,2.043000000000000000e+03,2.043000000000000000e+03,2.043000000000000000e+03,2.043000000000000000e+03,2.043000000000000000e+03,2.043000000000000000e+03,2.043000000000000000e+03,2.043000000000000000e+03,2.044000000000000000e+03,2.044000000000000000e+03,2.044000000000000000e+03,2.044000000000000000e+03,2.044000000000000000e+03,2.044000000000000000e+03,2.044000000000000000e+03,2.044000000000000000e+03,2.044000000000000000e+03,2.044000000000000000e+03,2.044000000000000000e+03,2.044000000000000000e+03,2.044000000000000000e+03,2.044000000000000000e+03,2.044000000000000000e+03,2.044000000000000000e+03,2.044000000000000000e+03,2.044000000000000000e+03,2.044000000000000000e+03,2.044000000000000000e+03,2.044000000000000000e+03,2.044000000000000000e+03,2.044000000000000000e+03,2.044000000000000000e+03,2.044000000000000000e+03,2.044000000000000000e+03,2.044000000000000000e+03,2.044000000000000000e+03,2.044000000000000000e+03,2.044000000000000000e+03,2.044000000000000000e+03,2.044000000000000000e+03,2.044000000000000000e+03,2.044000000000000000e+03,2.044000000000000000e+03,2.044000000000000000e+03,2.044000000000000000e+03,2.044000000000000000e+03,2.044000000000000000e+03,2.044000000000000000e+03,2.044000000000000000e+03,2.044000000000000000e+03,2.044000000000000000e+03,2.044000000000000000e+03,2.044000000000000000e+03,2.044000000000000000e+03,2.044000000000000000e+03,2.044000000000000000e+03,2.044000000000000000e+03,2.044000000000000000e+03,2.044000000000000000e+03,2.044000000000000000e+03,2.044000000000000000e+03,2.044000000000000000e+03,2.044000000000000000e+03,2.044000000000000000e+03,2.044000000000000000e+03,2.044000000000000000e+03,2.044000000000000000e+03,2.044000000000000000e+03,2.044000000000000000e+03,2.044000000000000000e+03,2.044000000000000000e+03,2.044000000000000000e+03,2.044000000000000000e+03,2.044000000000000000e+03,2.044000000000000000e+03,2.044000000000000000e+03,2.044000000000000000e+03,2.044000000000000000e+03,2.044000000000000000e+03,2.044000000000000000e+03,2.044000000000000000e+03,2.044000000000000000e+03,2.044000000000000000e+03,2.044000000000000000e+03,2.044000000000000000e+03,2.044000000000000000e+03,2.044000000000000000e+03,2.044000000000000000e+03,2.044000000000000000e+03,2.044000000000000000e+03,2.044000000000000000e+03,2.044000000000000000e+03,2.044000000000000000e+03,2.044000000000000000e+03,2.044000000000000000e+03,2.044000000000000000e+03,2.044000000000000000e+03,2.044000000000000000e+03,2.044000000000000000e+03,2.044000000000000000e+03,2.044000000000000000e+03,2.044000000000000000e+03,2.044000000000000000e+03,2.044000000000000000e+03,2.044000000000000000e+03,2.044000000000000000e+03,2.044000000000000000e+03,2.044000000000000000e+03,2.044000000000000000e+03,2.044000000000000000e+03,2.044000000000000000e+03,2.044000000000000000e+03,2.044000000000000000e+03,2.044000000000000000e+03,2.044000000000000000e+03,2.044000000000000000e+03,2.044000000000000000e+03,2.044000000000000000e+03,2.044000000000000000e+03,2.044000000000000000e+03,2.044000000000000000e+03,2.044000000000000000e+03,2.044000000000000000e+03,2.044000000000000000e+03,2.044000000000000000e+03,2.044000000000000000e+03,2.044000000000000000e+03,2.044000000000000000e+03,2.044000000000000000e+03,2.044000000000000000e+03,2.044000000000000000e+03,2.044000000000000000e+03,2.044000000000000000e+03,2.044000000000000000e+03,2.044000000000000000e+03,2.044000000000000000e+03,2.044000000000000000e+03,2.044000000000000000e+03,2.044000000000000000e+03,2.044000000000000000e+03,2.044000000000000000e+03,2.044000000000000000e+03,2.044000000000000000e+03,2.044000000000000000e+03,2.044000000000000000e+03,2.044000000000000000e+03,2.044000000000000000e+03,2.044000000000000000e+03,2.044000000000000000e+03,2.044000000000000000e+03,2.044000000000000000e+03,2.044000000000000000e+03,2.044000000000000000e+03,2.044000000000000000e+03,2.044000000000000000e+03,2.045000000000000000e+03,2.045000000000000000e+03,2.045000000000000000e+03,2.045000000000000000e+03,2.045000000000000000e+03,2.045000000000000000e+03,2.045000000000000000e+03,2.045000000000000000e+03,2.045000000000000000e+03,2.045000000000000000e+03,2.045000000000000000e+03,2.045000000000000000e+03,2.045000000000000000e+03,2.045000000000000000e+03,2.045000000000000000e+03,2.045000000000000000e+03,2.045000000000000000e+03,2.045000000000000000e+03,2.045000000000000000e+03,2.045000000000000000e+03,2.045000000000000000e+03,2.045000000000000000e+03,2.045000000000000000e+03,2.045000000000000000e+03,2.045000000000000000e+03,2.045000000000000000e+03,2.045000000000000000e+03,2.045000000000000000e+03,2.045000000000000000e+03,2.045000000000000000e+03,2.045000000000000000e+03,2.045000000000000000e+03,2.045000000000000000e+03,2.045000000000000000e+03,2.045000000000000000e+03,2.045000000000000000e+03,2.045000000000000000e+03,2.045000000000000000e+03,2.045000000000000000e+03,2.045000000000000000e+03,2.045000000000000000e+03,2.045000000000000000e+03,2.045000000000000000e+03,2.045000000000000000e+03,2.045000000000000000e+03,2.045000000000000000e+03,2.045000000000000000e+03,2.045000000000000000e+03,2.045000000000000000e+03,2.045000000000000000e+03,2.045000000000000000e+03,2.045000000000000000e+03,2.045000000000000000e+03,2.045000000000000000e+03,2.045000000000000000e+03,2.045000000000000000e+03,2.045000000000000000e+03,2.045000000000000000e+03,2.045000000000000000e+03,2.045000000000000000e+03,2.045000000000000000e+03,2.045000000000000000e+03,2.045000000000000000e+03,2.045000000000000000e+03,2.045000000000000000e+03,2.045000000000000000e+03,2.045000000000000000e+03,2.045000000000000000e+03,2.045000000000000000e+03,2.045000000000000000e+03,2.045000000000000000e+03,2.045000000000000000e+03,2.045000000000000000e+03,2.045000000000000000e+03,2.045000000000000000e+03,2.045000000000000000e+03,2.045000000000000000e+03,2.045000000000000000e+03,2.045000000000000000e+03,2.045000000000000000e+03,2.045000000000000000e+03,2.045000000000000000e+03,2.045000000000000000e+03,2.045000000000000000e+03,2.045000000000000000e+03,2.045000000000000000e+03,2.045000000000000000e+03,2.045000000000000000e+03,2.045000000000000000e+03,2.045000000000000000e+03,2.045000000000000000e+03,2.045000000000000000e+03,2.045000000000000000e+03,2.045000000000000000e+03,2.045000000000000000e+03,2.045000000000000000e+03,2.045000000000000000e+03,2.045000000000000000e+03,2.045000000000000000e+03,2.045000000000000000e+03,2.045000000000000000e+03,2.045000000000000000e+03,2.045000000000000000e+03,2.045000000000000000e+03,2.045000000000000000e+03,2.045000000000000000e+03,2.045000000000000000e+03,2.045000000000000000e+03,2.045000000000000000e+03,2.045000000000000000e+03,2.045000000000000000e+03,2.045000000000000000e+03,2.045000000000000000e+03,2.045000000000000000e+03,2.045000000000000000e+03,2.045000000000000000e+03,2.045000000000000000e+03,2.045000000000000000e+03,2.045000000000000000e+03,2.045000000000000000e+03,2.045000000000000000e+03,2.045000000000000000e+03,2.045000000000000000e+03,2.045000000000000000e+03,2.045000000000000000e+03,2.045000000000000000e+03,2.045000000000000000e+03,2.045000000000000000e+03,2.045000000000000000e+03,2.045000000000000000e+03,2.045000000000000000e+03,2.045000000000000000e+03,2.045000000000000000e+03,2.045000000000000000e+03,2.045000000000000000e+03,2.045000000000000000e+03,2.045000000000000000e+03,2.045000000000000000e+03,2.045000000000000000e+03,2.045000000000000000e+03,2.045000000000000000e+03,2.045000000000000000e+03,2.045000000000000000e+03,2.045000000000000000e+03,2.045000000000000000e+03,2.045000000000000000e+03,2.045000000000000000e+03,2.046000000000000000e+03,2.046000000000000000e+03,2.046000000000000000e+03,2.046000000000000000e+03,2.046000000000000000e+03,2.046000000000000000e+03,2.046000000000000000e+03,2.046000000000000000e+03,2.046000000000000000e+03,2.046000000000000000e+03,2.046000000000000000e+03,2.046000000000000000e+03,2.046000000000000000e+03,2.046000000000000000e+03,2.046000000000000000e+03,2.046000000000000000e+03,2.046000000000000000e+03,2.046000000000000000e+03,2.046000000000000000e+03,2.046000000000000000e+03,2.046000000000000000e+03,2.046000000000000000e+03,2.046000000000000000e+03,2.046000000000000000e+03,2.046000000000000000e+03,2.046000000000000000e+03,2.046000000000000000e+03,2.046000000000000000e+03,2.046000000000000000e+03,2.046000000000000000e+03,2.046000000000000000e+03,2.046000000000000000e+03,2.046000000000000000e+03,2.046000000000000000e+03,2.046000000000000000e+03,2.046000000000000000e+03,2.046000000000000000e+03,2.046000000000000000e+03,2.046000000000000000e+03,2.046000000000000000e+03,2.046000000000000000e+03,2.046000000000000000e+03,2.046000000000000000e+03,2.046000000000000000e+03,2.046000000000000000e+03,2.046000000000000000e+03,2.046000000000000000e+03,2.046000000000000000e+03,2.046000000000000000e+03,2.046000000000000000e+03,2.046000000000000000e+03,2.046000000000000000e+03,2.046000000000000000e+03,2.046000000000000000e+03,2.046000000000000000e+03,2.046000000000000000e+03,2.046000000000000000e+03,2.046000000000000000e+03,2.046000000000000000e+03,2.046000000000000000e+03,2.046000000000000000e+03,2.046000000000000000e+03,2.046000000000000000e+03,2.046000000000000000e+03,2.046000000000000000e+03,2.046000000000000000e+03,2.046000000000000000e+03,2.046000000000000000e+03,2.046000000000000000e+03,2.046000000000000000e+03,2.046000000000000000e+03,2.046000000000000000e+03,2.046000000000000000e+03,2.046000000000000000e+03,2.046000000000000000e+03,2.046000000000000000e+03,2.046000000000000000e+03,2.046000000000000000e+03,2.046000000000000000e+03,2.046000000000000000e+03,2.046000000000000000e+03,2.046000000000000000e+03,2.046000000000000000e+03,2.046000000000000000e+03,2.046000000000000000e+03,2.046000000000000000e+03,2.046000000000000000e+03,2.046000000000000000e+03,2.046000000000000000e+03,2.046000000000000000e+03,2.046000000000000000e+03,2.046000000000000000e+03,2.046000000000000000e+03,2.046000000000000000e+03,2.046000000000000000e+03,2.046000000000000000e+03,2.046000000000000000e+03,2.046000000000000000e+03,2.046000000000000000e+03,2.046000000000000000e+03,2.046000000000000000e+03,2.046000000000000000e+03,2.046000000000000000e+03,2.046000000000000000e+03,2.046000000000000000e+03,2.046000000000000000e+03,2.046000000000000000e+03,2.046000000000000000e+03,2.046000000000000000e+03,2.046000000000000000e+03,2.046000000000000000e+03,2.046000000000000000e+03,2.046000000000000000e+03,2.046000000000000000e+03,2.046000000000000000e+03,2.046000000000000000e+03,2.046000000000000000e+03,2.046000000000000000e+03,2.046000000000000000e+03,2.046000000000000000e+03,2.046000000000000000e+03,2.046000000000000000e+03,2.046000000000000000e+03,2.046000000000000000e+03,2.046000000000000000e+03,2.046000000000000000e+03,2.046000000000000000e+03,2.046000000000000000e+03,2.046000000000000000e+03,2.046000000000000000e+03,2.046000000000000000e+03,2.046000000000000000e+03,2.046000000000000000e+03,2.046000000000000000e+03,2.046000000000000000e+03,2.046000000000000000e+03,2.046000000000000000e+03,2.046000000000000000e+03,2.046000000000000000e+03,2.046000000000000000e+03,2.046000000000000000e+03,2.046000000000000000e+03,2.046000000000000000e+03,2.046000000000000000e+03,2.046000000000000000e+03,2.046000000000000000e+03,2.047000000000000000e+03,2.047000000000000000e+03,2.047000000000000000e+03,2.047000000000000000e+03,2.047000000000000000e+03,2.047000000000000000e+03,2.047000000000000000e+03,2.047000000000000000e+03,2.047000000000000000e+03,2.047000000000000000e+03,2.047000000000000000e+03,2.047000000000000000e+03,2.047000000000000000e+03,2.047000000000000000e+03,2.047000000000000000e+03,2.047000000000000000e+03,2.047000000000000000e+03,2.047000000000000000e+03,2.047000000000000000e+03,2.047000000000000000e+03,2.047000000000000000e+03,2.047000000000000000e+03,2.047000000000000000e+03,2.047000000000000000e+03,2.047000000000000000e+03,2.047000000000000000e+03,2.047000000000000000e+03,2.047000000000000000e+03,2.047000000000000000e+03,2.047000000000000000e+03,2.047000000000000000e+03,2.047000000000000000e+03,2.047000000000000000e+03,2.047000000000000000e+03,2.047000000000000000e+03,2.047000000000000000e+03,2.047000000000000000e+03,2.047000000000000000e+03,2.047000000000000000e+03,2.047000000000000000e+03,2.047000000000000000e+03,2.047000000000000000e+03,2.047000000000000000e+03,2.047000000000000000e+03,2.047000000000000000e+03,2.047000000000000000e+03,2.047000000000000000e+03,2.047000000000000000e+03,2.047000000000000000e+03,2.047000000000000000e+03,2.047000000000000000e+03,2.047000000000000000e+03,2.047000000000000000e+03,2.047000000000000000e+03,2.047000000000000000e+03,2.047000000000000000e+03,2.047000000000000000e+03,2.047000000000000000e+03,2.047000000000000000e+03,2.047000000000000000e+03,2.047000000000000000e+03,2.047000000000000000e+03,2.047000000000000000e+03,2.047000000000000000e+03,2.047000000000000000e+03,2.047000000000000000e+03,2.047000000000000000e+03,2.047000000000000000e+03,2.047000000000000000e+03,2.047000000000000000e+03,2.047000000000000000e+03,2.047000000000000000e+03,2.047000000000000000e+03,2.047000000000000000e+03,2.047000000000000000e+03,2.047000000000000000e+03,2.047000000000000000e+03,2.047000000000000000e+03,2.047000000000000000e+03,2.047000000000000000e+03,2.047000000000000000e+03,2.047000000000000000e+03,2.047000000000000000e+03,2.047000000000000000e+03,2.047000000000000000e+03,2.047000000000000000e+03,2.047000000000000000e+03,2.047000000000000000e+03,2.047000000000000000e+03,2.047000000000000000e+03,2.047000000000000000e+03,2.047000000000000000e+03,2.047000000000000000e+03,2.047000000000000000e+03,2.047000000000000000e+03,2.047000000000000000e+03,2.047000000000000000e+03,2.047000000000000000e+03,2.047000000000000000e+03,2.047000000000000000e+03,2.047000000000000000e+03,2.047000000000000000e+03,2.047000000000000000e+03,2.047000000000000000e+03,2.047000000000000000e+03,2.047000000000000000e+03,2.047000000000000000e+03,2.047000000000000000e+03,2.047000000000000000e+03,2.047000000000000000e+03,2.047000000000000000e+03,2.047000000000000000e+03,2.047000000000000000e+03,2.047000000000000000e+03,2.047000000000000000e+03,2.047000000000000000e+03,2.047000000000000000e+03,2.047000000000000000e+03,2.047000000000000000e+03,2.047000000000000000e+03,2.047000000000000000e+03,2.047000000000000000e+03,2.047000000000000000e+03,2.047000000000000000e+03,2.047000000000000000e+03,2.047000000000000000e+03,2.047000000000000000e+03,2.047000000000000000e+03,2.047000000000000000e+03,2.047000000000000000e+03,2.047000000000000000e+03,2.047000000000000000e+03,2.047000000000000000e+03,2.047000000000000000e+03,2.047000000000000000e+03,2.047000000000000000e+03,2.047000000000000000e+03,2.047000000000000000e+03,2.047000000000000000e+03,2.047000000000000000e+03,2.047000000000000000e+03,2.047000000000000000e+03,2.047000000000000000e+03,2.047000000000000000e+03,2.047000000000000000e+03,2.047000000000000000e+03,2.048000000000000000e+03,2.048000000000000000e+03,2.048000000000000000e+03,2.048000000000000000e+03,2.048000000000000000e+03,2.048000000000000000e+03,2.048000000000000000e+03,2.048000000000000000e+03,2.048000000000000000e+03,2.048000000000000000e+03,2.048000000000000000e+03,2.048000000000000000e+03,2.048000000000000000e+03,2.048000000000000000e+03,2.048000000000000000e+03,2.048000000000000000e+03,2.048000000000000000e+03,2.048000000000000000e+03,2.048000000000000000e+03,2.048000000000000000e+03,2.048000000000000000e+03,2.048000000000000000e+03,2.048000000000000000e+03,2.048000000000000000e+03,2.048000000000000000e+03,2.048000000000000000e+03,2.048000000000000000e+03,2.048000000000000000e+03,2.048000000000000000e+03,2.048000000000000000e+03,2.048000000000000000e+03,2.048000000000000000e+03,2.048000000000000000e+03,2.048000000000000000e+03,2.048000000000000000e+03,2.048000000000000000e+03,2.048000000000000000e+03,2.048000000000000000e+03,2.048000000000000000e+03,2.048000000000000000e+03,2.048000000000000000e+03,2.048000000000000000e+03,2.048000000000000000e+03,2.048000000000000000e+03,2.048000000000000000e+03,2.048000000000000000e+03,2.048000000000000000e+03,2.048000000000000000e+03,2.048000000000000000e+03,2.048000000000000000e+03,2.048000000000000000e+03,2.048000000000000000e+03,2.048000000000000000e+03,2.048000000000000000e+03,2.048000000000000000e+03,2.048000000000000000e+03,2.048000000000000000e+03,2.048000000000000000e+03,2.048000000000000000e+03,2.048000000000000000e+03,2.048000000000000000e+03,2.048000000000000000e+03,2.048000000000000000e+03,2.048000000000000000e+03,2.048000000000000000e+03,2.048000000000000000e+03,2.048000000000000000e+03,2.048000000000000000e+03,2.048000000000000000e+03,2.048000000000000000e+03,2.048000000000000000e+03,2.048000000000000000e+03,2.048000000000000000e+03,2.048000000000000000e+03,2.048000000000000000e+03,2.048000000000000000e+03,2.048000000000000000e+03,2.048000000000000000e+03,2.048000000000000000e+03,2.048000000000000000e+03,2.048000000000000000e+03,2.048000000000000000e+03,2.048000000000000000e+03,2.048000000000000000e+03,2.048000000000000000e+03,2.048000000000000000e+03,2.048000000000000000e+03,2.048000000000000000e+03,2.048000000000000000e+03,2.048000000000000000e+03,2.048000000000000000e+03,2.048000000000000000e+03,2.048000000000000000e+03,2.048000000000000000e+03,2.048000000000000000e+03,2.048000000000000000e+03,2.048000000000000000e+03,2.048000000000000000e+03,2.048000000000000000e+03,2.048000000000000000e+03,2.048000000000000000e+03,2.048000000000000000e+03,2.048000000000000000e+03,2.048000000000000000e+03,2.048000000000000000e+03,2.048000000000000000e+03,2.048000000000000000e+03,2.048000000000000000e+03,2.048000000000000000e+03,2.048000000000000000e+03,2.048000000000000000e+03,2.048000000000000000e+03,2.048000000000000000e+03,2.048000000000000000e+03,2.048000000000000000e+03,2.048000000000000000e+03,2.048000000000000000e+03,2.048000000000000000e+03,2.048000000000000000e+03,2.048000000000000000e+03,2.048000000000000000e+03,2.048000000000000000e+03,2.048000000000000000e+03,2.048000000000000000e+03,2.048000000000000000e+03,2.048000000000000000e+03,2.048000000000000000e+03,2.048000000000000000e+03,2.048000000000000000e+03,2.048000000000000000e+03,2.048000000000000000e+03,2.048000000000000000e+03,2.048000000000000000e+03,2.048000000000000000e+03,2.048000000000000000e+03,2.048000000000000000e+03,2.048000000000000000e+03,2.048000000000000000e+03,2.048000000000000000e+03,2.048000000000000000e+03,2.048000000000000000e+03,2.048000000000000000e+03,2.048000000000000000e+03,2.048000000000000000e+03,2.048000000000000000e+03,2.048000000000000000e+03,2.049000000000000000e+03,2.049000000000000000e+03,2.049000000000000000e+03,2.049000000000000000e+03,2.049000000000000000e+03,2.049000000000000000e+03,2.049000000000000000e+03,2.049000000000000000e+03,2.049000000000000000e+03,2.049000000000000000e+03,2.049000000000000000e+03,2.049000000000000000e+03,2.049000000000000000e+03,2.049000000000000000e+03,2.049000000000000000e+03,2.049000000000000000e+03,2.049000000000000000e+03,2.049000000000000000e+03,2.049000000000000000e+03,2.049000000000000000e+03,2.049000000000000000e+03,2.049000000000000000e+03,2.049000000000000000e+03,2.049000000000000000e+03,2.049000000000000000e+03,2.049000000000000000e+03,2.049000000000000000e+03,2.049000000000000000e+03,2.049000000000000000e+03,2.049000000000000000e+03,2.049000000000000000e+03,2.049000000000000000e+03,2.049000000000000000e+03,2.049000000000000000e+03,2.049000000000000000e+03,2.049000000000000000e+03,2.049000000000000000e+03,2.049000000000000000e+03,2.049000000000000000e+03,2.049000000000000000e+03,2.049000000000000000e+03,2.049000000000000000e+03,2.049000000000000000e+03,2.049000000000000000e+03,2.049000000000000000e+03,2.049000000000000000e+03,2.049000000000000000e+03,2.049000000000000000e+03,2.049000000000000000e+03,2.049000000000000000e+03,2.049000000000000000e+03,2.049000000000000000e+03,2.049000000000000000e+03,2.049000000000000000e+03,2.049000000000000000e+03,2.049000000000000000e+03,2.049000000000000000e+03,2.049000000000000000e+03,2.049000000000000000e+03,2.049000000000000000e+03,2.049000000000000000e+03,2.049000000000000000e+03,2.049000000000000000e+03,2.049000000000000000e+03,2.049000000000000000e+03,2.049000000000000000e+03,2.049000000000000000e+03,2.049000000000000000e+03,2.049000000000000000e+03,2.049000000000000000e+03,2.049000000000000000e+03,2.049000000000000000e+03,2.049000000000000000e+03,2.049000000000000000e+03,2.049000000000000000e+03,2.049000000000000000e+03,2.049000000000000000e+03,2.049000000000000000e+03,2.049000000000000000e+03,2.049000000000000000e+03,2.049000000000000000e+03,2.049000000000000000e+03,2.049000000000000000e+03,2.049000000000000000e+03,2.049000000000000000e+03,2.049000000000000000e+03,2.049000000000000000e+03,2.049000000000000000e+03,2.049000000000000000e+03,2.049000000000000000e+03,2.049000000000000000e+03,2.049000000000000000e+03,2.049000000000000000e+03,2.049000000000000000e+03,2.049000000000000000e+03,2.049000000000000000e+03,2.049000000000000000e+03,2.049000000000000000e+03,2.049000000000000000e+03,2.049000000000000000e+03,2.049000000000000000e+03,2.049000000000000000e+03,2.049000000000000000e+03,2.049000000000000000e+03,2.049000000000000000e+03,2.049000000000000000e+03,2.049000000000000000e+03,2.049000000000000000e+03,2.049000000000000000e+03,2.049000000000000000e+03,2.049000000000000000e+03,2.049000000000000000e+03,2.049000000000000000e+03,2.049000000000000000e+03,2.049000000000000000e+03,2.049000000000000000e+03,2.049000000000000000e+03,2.049000000000000000e+03,2.049000000000000000e+03,2.049000000000000000e+03,2.049000000000000000e+03,2.049000000000000000e+03,2.049000000000000000e+03,2.049000000000000000e+03,2.049000000000000000e+03,2.049000000000000000e+03,2.049000000000000000e+03,2.049000000000000000e+03,2.049000000000000000e+03,2.049000000000000000e+03,2.049000000000000000e+03,2.049000000000000000e+03,2.049000000000000000e+03,2.049000000000000000e+03,2.049000000000000000e+03,2.049000000000000000e+03,2.049000000000000000e+03,2.049000000000000000e+03,2.049000000000000000e+03,2.049000000000000000e+03,2.049000000000000000e+03,2.049000000000000000e+03,2.049000000000000000e+03,2.049000000000000000e+03,2.049000000000000000e+03,2.049000000000000000e+03,2.050000000000000000e+03,2.050000000000000000e+03,2.050000000000000000e+03,2.050000000000000000e+03,2.050000000000000000e+03,2.050000000000000000e+03,2.050000000000000000e+03,2.050000000000000000e+03,2.050000000000000000e+03,2.050000000000000000e+03,2.050000000000000000e+03,2.050000000000000000e+03,2.050000000000000000e+03,2.050000000000000000e+03,2.050000000000000000e+03,2.050000000000000000e+03,2.050000000000000000e+03,2.050000000000000000e+03,2.050000000000000000e+03,2.050000000000000000e+03,2.050000000000000000e+03,2.050000000000000000e+03,2.050000000000000000e+03,2.050000000000000000e+03,2.050000000000000000e+03,2.050000000000000000e+03,2.050000000000000000e+03,2.050000000000000000e+03,2.050000000000000000e+03,2.050000000000000000e+03,2.050000000000000000e+03,2.050000000000000000e+03,2.050000000000000000e+03,2.050000000000000000e+03,2.050000000000000000e+03,2.050000000000000000e+03,2.050000000000000000e+03,2.050000000000000000e+03,2.050000000000000000e+03,2.050000000000000000e+03,2.050000000000000000e+03,2.050000000000000000e+03,2.050000000000000000e+03,2.050000000000000000e+03,2.050000000000000000e+03,2.050000000000000000e+03,2.050000000000000000e+03,2.050000000000000000e+03,2.050000000000000000e+03,2.050000000000000000e+03,2.050000000000000000e+03,2.050000000000000000e+03,2.050000000000000000e+03,2.050000000000000000e+03,2.050000000000000000e+03,2.050000000000000000e+03,2.050000000000000000e+03,2.050000000000000000e+03,2.050000000000000000e+03,2.050000000000000000e+03,2.050000000000000000e+03,2.050000000000000000e+03,2.050000000000000000e+03,2.050000000000000000e+03,2.050000000000000000e+03,2.050000000000000000e+03,2.050000000000000000e+03,2.050000000000000000e+03,2.050000000000000000e+03,2.050000000000000000e+03,2.050000000000000000e+03,2.050000000000000000e+03,2.050000000000000000e+03,2.050000000000000000e+03,2.050000000000000000e+03,2.050000000000000000e+03,2.050000000000000000e+03,2.050000000000000000e+03,2.050000000000000000e+03,2.050000000000000000e+03,2.050000000000000000e+03,2.050000000000000000e+03,2.050000000000000000e+03,2.050000000000000000e+03,2.050000000000000000e+03,2.050000000000000000e+03,2.050000000000000000e+03,2.050000000000000000e+03,2.050000000000000000e+03,2.050000000000000000e+03,2.050000000000000000e+03,2.050000000000000000e+03,2.050000000000000000e+03,2.050000000000000000e+03,2.050000000000000000e+03,2.050000000000000000e+03,2.050000000000000000e+03,2.050000000000000000e+03,2.050000000000000000e+03,2.050000000000000000e+03,2.050000000000000000e+03,2.050000000000000000e+03,2.050000000000000000e+03,2.050000000000000000e+03,2.050000000000000000e+03,2.050000000000000000e+03,2.050000000000000000e+03,2.050000000000000000e+03,2.050000000000000000e+03,2.050000000000000000e+03,2.050000000000000000e+03,2.050000000000000000e+03,2.050000000000000000e+03,2.050000000000000000e+03,2.050000000000000000e+03,2.050000000000000000e+03,2.050000000000000000e+03,2.050000000000000000e+03,2.050000000000000000e+03,2.050000000000000000e+03,2.050000000000000000e+03,2.050000000000000000e+03,2.050000000000000000e+03,2.050000000000000000e+03,2.050000000000000000e+03,2.050000000000000000e+03,2.050000000000000000e+03,2.050000000000000000e+03,2.050000000000000000e+03,2.050000000000000000e+03,2.050000000000000000e+03,2.050000000000000000e+03,2.050000000000000000e+03,2.050000000000000000e+03,2.050000000000000000e+03,2.050000000000000000e+03,2.050000000000000000e+03,2.050000000000000000e+03,2.050000000000000000e+03,2.050000000000000000e+03,2.050000000000000000e+03,2.050000000000000000e+03,2.050000000000000000e+03,2.050000000000000000e+03,2.050000000000000000e+03,2.050000000000000000e+03,2.051000000000000000e+03,2.051000000000000000e+03,2.051000000000000000e+03,2.051000000000000000e+03,2.051000000000000000e+03,2.051000000000000000e+03,2.051000000000000000e+03,2.051000000000000000e+03,2.051000000000000000e+03,2.051000000000000000e+03,2.051000000000000000e+03,2.051000000000000000e+03,2.051000000000000000e+03,2.051000000000000000e+03,2.051000000000000000e+03,2.051000000000000000e+03,2.051000000000000000e+03,2.051000000000000000e+03,2.051000000000000000e+03,2.051000000000000000e+03,2.051000000000000000e+03,2.051000000000000000e+03,2.051000000000000000e+03,2.051000000000000000e+03,2.051000000000000000e+03,2.051000000000000000e+03,2.051000000000000000e+03,2.051000000000000000e+03,2.051000000000000000e+03,2.051000000000000000e+03,2.051000000000000000e+03,2.051000000000000000e+03,2.051000000000000000e+03,2.051000000000000000e+03,2.051000000000000000e+03,2.051000000000000000e+03,2.051000000000000000e+03,2.051000000000000000e+03,2.051000000000000000e+03,2.051000000000000000e+03,2.051000000000000000e+03,2.051000000000000000e+03,2.051000000000000000e+03,2.051000000000000000e+03,2.051000000000000000e+03,2.051000000000000000e+03,2.051000000000000000e+03,2.051000000000000000e+03,2.051000000000000000e+03,2.051000000000000000e+03,2.051000000000000000e+03,2.051000000000000000e+03,2.051000000000000000e+03,2.051000000000000000e+03,2.051000000000000000e+03,2.051000000000000000e+03,2.051000000000000000e+03,2.051000000000000000e+03,2.051000000000000000e+03,2.051000000000000000e+03,2.051000000000000000e+03,2.051000000000000000e+03,2.051000000000000000e+03,2.051000000000000000e+03,2.051000000000000000e+03,2.051000000000000000e+03,2.051000000000000000e+03,2.051000000000000000e+03,2.051000000000000000e+03,2.051000000000000000e+03,2.051000000000000000e+03,2.051000000000000000e+03,2.051000000000000000e+03,2.051000000000000000e+03,2.051000000000000000e+03,2.051000000000000000e+03,2.051000000000000000e+03,2.051000000000000000e+03,2.051000000000000000e+03,2.051000000000000000e+03,2.051000000000000000e+03,2.051000000000000000e+03,2.051000000000000000e+03,2.051000000000000000e+03,2.051000000000000000e+03,2.051000000000000000e+03,2.051000000000000000e+03,2.051000000000000000e+03,2.051000000000000000e+03,2.051000000000000000e+03,2.051000000000000000e+03,2.051000000000000000e+03,2.051000000000000000e+03,2.051000000000000000e+03,2.051000000000000000e+03,2.051000000000000000e+03,2.051000000000000000e+03,2.051000000000000000e+03,2.051000000000000000e+03,2.051000000000000000e+03,2.051000000000000000e+03,2.051000000000000000e+03,2.051000000000000000e+03,2.051000000000000000e+03,2.051000000000000000e+03,2.051000000000000000e+03,2.051000000000000000e+03,2.051000000000000000e+03,2.051000000000000000e+03,2.051000000000000000e+03,2.051000000000000000e+03,2.051000000000000000e+03,2.051000000000000000e+03,2.051000000000000000e+03,2.051000000000000000e+03,2.051000000000000000e+03,2.051000000000000000e+03,2.051000000000000000e+03,2.051000000000000000e+03,2.051000000000000000e+03,2.051000000000000000e+03,2.051000000000000000e+03,2.051000000000000000e+03,2.051000000000000000e+03,2.051000000000000000e+03,2.051000000000000000e+03,2.051000000000000000e+03,2.051000000000000000e+03,2.051000000000000000e+03,2.051000000000000000e+03,2.051000000000000000e+03,2.051000000000000000e+03,2.051000000000000000e+03,2.051000000000000000e+03,2.051000000000000000e+03,2.051000000000000000e+03,2.051000000000000000e+03,2.051000000000000000e+03,2.051000000000000000e+03,2.051000000000000000e+03,2.051000000000000000e+03,2.051000000000000000e+03,2.051000000000000000e+03,2.051000000000000000e+03,2.051000000000000000e+03,2.052000000000000000e+03,2.052000000000000000e+03,2.052000000000000000e+03,2.052000000000000000e+03,2.052000000000000000e+03,2.052000000000000000e+03,2.052000000000000000e+03,2.052000000000000000e+03,2.052000000000000000e+03,2.052000000000000000e+03,2.052000000000000000e+03,2.052000000000000000e+03,2.052000000000000000e+03,2.052000000000000000e+03,2.052000000000000000e+03,2.052000000000000000e+03,2.052000000000000000e+03,2.052000000000000000e+03,2.052000000000000000e+03,2.052000000000000000e+03,2.052000000000000000e+03,2.052000000000000000e+03,2.052000000000000000e+03,2.052000000000000000e+03,2.052000000000000000e+03,2.052000000000000000e+03,2.052000000000000000e+03,2.052000000000000000e+03,2.052000000000000000e+03,2.052000000000000000e+03,2.052000000000000000e+03,2.052000000000000000e+03,2.052000000000000000e+03,2.052000000000000000e+03,2.052000000000000000e+03,2.052000000000000000e+03,2.052000000000000000e+03,2.052000000000000000e+03,2.052000000000000000e+03,2.052000000000000000e+03,2.052000000000000000e+03,2.052000000000000000e+03,2.052000000000000000e+03,2.052000000000000000e+03,2.052000000000000000e+03,2.052000000000000000e+03,2.052000000000000000e+03,2.052000000000000000e+03,2.052000000000000000e+03,2.052000000000000000e+03,2.052000000000000000e+03,2.052000000000000000e+03,2.052000000000000000e+03,2.052000000000000000e+03,2.052000000000000000e+03,2.052000000000000000e+03,2.052000000000000000e+03,2.052000000000000000e+03,2.052000000000000000e+03,2.052000000000000000e+03,2.052000000000000000e+03,2.052000000000000000e+03,2.052000000000000000e+03,2.052000000000000000e+03,2.052000000000000000e+03,2.052000000000000000e+03,2.052000000000000000e+03,2.052000000000000000e+03,2.052000000000000000e+03,2.052000000000000000e+03,2.052000000000000000e+03,2.052000000000000000e+03,2.052000000000000000e+03,2.052000000000000000e+03,2.052000000000000000e+03,2.052000000000000000e+03,2.052000000000000000e+03,2.052000000000000000e+03,2.052000000000000000e+03,2.052000000000000000e+03,2.052000000000000000e+03,2.052000000000000000e+03,2.052000000000000000e+03,2.052000000000000000e+03,2.052000000000000000e+03,2.052000000000000000e+03,2.052000000000000000e+03,2.052000000000000000e+03,2.052000000000000000e+03,2.052000000000000000e+03,2.052000000000000000e+03,2.052000000000000000e+03,2.052000000000000000e+03,2.052000000000000000e+03,2.052000000000000000e+03,2.052000000000000000e+03,2.052000000000000000e+03,2.052000000000000000e+03,2.052000000000000000e+03,2.052000000000000000e+03,2.052000000000000000e+03,2.052000000000000000e+03,2.052000000000000000e+03,2.052000000000000000e+03,2.052000000000000000e+03,2.052000000000000000e+03,2.052000000000000000e+03,2.052000000000000000e+03,2.052000000000000000e+03,2.052000000000000000e+03,2.052000000000000000e+03,2.052000000000000000e+03,2.052000000000000000e+03,2.052000000000000000e+03,2.052000000000000000e+03,2.052000000000000000e+03,2.052000000000000000e+03,2.052000000000000000e+03,2.052000000000000000e+03,2.052000000000000000e+03,2.052000000000000000e+03,2.052000000000000000e+03,2.052000000000000000e+03,2.052000000000000000e+03,2.052000000000000000e+03,2.052000000000000000e+03,2.052000000000000000e+03,2.052000000000000000e+03,2.052000000000000000e+03,2.052000000000000000e+03,2.052000000000000000e+03,2.052000000000000000e+03,2.052000000000000000e+03,2.052000000000000000e+03,2.052000000000000000e+03,2.052000000000000000e+03,2.052000000000000000e+03,2.052000000000000000e+03,2.052000000000000000e+03,2.052000000000000000e+03,2.052000000000000000e+03,2.052000000000000000e+03,2.052000000000000000e+03,2.052000000000000000e+03,2.052000000000000000e+03,2.053000000000000000e+03,2.053000000000000000e+03,2.053000000000000000e+03,2.053000000000000000e+03,2.053000000000000000e+03,2.053000000000000000e+03,2.053000000000000000e+03,2.053000000000000000e+03,2.053000000000000000e+03,2.053000000000000000e+03,2.053000000000000000e+03,2.053000000000000000e+03,2.053000000000000000e+03,2.053000000000000000e+03,2.053000000000000000e+03,2.053000000000000000e+03,2.053000000000000000e+03,2.053000000000000000e+03,2.053000000000000000e+03,2.053000000000000000e+03,2.053000000000000000e+03,2.053000000000000000e+03,2.053000000000000000e+03,2.053000000000000000e+03,2.053000000000000000e+03,2.053000000000000000e+03,2.053000000000000000e+03,2.053000000000000000e+03,2.053000000000000000e+03,2.053000000000000000e+03,2.053000000000000000e+03,2.053000000000000000e+03,2.053000000000000000e+03,2.053000000000000000e+03,2.053000000000000000e+03,2.053000000000000000e+03,2.053000000000000000e+03,2.053000000000000000e+03,2.053000000000000000e+03,2.053000000000000000e+03,2.053000000000000000e+03,2.053000000000000000e+03,2.053000000000000000e+03,2.053000000000000000e+03,2.053000000000000000e+03,2.053000000000000000e+03,2.053000000000000000e+03,2.053000000000000000e+03,2.053000000000000000e+03,2.053000000000000000e+03,2.053000000000000000e+03,2.053000000000000000e+03,2.053000000000000000e+03,2.053000000000000000e+03,2.053000000000000000e+03,2.053000000000000000e+03,2.053000000000000000e+03,2.053000000000000000e+03,2.053000000000000000e+03,2.053000000000000000e+03,2.053000000000000000e+03,2.053000000000000000e+03,2.053000000000000000e+03,2.053000000000000000e+03,2.053000000000000000e+03,2.053000000000000000e+03,2.053000000000000000e+03,2.053000000000000000e+03,2.053000000000000000e+03,2.053000000000000000e+03,2.053000000000000000e+03,2.053000000000000000e+03,2.053000000000000000e+03,2.053000000000000000e+03,2.053000000000000000e+03,2.053000000000000000e+03,2.053000000000000000e+03,2.053000000000000000e+03,2.053000000000000000e+03,2.053000000000000000e+03,2.053000000000000000e+03,2.053000000000000000e+03,2.053000000000000000e+03,2.053000000000000000e+03,2.053000000000000000e+03,2.053000000000000000e+03,2.053000000000000000e+03,2.053000000000000000e+03,2.053000000000000000e+03,2.053000000000000000e+03,2.053000000000000000e+03,2.053000000000000000e+03,2.053000000000000000e+03,2.053000000000000000e+03,2.053000000000000000e+03,2.053000000000000000e+03,2.053000000000000000e+03,2.053000000000000000e+03,2.053000000000000000e+03,2.053000000000000000e+03,2.053000000000000000e+03,2.053000000000000000e+03,2.053000000000000000e+03,2.053000000000000000e+03,2.053000000000000000e+03,2.053000000000000000e+03,2.053000000000000000e+03,2.053000000000000000e+03,2.053000000000000000e+03,2.053000000000000000e+03,2.053000000000000000e+03,2.053000000000000000e+03,2.053000000000000000e+03,2.053000000000000000e+03,2.053000000000000000e+03,2.053000000000000000e+03,2.053000000000000000e+03,2.053000000000000000e+03,2.053000000000000000e+03,2.053000000000000000e+03,2.053000000000000000e+03,2.053000000000000000e+03,2.053000000000000000e+03,2.053000000000000000e+03,2.053000000000000000e+03,2.053000000000000000e+03,2.053000000000000000e+03,2.053000000000000000e+03,2.053000000000000000e+03,2.053000000000000000e+03,2.053000000000000000e+03,2.053000000000000000e+03,2.053000000000000000e+03,2.053000000000000000e+03,2.053000000000000000e+03,2.053000000000000000e+03,2.053000000000000000e+03,2.053000000000000000e+03,2.053000000000000000e+03,2.053000000000000000e+03,2.053000000000000000e+03,2.053000000000000000e+03,2.053000000000000000e+03,2.053000000000000000e+03,2.054000000000000000e+03,2.054000000000000000e+03,2.054000000000000000e+03,2.054000000000000000e+03,2.054000000000000000e+03,2.054000000000000000e+03,2.054000000000000000e+03,2.054000000000000000e+03,2.054000000000000000e+03,2.054000000000000000e+03,2.054000000000000000e+03,2.054000000000000000e+03,2.054000000000000000e+03,2.054000000000000000e+03,2.054000000000000000e+03,2.054000000000000000e+03,2.054000000000000000e+03,2.054000000000000000e+03,2.054000000000000000e+03,2.054000000000000000e+03,2.054000000000000000e+03,2.054000000000000000e+03,2.054000000000000000e+03,2.054000000000000000e+03,2.054000000000000000e+03,2.054000000000000000e+03,2.054000000000000000e+03,2.054000000000000000e+03,2.054000000000000000e+03,2.054000000000000000e+03,2.054000000000000000e+03,2.054000000000000000e+03,2.054000000000000000e+03,2.054000000000000000e+03,2.054000000000000000e+03,2.054000000000000000e+03,2.054000000000000000e+03,2.054000000000000000e+03,2.054000000000000000e+03,2.054000000000000000e+03,2.054000000000000000e+03,2.054000000000000000e+03,2.054000000000000000e+03,2.054000000000000000e+03,2.054000000000000000e+03,2.054000000000000000e+03,2.054000000000000000e+03,2.054000000000000000e+03,2.054000000000000000e+03,2.054000000000000000e+03,2.054000000000000000e+03,2.054000000000000000e+03,2.054000000000000000e+03,2.054000000000000000e+03,2.054000000000000000e+03,2.054000000000000000e+03,2.054000000000000000e+03,2.054000000000000000e+03,2.054000000000000000e+03,2.054000000000000000e+03,2.054000000000000000e+03,2.054000000000000000e+03,2.054000000000000000e+03,2.054000000000000000e+03,2.054000000000000000e+03,2.054000000000000000e+03,2.054000000000000000e+03,2.054000000000000000e+03,2.054000000000000000e+03,2.054000000000000000e+03,2.054000000000000000e+03,2.054000000000000000e+03,2.054000000000000000e+03,2.054000000000000000e+03,2.054000000000000000e+03,2.054000000000000000e+03,2.054000000000000000e+03,2.054000000000000000e+03,2.054000000000000000e+03,2.054000000000000000e+03,2.054000000000000000e+03,2.054000000000000000e+03,2.054000000000000000e+03,2.054000000000000000e+03,2.054000000000000000e+03,2.054000000000000000e+03,2.054000000000000000e+03,2.054000000000000000e+03,2.054000000000000000e+03,2.054000000000000000e+03,2.054000000000000000e+03,2.054000000000000000e+03,2.054000000000000000e+03,2.054000000000000000e+03,2.054000000000000000e+03,2.054000000000000000e+03,2.054000000000000000e+03,2.054000000000000000e+03,2.054000000000000000e+03,2.054000000000000000e+03,2.054000000000000000e+03,2.054000000000000000e+03,2.054000000000000000e+03,2.054000000000000000e+03,2.054000000000000000e+03,2.054000000000000000e+03,2.054000000000000000e+03,2.054000000000000000e+03,2.054000000000000000e+03,2.054000000000000000e+03,2.054000000000000000e+03,2.054000000000000000e+03,2.054000000000000000e+03,2.054000000000000000e+03,2.054000000000000000e+03,2.054000000000000000e+03,2.054000000000000000e+03,2.054000000000000000e+03,2.054000000000000000e+03,2.054000000000000000e+03,2.054000000000000000e+03,2.054000000000000000e+03,2.054000000000000000e+03,2.054000000000000000e+03,2.054000000000000000e+03,2.054000000000000000e+03,2.054000000000000000e+03,2.054000000000000000e+03,2.054000000000000000e+03,2.054000000000000000e+03,2.054000000000000000e+03,2.054000000000000000e+03,2.054000000000000000e+03,2.054000000000000000e+03,2.054000000000000000e+03,2.054000000000000000e+03,2.054000000000000000e+03,2.054000000000000000e+03,2.054000000000000000e+03,2.054000000000000000e+03,2.054000000000000000e+03,2.054000000000000000e+03,2.054000000000000000e+03,2.054000000000000000e+03,2.055000000000000000e+03,2.055000000000000000e+03,2.055000000000000000e+03,2.055000000000000000e+03,2.055000000000000000e+03,2.055000000000000000e+03,2.055000000000000000e+03,2.055000000000000000e+03,2.055000000000000000e+03,2.055000000000000000e+03,2.055000000000000000e+03,2.055000000000000000e+03,2.055000000000000000e+03,2.055000000000000000e+03,2.055000000000000000e+03,2.055000000000000000e+03,2.055000000000000000e+03,2.055000000000000000e+03,2.055000000000000000e+03,2.055000000000000000e+03,2.055000000000000000e+03,2.055000000000000000e+03,2.055000000000000000e+03,2.055000000000000000e+03,2.055000000000000000e+03,2.055000000000000000e+03,2.055000000000000000e+03,2.055000000000000000e+03,2.055000000000000000e+03,2.055000000000000000e+03,2.055000000000000000e+03,2.055000000000000000e+03,2.055000000000000000e+03,2.055000000000000000e+03,2.055000000000000000e+03,2.055000000000000000e+03,2.055000000000000000e+03,2.055000000000000000e+03,2.055000000000000000e+03,2.055000000000000000e+03,2.055000000000000000e+03,2.055000000000000000e+03,2.055000000000000000e+03,2.055000000000000000e+03,2.055000000000000000e+03,2.055000000000000000e+03,2.055000000000000000e+03,2.055000000000000000e+03,2.055000000000000000e+03,2.055000000000000000e+03,2.055000000000000000e+03,2.055000000000000000e+03,2.055000000000000000e+03,2.055000000000000000e+03,2.055000000000000000e+03,2.055000000000000000e+03,2.055000000000000000e+03,2.055000000000000000e+03,2.055000000000000000e+03,2.055000000000000000e+03,2.055000000000000000e+03,2.055000000000000000e+03,2.055000000000000000e+03,2.055000000000000000e+03,2.055000000000000000e+03,2.055000000000000000e+03,2.055000000000000000e+03,2.055000000000000000e+03,2.055000000000000000e+03,2.055000000000000000e+03,2.055000000000000000e+03,2.055000000000000000e+03,2.055000000000000000e+03,2.055000000000000000e+03,2.055000000000000000e+03,2.055000000000000000e+03,2.055000000000000000e+03,2.055000000000000000e+03,2.055000000000000000e+03,2.055000000000000000e+03,2.055000000000000000e+03,2.055000000000000000e+03,2.055000000000000000e+03,2.055000000000000000e+03,2.055000000000000000e+03,2.055000000000000000e+03,2.055000000000000000e+03,2.055000000000000000e+03,2.055000000000000000e+03,2.055000000000000000e+03,2.055000000000000000e+03,2.055000000000000000e+03,2.055000000000000000e+03,2.055000000000000000e+03,2.055000000000000000e+03,2.055000000000000000e+03,2.055000000000000000e+03,2.055000000000000000e+03,2.055000000000000000e+03,2.055000000000000000e+03,2.055000000000000000e+03,2.055000000000000000e+03,2.055000000000000000e+03,2.055000000000000000e+03,2.055000000000000000e+03,2.055000000000000000e+03,2.055000000000000000e+03,2.055000000000000000e+03,2.055000000000000000e+03,2.055000000000000000e+03,2.055000000000000000e+03,2.055000000000000000e+03,2.055000000000000000e+03,2.055000000000000000e+03,2.055000000000000000e+03,2.055000000000000000e+03,2.055000000000000000e+03,2.055000000000000000e+03,2.055000000000000000e+03,2.055000000000000000e+03,2.055000000000000000e+03,2.055000000000000000e+03,2.055000000000000000e+03,2.055000000000000000e+03,2.055000000000000000e+03,2.055000000000000000e+03,2.055000000000000000e+03,2.055000000000000000e+03,2.055000000000000000e+03,2.055000000000000000e+03,2.055000000000000000e+03,2.055000000000000000e+03,2.055000000000000000e+03,2.055000000000000000e+03,2.055000000000000000e+03,2.055000000000000000e+03,2.055000000000000000e+03,2.055000000000000000e+03,2.055000000000000000e+03,2.055000000000000000e+03,2.055000000000000000e+03,2.055000000000000000e+03,2.055000000000000000e+03,2.056000000000000000e+03,2.056000000000000000e+03,2.056000000000000000e+03,2.056000000000000000e+03,2.056000000000000000e+03,2.056000000000000000e+03,2.056000000000000000e+03,2.056000000000000000e+03,2.056000000000000000e+03,2.056000000000000000e+03,2.056000000000000000e+03,2.056000000000000000e+03,2.056000000000000000e+03,2.056000000000000000e+03,2.056000000000000000e+03,2.056000000000000000e+03,2.056000000000000000e+03,2.056000000000000000e+03,2.056000000000000000e+03,2.056000000000000000e+03,2.056000000000000000e+03,2.056000000000000000e+03,2.056000000000000000e+03,2.056000000000000000e+03,2.056000000000000000e+03,2.056000000000000000e+03,2.056000000000000000e+03,2.056000000000000000e+03,2.056000000000000000e+03,2.056000000000000000e+03,2.056000000000000000e+03,2.056000000000000000e+03,2.056000000000000000e+03,2.056000000000000000e+03,2.056000000000000000e+03,2.056000000000000000e+03,2.056000000000000000e+03,2.056000000000000000e+03,2.056000000000000000e+03,2.056000000000000000e+03,2.056000000000000000e+03,2.056000000000000000e+03,2.056000000000000000e+03,2.056000000000000000e+03,2.056000000000000000e+03,2.056000000000000000e+03,2.056000000000000000e+03,2.056000000000000000e+03,2.056000000000000000e+03,2.056000000000000000e+03,2.056000000000000000e+03,2.056000000000000000e+03,2.056000000000000000e+03,2.056000000000000000e+03,2.056000000000000000e+03,2.056000000000000000e+03,2.056000000000000000e+03,2.056000000000000000e+03,2.056000000000000000e+03,2.056000000000000000e+03,2.056000000000000000e+03,2.056000000000000000e+03,2.056000000000000000e+03,2.056000000000000000e+03,2.056000000000000000e+03,2.056000000000000000e+03,2.056000000000000000e+03,2.056000000000000000e+03,2.056000000000000000e+03,2.056000000000000000e+03,2.056000000000000000e+03,2.056000000000000000e+03,2.056000000000000000e+03,2.056000000000000000e+03,2.056000000000000000e+03,2.056000000000000000e+03,2.056000000000000000e+03,2.056000000000000000e+03,2.056000000000000000e+03,2.056000000000000000e+03,2.056000000000000000e+03,2.056000000000000000e+03,2.056000000000000000e+03,2.056000000000000000e+03,2.056000000000000000e+03,2.056000000000000000e+03,2.056000000000000000e+03,2.056000000000000000e+03,2.056000000000000000e+03,2.056000000000000000e+03,2.056000000000000000e+03,2.056000000000000000e+03,2.056000000000000000e+03,2.056000000000000000e+03,2.056000000000000000e+03,2.056000000000000000e+03,2.056000000000000000e+03,2.056000000000000000e+03,2.056000000000000000e+03,2.056000000000000000e+03,2.056000000000000000e+03,2.056000000000000000e+03,2.056000000000000000e+03,2.056000000000000000e+03,2.056000000000000000e+03,2.056000000000000000e+03,2.056000000000000000e+03,2.056000000000000000e+03,2.056000000000000000e+03,2.056000000000000000e+03,2.056000000000000000e+03,2.056000000000000000e+03,2.056000000000000000e+03,2.056000000000000000e+03,2.056000000000000000e+03,2.056000000000000000e+03,2.056000000000000000e+03,2.056000000000000000e+03,2.056000000000000000e+03,2.056000000000000000e+03,2.056000000000000000e+03,2.056000000000000000e+03,2.056000000000000000e+03,2.056000000000000000e+03,2.056000000000000000e+03,2.056000000000000000e+03,2.056000000000000000e+03,2.056000000000000000e+03,2.056000000000000000e+03,2.056000000000000000e+03,2.056000000000000000e+03,2.056000000000000000e+03,2.056000000000000000e+03,2.056000000000000000e+03,2.056000000000000000e+03,2.056000000000000000e+03,2.056000000000000000e+03,2.056000000000000000e+03,2.056000000000000000e+03,2.056000000000000000e+03,2.056000000000000000e+03,2.056000000000000000e+03,2.056000000000000000e+03,2.057000000000000000e+03,2.057000000000000000e+03,2.057000000000000000e+03,2.057000000000000000e+03,2.057000000000000000e+03,2.057000000000000000e+03,2.057000000000000000e+03,2.057000000000000000e+03,2.057000000000000000e+03,2.057000000000000000e+03,2.057000000000000000e+03,2.057000000000000000e+03,2.057000000000000000e+03,2.057000000000000000e+03,2.057000000000000000e+03,2.057000000000000000e+03,2.057000000000000000e+03,2.057000000000000000e+03,2.057000000000000000e+03,2.057000000000000000e+03,2.057000000000000000e+03,2.057000000000000000e+03,2.057000000000000000e+03,2.057000000000000000e+03,2.057000000000000000e+03,2.057000000000000000e+03,2.057000000000000000e+03,2.057000000000000000e+03,2.057000000000000000e+03,2.057000000000000000e+03,2.057000000000000000e+03,2.057000000000000000e+03,2.057000000000000000e+03,2.057000000000000000e+03,2.057000000000000000e+03,2.057000000000000000e+03,2.057000000000000000e+03,2.057000000000000000e+03,2.057000000000000000e+03,2.057000000000000000e+03,2.057000000000000000e+03,2.057000000000000000e+03,2.057000000000000000e+03,2.057000000000000000e+03,2.057000000000000000e+03,2.057000000000000000e+03,2.057000000000000000e+03,2.057000000000000000e+03,2.057000000000000000e+03,2.057000000000000000e+03,2.057000000000000000e+03,2.057000000000000000e+03,2.057000000000000000e+03,2.057000000000000000e+03,2.057000000000000000e+03,2.057000000000000000e+03,2.057000000000000000e+03,2.057000000000000000e+03,2.057000000000000000e+03,2.057000000000000000e+03,2.057000000000000000e+03,2.057000000000000000e+03,2.057000000000000000e+03,2.057000000000000000e+03,2.057000000000000000e+03,2.057000000000000000e+03,2.057000000000000000e+03,2.057000000000000000e+03,2.057000000000000000e+03,2.057000000000000000e+03,2.057000000000000000e+03,2.057000000000000000e+03,2.057000000000000000e+03,2.057000000000000000e+03,2.057000000000000000e+03,2.057000000000000000e+03,2.057000000000000000e+03,2.057000000000000000e+03,2.057000000000000000e+03,2.057000000000000000e+03,2.057000000000000000e+03,2.057000000000000000e+03,2.057000000000000000e+03,2.057000000000000000e+03,2.057000000000000000e+03,2.057000000000000000e+03,2.057000000000000000e+03,2.057000000000000000e+03,2.057000000000000000e+03,2.057000000000000000e+03,2.057000000000000000e+03,2.057000000000000000e+03,2.057000000000000000e+03,2.057000000000000000e+03,2.057000000000000000e+03,2.057000000000000000e+03,2.057000000000000000e+03,2.057000000000000000e+03,2.057000000000000000e+03,2.057000000000000000e+03,2.057000000000000000e+03,2.057000000000000000e+03,2.057000000000000000e+03,2.057000000000000000e+03,2.057000000000000000e+03,2.057000000000000000e+03,2.057000000000000000e+03,2.057000000000000000e+03,2.057000000000000000e+03,2.057000000000000000e+03,2.057000000000000000e+03,2.057000000000000000e+03,2.057000000000000000e+03,2.057000000000000000e+03,2.057000000000000000e+03,2.057000000000000000e+03,2.057000000000000000e+03,2.057000000000000000e+03,2.057000000000000000e+03,2.057000000000000000e+03,2.057000000000000000e+03,2.057000000000000000e+03,2.057000000000000000e+03,2.057000000000000000e+03,2.057000000000000000e+03,2.057000000000000000e+03,2.057000000000000000e+03,2.057000000000000000e+03,2.057000000000000000e+03,2.057000000000000000e+03,2.057000000000000000e+03,2.057000000000000000e+03,2.057000000000000000e+03,2.057000000000000000e+03,2.057000000000000000e+03,2.057000000000000000e+03,2.057000000000000000e+03,2.057000000000000000e+03,2.057000000000000000e+03,2.057000000000000000e+03,2.057000000000000000e+03,2.057000000000000000e+03,2.057000000000000000e+03,2.058000000000000000e+03,2.058000000000000000e+03,2.058000000000000000e+03,2.058000000000000000e+03,2.058000000000000000e+03,2.058000000000000000e+03,2.058000000000000000e+03,2.058000000000000000e+03,2.058000000000000000e+03,2.058000000000000000e+03,2.058000000000000000e+03,2.058000000000000000e+03,2.058000000000000000e+03,2.058000000000000000e+03,2.058000000000000000e+03,2.058000000000000000e+03,2.058000000000000000e+03,2.058000000000000000e+03,2.058000000000000000e+03,2.058000000000000000e+03,2.058000000000000000e+03,2.058000000000000000e+03,2.058000000000000000e+03,2.058000000000000000e+03,2.058000000000000000e+03,2.058000000000000000e+03,2.058000000000000000e+03,2.058000000000000000e+03,2.058000000000000000e+03,2.058000000000000000e+03,2.058000000000000000e+03,2.058000000000000000e+03,2.058000000000000000e+03,2.058000000000000000e+03,2.058000000000000000e+03,2.058000000000000000e+03,2.058000000000000000e+03,2.058000000000000000e+03,2.058000000000000000e+03,2.058000000000000000e+03,2.058000000000000000e+03,2.058000000000000000e+03,2.058000000000000000e+03,2.058000000000000000e+03,2.058000000000000000e+03,2.058000000000000000e+03,2.058000000000000000e+03,2.058000000000000000e+03,2.058000000000000000e+03,2.058000000000000000e+03,2.058000000000000000e+03,2.058000000000000000e+03,2.058000000000000000e+03,2.058000000000000000e+03,2.058000000000000000e+03,2.058000000000000000e+03,2.058000000000000000e+03,2.058000000000000000e+03,2.058000000000000000e+03,2.058000000000000000e+03,2.058000000000000000e+03,2.058000000000000000e+03,2.058000000000000000e+03,2.058000000000000000e+03,2.058000000000000000e+03,2.058000000000000000e+03,2.058000000000000000e+03,2.058000000000000000e+03,2.058000000000000000e+03,2.058000000000000000e+03,2.058000000000000000e+03,2.058000000000000000e+03,2.058000000000000000e+03,2.058000000000000000e+03,2.058000000000000000e+03,2.058000000000000000e+03,2.058000000000000000e+03,2.058000000000000000e+03,2.058000000000000000e+03,2.058000000000000000e+03,2.058000000000000000e+03,2.058000000000000000e+03,2.058000000000000000e+03,2.058000000000000000e+03,2.058000000000000000e+03,2.058000000000000000e+03,2.058000000000000000e+03,2.058000000000000000e+03,2.058000000000000000e+03,2.058000000000000000e+03,2.058000000000000000e+03,2.058000000000000000e+03,2.058000000000000000e+03,2.058000000000000000e+03,2.058000000000000000e+03,2.058000000000000000e+03,2.058000000000000000e+03,2.058000000000000000e+03,2.058000000000000000e+03,2.058000000000000000e+03,2.058000000000000000e+03,2.058000000000000000e+03,2.058000000000000000e+03,2.058000000000000000e+03,2.058000000000000000e+03,2.058000000000000000e+03,2.058000000000000000e+03,2.058000000000000000e+03,2.058000000000000000e+03,2.058000000000000000e+03,2.058000000000000000e+03,2.058000000000000000e+03,2.058000000000000000e+03,2.058000000000000000e+03,2.058000000000000000e+03,2.058000000000000000e+03,2.058000000000000000e+03,2.058000000000000000e+03,2.058000000000000000e+03,2.058000000000000000e+03,2.058000000000000000e+03,2.058000000000000000e+03,2.058000000000000000e+03,2.058000000000000000e+03,2.058000000000000000e+03,2.058000000000000000e+03,2.058000000000000000e+03,2.058000000000000000e+03,2.058000000000000000e+03,2.058000000000000000e+03,2.058000000000000000e+03,2.058000000000000000e+03,2.058000000000000000e+03,2.058000000000000000e+03,2.058000000000000000e+03,2.058000000000000000e+03,2.058000000000000000e+03,2.058000000000000000e+03,2.058000000000000000e+03,2.058000000000000000e+03,2.058000000000000000e+03,2.058000000000000000e+03,2.058000000000000000e+03,2.059000000000000000e+03,2.059000000000000000e+03,2.059000000000000000e+03,2.059000000000000000e+03,2.059000000000000000e+03,2.059000000000000000e+03,2.059000000000000000e+03,2.059000000000000000e+03,2.059000000000000000e+03,2.059000000000000000e+03,2.059000000000000000e+03,2.059000000000000000e+03,2.059000000000000000e+03,2.059000000000000000e+03,2.059000000000000000e+03,2.059000000000000000e+03,2.059000000000000000e+03,2.059000000000000000e+03,2.059000000000000000e+03,2.059000000000000000e+03,2.059000000000000000e+03,2.059000000000000000e+03,2.059000000000000000e+03,2.059000000000000000e+03,2.059000000000000000e+03,2.059000000000000000e+03,2.059000000000000000e+03,2.059000000000000000e+03,2.059000000000000000e+03,2.059000000000000000e+03,2.059000000000000000e+03,2.059000000000000000e+03,2.059000000000000000e+03,2.059000000000000000e+03,2.059000000000000000e+03,2.059000000000000000e+03,2.059000000000000000e+03,2.059000000000000000e+03,2.059000000000000000e+03,2.059000000000000000e+03,2.059000000000000000e+03,2.059000000000000000e+03,2.059000000000000000e+03,2.059000000000000000e+03,2.059000000000000000e+03,2.059000000000000000e+03,2.059000000000000000e+03,2.059000000000000000e+03,2.059000000000000000e+03,2.059000000000000000e+03,2.059000000000000000e+03,2.059000000000000000e+03,2.059000000000000000e+03,2.059000000000000000e+03,2.059000000000000000e+03,2.059000000000000000e+03,2.059000000000000000e+03,2.059000000000000000e+03,2.059000000000000000e+03,2.059000000000000000e+03,2.059000000000000000e+03,2.059000000000000000e+03,2.059000000000000000e+03,2.059000000000000000e+03,2.059000000000000000e+03,2.059000000000000000e+03,2.059000000000000000e+03,2.059000000000000000e+03,2.059000000000000000e+03,2.059000000000000000e+03,2.059000000000000000e+03,2.059000000000000000e+03,2.059000000000000000e+03,2.059000000000000000e+03,2.059000000000000000e+03,2.059000000000000000e+03,2.059000000000000000e+03,2.059000000000000000e+03,2.059000000000000000e+03,2.059000000000000000e+03,2.059000000000000000e+03,2.059000000000000000e+03,2.059000000000000000e+03,2.059000000000000000e+03,2.059000000000000000e+03,2.059000000000000000e+03,2.059000000000000000e+03,2.059000000000000000e+03,2.059000000000000000e+03,2.059000000000000000e+03,2.059000000000000000e+03,2.059000000000000000e+03,2.059000000000000000e+03,2.059000000000000000e+03,2.059000000000000000e+03,2.059000000000000000e+03,2.059000000000000000e+03,2.059000000000000000e+03,2.059000000000000000e+03,2.059000000000000000e+03,2.059000000000000000e+03,2.059000000000000000e+03,2.059000000000000000e+03,2.059000000000000000e+03,2.059000000000000000e+03,2.059000000000000000e+03,2.059000000000000000e+03,2.059000000000000000e+03,2.059000000000000000e+03,2.059000000000000000e+03,2.059000000000000000e+03,2.059000000000000000e+03,2.059000000000000000e+03,2.059000000000000000e+03,2.059000000000000000e+03,2.059000000000000000e+03,2.059000000000000000e+03,2.059000000000000000e+03,2.059000000000000000e+03,2.059000000000000000e+03,2.059000000000000000e+03,2.059000000000000000e+03,2.059000000000000000e+03,2.059000000000000000e+03,2.059000000000000000e+03,2.059000000000000000e+03,2.059000000000000000e+03,2.059000000000000000e+03,2.059000000000000000e+03,2.059000000000000000e+03,2.059000000000000000e+03,2.059000000000000000e+03,2.059000000000000000e+03,2.059000000000000000e+03,2.059000000000000000e+03,2.059000000000000000e+03,2.059000000000000000e+03,2.059000000000000000e+03,2.059000000000000000e+03,2.059000000000000000e+03,2.059000000000000000e+03,2.059000000000000000e+03,2.059000000000000000e+03,2.060000000000000000e+03,2.060000000000000000e+03,2.060000000000000000e+03,2.060000000000000000e+03,2.060000000000000000e+03,2.060000000000000000e+03,2.060000000000000000e+03,2.060000000000000000e+03,2.060000000000000000e+03,2.060000000000000000e+03,2.060000000000000000e+03,2.060000000000000000e+03,2.060000000000000000e+03,2.060000000000000000e+03,2.060000000000000000e+03,2.060000000000000000e+03,2.060000000000000000e+03,2.060000000000000000e+03,2.060000000000000000e+03,2.060000000000000000e+03,2.060000000000000000e+03,2.060000000000000000e+03,2.060000000000000000e+03,2.060000000000000000e+03,2.060000000000000000e+03,2.060000000000000000e+03,2.060000000000000000e+03,2.060000000000000000e+03,2.060000000000000000e+03,2.060000000000000000e+03,2.060000000000000000e+03,2.060000000000000000e+03,2.060000000000000000e+03,2.060000000000000000e+03,2.060000000000000000e+03,2.060000000000000000e+03,2.060000000000000000e+03,2.060000000000000000e+03,2.060000000000000000e+03,2.060000000000000000e+03,2.060000000000000000e+03,2.060000000000000000e+03,2.060000000000000000e+03,2.060000000000000000e+03,2.060000000000000000e+03,2.060000000000000000e+03,2.060000000000000000e+03,2.060000000000000000e+03,2.060000000000000000e+03,2.060000000000000000e+03,2.060000000000000000e+03,2.060000000000000000e+03,2.060000000000000000e+03,2.060000000000000000e+03,2.060000000000000000e+03,2.060000000000000000e+03,2.060000000000000000e+03,2.060000000000000000e+03,2.060000000000000000e+03,2.060000000000000000e+03,2.060000000000000000e+03,2.060000000000000000e+03,2.060000000000000000e+03,2.060000000000000000e+03,2.060000000000000000e+03,2.060000000000000000e+03,2.060000000000000000e+03,2.060000000000000000e+03,2.060000000000000000e+03,2.060000000000000000e+03,2.060000000000000000e+03,2.060000000000000000e+03,2.060000000000000000e+03,2.060000000000000000e+03,2.060000000000000000e+03,2.060000000000000000e+03,2.060000000000000000e+03,2.060000000000000000e+03,2.060000000000000000e+03,2.060000000000000000e+03,2.060000000000000000e+03,2.060000000000000000e+03,2.060000000000000000e+03,2.060000000000000000e+03,2.060000000000000000e+03,2.060000000000000000e+03,2.060000000000000000e+03,2.060000000000000000e+03,2.060000000000000000e+03,2.060000000000000000e+03,2.060000000000000000e+03,2.060000000000000000e+03,2.060000000000000000e+03,2.060000000000000000e+03,2.060000000000000000e+03,2.060000000000000000e+03,2.060000000000000000e+03,2.060000000000000000e+03,2.060000000000000000e+03,2.060000000000000000e+03,2.060000000000000000e+03,2.060000000000000000e+03,2.060000000000000000e+03,2.060000000000000000e+03,2.060000000000000000e+03,2.060000000000000000e+03,2.060000000000000000e+03,2.060000000000000000e+03,2.060000000000000000e+03,2.060000000000000000e+03,2.060000000000000000e+03,2.060000000000000000e+03,2.060000000000000000e+03,2.060000000000000000e+03,2.060000000000000000e+03,2.060000000000000000e+03,2.060000000000000000e+03,2.060000000000000000e+03,2.060000000000000000e+03,2.060000000000000000e+03,2.060000000000000000e+03,2.060000000000000000e+03,2.060000000000000000e+03,2.060000000000000000e+03,2.060000000000000000e+03,2.060000000000000000e+03,2.060000000000000000e+03,2.060000000000000000e+03,2.060000000000000000e+03,2.060000000000000000e+03,2.060000000000000000e+03,2.060000000000000000e+03,2.060000000000000000e+03,2.060000000000000000e+03,2.060000000000000000e+03,2.060000000000000000e+03,2.060000000000000000e+03,2.060000000000000000e+03,2.060000000000000000e+03,2.060000000000000000e+03,2.060000000000000000e+03,2.060000000000000000e+03,2.060000000000000000e+03,2.061000000000000000e+03,2.061000000000000000e+03,2.061000000000000000e+03,2.061000000000000000e+03,2.061000000000000000e+03,2.061000000000000000e+03,2.061000000000000000e+03,2.061000000000000000e+03,2.061000000000000000e+03,2.061000000000000000e+03,2.061000000000000000e+03,2.061000000000000000e+03,2.061000000000000000e+03,2.061000000000000000e+03,2.061000000000000000e+03,2.061000000000000000e+03,2.061000000000000000e+03,2.061000000000000000e+03,2.061000000000000000e+03,2.061000000000000000e+03,2.061000000000000000e+03,2.061000000000000000e+03,2.061000000000000000e+03,2.061000000000000000e+03,2.061000000000000000e+03,2.061000000000000000e+03,2.061000000000000000e+03,2.061000000000000000e+03,2.061000000000000000e+03,2.061000000000000000e+03,2.061000000000000000e+03,2.061000000000000000e+03,2.061000000000000000e+03,2.061000000000000000e+03,2.061000000000000000e+03,2.061000000000000000e+03,2.061000000000000000e+03,2.061000000000000000e+03,2.061000000000000000e+03,2.061000000000000000e+03,2.061000000000000000e+03,2.061000000000000000e+03,2.061000000000000000e+03,2.061000000000000000e+03,2.061000000000000000e+03,2.061000000000000000e+03,2.061000000000000000e+03,2.061000000000000000e+03,2.061000000000000000e+03,2.061000000000000000e+03,2.061000000000000000e+03,2.061000000000000000e+03,2.061000000000000000e+03,2.061000000000000000e+03,2.061000000000000000e+03,2.061000000000000000e+03,2.061000000000000000e+03,2.061000000000000000e+03,2.061000000000000000e+03,2.061000000000000000e+03,2.061000000000000000e+03,2.061000000000000000e+03,2.061000000000000000e+03,2.061000000000000000e+03,2.061000000000000000e+03,2.061000000000000000e+03,2.061000000000000000e+03,2.061000000000000000e+03,2.061000000000000000e+03,2.061000000000000000e+03,2.061000000000000000e+03,2.061000000000000000e+03,2.061000000000000000e+03,2.061000000000000000e+03,2.061000000000000000e+03,2.061000000000000000e+03,2.061000000000000000e+03,2.061000000000000000e+03,2.061000000000000000e+03,2.061000000000000000e+03,2.061000000000000000e+03,2.061000000000000000e+03,2.061000000000000000e+03,2.061000000000000000e+03,2.061000000000000000e+03,2.061000000000000000e+03,2.061000000000000000e+03,2.061000000000000000e+03,2.061000000000000000e+03,2.061000000000000000e+03,2.061000000000000000e+03,2.061000000000000000e+03,2.061000000000000000e+03,2.061000000000000000e+03,2.061000000000000000e+03,2.061000000000000000e+03,2.061000000000000000e+03,2.061000000000000000e+03,2.061000000000000000e+03,2.061000000000000000e+03,2.061000000000000000e+03,2.061000000000000000e+03,2.061000000000000000e+03,2.061000000000000000e+03,2.061000000000000000e+03,2.061000000000000000e+03,2.061000000000000000e+03,2.061000000000000000e+03,2.061000000000000000e+03,2.061000000000000000e+03,2.061000000000000000e+03,2.061000000000000000e+03,2.061000000000000000e+03,2.061000000000000000e+03,2.061000000000000000e+03,2.061000000000000000e+03,2.061000000000000000e+03,2.061000000000000000e+03,2.061000000000000000e+03,2.061000000000000000e+03,2.061000000000000000e+03,2.061000000000000000e+03,2.061000000000000000e+03,2.061000000000000000e+03,2.061000000000000000e+03,2.061000000000000000e+03,2.061000000000000000e+03,2.061000000000000000e+03,2.061000000000000000e+03,2.061000000000000000e+03,2.061000000000000000e+03,2.061000000000000000e+03,2.061000000000000000e+03,2.061000000000000000e+03,2.061000000000000000e+03,2.061000000000000000e+03,2.061000000000000000e+03,2.061000000000000000e+03,2.061000000000000000e+03,2.061000000000000000e+03,2.061000000000000000e+03,2.061000000000000000e+03,2.061000000000000000e+03,2.062000000000000000e+03,2.062000000000000000e+03,2.062000000000000000e+03,2.062000000000000000e+03,2.062000000000000000e+03,2.062000000000000000e+03,2.062000000000000000e+03,2.062000000000000000e+03,2.062000000000000000e+03,2.062000000000000000e+03,2.062000000000000000e+03,2.062000000000000000e+03,2.062000000000000000e+03,2.062000000000000000e+03,2.062000000000000000e+03,2.062000000000000000e+03,2.062000000000000000e+03,2.062000000000000000e+03,2.062000000000000000e+03,2.062000000000000000e+03,2.062000000000000000e+03,2.062000000000000000e+03,2.062000000000000000e+03,2.062000000000000000e+03,2.062000000000000000e+03,2.062000000000000000e+03,2.062000000000000000e+03,2.062000000000000000e+03,2.062000000000000000e+03,2.062000000000000000e+03,2.062000000000000000e+03,2.062000000000000000e+03,2.062000000000000000e+03,2.062000000000000000e+03,2.062000000000000000e+03,2.062000000000000000e+03,2.062000000000000000e+03,2.062000000000000000e+03,2.062000000000000000e+03,2.062000000000000000e+03,2.062000000000000000e+03,2.062000000000000000e+03,2.062000000000000000e+03,2.062000000000000000e+03,2.062000000000000000e+03,2.062000000000000000e+03,2.062000000000000000e+03,2.062000000000000000e+03,2.062000000000000000e+03,2.062000000000000000e+03,2.062000000000000000e+03,2.062000000000000000e+03,2.062000000000000000e+03,2.062000000000000000e+03,2.062000000000000000e+03,2.062000000000000000e+03,2.062000000000000000e+03,2.062000000000000000e+03,2.062000000000000000e+03,2.062000000000000000e+03,2.062000000000000000e+03,2.062000000000000000e+03,2.062000000000000000e+03,2.062000000000000000e+03,2.062000000000000000e+03,2.062000000000000000e+03,2.062000000000000000e+03,2.062000000000000000e+03,2.062000000000000000e+03,2.062000000000000000e+03,2.062000000000000000e+03,2.062000000000000000e+03,2.062000000000000000e+03,2.062000000000000000e+03,2.062000000000000000e+03,2.062000000000000000e+03,2.062000000000000000e+03,2.062000000000000000e+03,2.062000000000000000e+03,2.062000000000000000e+03,2.062000000000000000e+03,2.062000000000000000e+03,2.062000000000000000e+03,2.062000000000000000e+03,2.062000000000000000e+03,2.062000000000000000e+03,2.062000000000000000e+03,2.062000000000000000e+03,2.062000000000000000e+03,2.062000000000000000e+03,2.062000000000000000e+03,2.062000000000000000e+03,2.062000000000000000e+03,2.062000000000000000e+03,2.062000000000000000e+03,2.062000000000000000e+03,2.062000000000000000e+03,2.062000000000000000e+03,2.062000000000000000e+03,2.062000000000000000e+03,2.062000000000000000e+03,2.062000000000000000e+03,2.062000000000000000e+03,2.062000000000000000e+03,2.062000000000000000e+03,2.062000000000000000e+03,2.062000000000000000e+03,2.062000000000000000e+03,2.062000000000000000e+03,2.062000000000000000e+03,2.062000000000000000e+03,2.062000000000000000e+03,2.062000000000000000e+03,2.062000000000000000e+03,2.062000000000000000e+03,2.062000000000000000e+03,2.062000000000000000e+03,2.062000000000000000e+03,2.062000000000000000e+03,2.062000000000000000e+03,2.062000000000000000e+03,2.062000000000000000e+03,2.062000000000000000e+03,2.062000000000000000e+03,2.062000000000000000e+03,2.062000000000000000e+03,2.062000000000000000e+03,2.062000000000000000e+03,2.062000000000000000e+03,2.062000000000000000e+03,2.062000000000000000e+03,2.062000000000000000e+03,2.062000000000000000e+03,2.062000000000000000e+03,2.062000000000000000e+03,2.062000000000000000e+03,2.062000000000000000e+03,2.062000000000000000e+03,2.062000000000000000e+03,2.062000000000000000e+03,2.062000000000000000e+03,2.062000000000000000e+03,2.062000000000000000e+03,2.063000000000000000e+03,2.063000000000000000e+03,2.063000000000000000e+03,2.063000000000000000e+03,2.063000000000000000e+03,2.063000000000000000e+03,2.063000000000000000e+03,2.063000000000000000e+03,2.063000000000000000e+03,2.063000000000000000e+03,2.063000000000000000e+03,2.063000000000000000e+03,2.063000000000000000e+03,2.063000000000000000e+03,2.063000000000000000e+03,2.063000000000000000e+03,2.063000000000000000e+03,2.063000000000000000e+03,2.063000000000000000e+03,2.063000000000000000e+03,2.063000000000000000e+03,2.063000000000000000e+03,2.063000000000000000e+03,2.063000000000000000e+03,2.063000000000000000e+03,2.063000000000000000e+03,2.063000000000000000e+03,2.063000000000000000e+03,2.063000000000000000e+03,2.063000000000000000e+03,2.063000000000000000e+03,2.063000000000000000e+03,2.063000000000000000e+03,2.063000000000000000e+03,2.063000000000000000e+03,2.063000000000000000e+03,2.063000000000000000e+03,2.063000000000000000e+03,2.063000000000000000e+03,2.063000000000000000e+03,2.063000000000000000e+03,2.063000000000000000e+03,2.063000000000000000e+03,2.063000000000000000e+03,2.063000000000000000e+03,2.063000000000000000e+03,2.063000000000000000e+03,2.063000000000000000e+03,2.063000000000000000e+03,2.063000000000000000e+03,2.063000000000000000e+03,2.063000000000000000e+03,2.063000000000000000e+03,2.063000000000000000e+03,2.063000000000000000e+03,2.063000000000000000e+03,2.063000000000000000e+03,2.063000000000000000e+03,2.063000000000000000e+03,2.063000000000000000e+03,2.063000000000000000e+03,2.063000000000000000e+03,2.063000000000000000e+03,2.063000000000000000e+03,2.063000000000000000e+03,2.063000000000000000e+03,2.063000000000000000e+03,2.063000000000000000e+03,2.063000000000000000e+03,2.063000000000000000e+03,2.063000000000000000e+03,2.063000000000000000e+03,2.063000000000000000e+03,2.063000000000000000e+03,2.063000000000000000e+03,2.063000000000000000e+03,2.063000000000000000e+03,2.063000000000000000e+03,2.063000000000000000e+03,2.063000000000000000e+03,2.063000000000000000e+03,2.063000000000000000e+03,2.063000000000000000e+03,2.063000000000000000e+03,2.063000000000000000e+03,2.063000000000000000e+03,2.063000000000000000e+03,2.063000000000000000e+03,2.063000000000000000e+03,2.063000000000000000e+03,2.063000000000000000e+03,2.063000000000000000e+03,2.063000000000000000e+03,2.063000000000000000e+03,2.063000000000000000e+03,2.063000000000000000e+03,2.063000000000000000e+03,2.063000000000000000e+03,2.063000000000000000e+03,2.063000000000000000e+03,2.063000000000000000e+03,2.063000000000000000e+03,2.063000000000000000e+03,2.063000000000000000e+03,2.063000000000000000e+03,2.063000000000000000e+03,2.063000000000000000e+03,2.063000000000000000e+03,2.063000000000000000e+03,2.063000000000000000e+03,2.063000000000000000e+03,2.063000000000000000e+03,2.063000000000000000e+03,2.063000000000000000e+03,2.063000000000000000e+03,2.063000000000000000e+03,2.063000000000000000e+03,2.063000000000000000e+03,2.063000000000000000e+03,2.063000000000000000e+03,2.063000000000000000e+03,2.063000000000000000e+03,2.063000000000000000e+03,2.063000000000000000e+03,2.063000000000000000e+03,2.063000000000000000e+03,2.063000000000000000e+03,2.063000000000000000e+03,2.063000000000000000e+03,2.063000000000000000e+03,2.063000000000000000e+03,2.063000000000000000e+03,2.063000000000000000e+03,2.063000000000000000e+03,2.063000000000000000e+03,2.063000000000000000e+03,2.063000000000000000e+03,2.063000000000000000e+03,2.063000000000000000e+03,2.063000000000000000e+03,2.063000000000000000e+03,2.063000000000000000e+03,2.063000000000000000e+03,2.064000000000000000e+03,2.064000000000000000e+03,2.064000000000000000e+03,2.064000000000000000e+03,2.064000000000000000e+03,2.064000000000000000e+03,2.064000000000000000e+03,2.064000000000000000e+03,2.064000000000000000e+03,2.064000000000000000e+03,2.064000000000000000e+03,2.064000000000000000e+03,2.064000000000000000e+03,2.064000000000000000e+03,2.064000000000000000e+03,2.064000000000000000e+03,2.064000000000000000e+03,2.064000000000000000e+03,2.064000000000000000e+03,2.064000000000000000e+03,2.064000000000000000e+03,2.064000000000000000e+03,2.064000000000000000e+03,2.064000000000000000e+03,2.064000000000000000e+03,2.064000000000000000e+03,2.064000000000000000e+03,2.064000000000000000e+03,2.064000000000000000e+03,2.064000000000000000e+03,2.064000000000000000e+03,2.064000000000000000e+03,2.064000000000000000e+03,2.064000000000000000e+03,2.064000000000000000e+03,2.064000000000000000e+03,2.064000000000000000e+03,2.064000000000000000e+03,2.064000000000000000e+03,2.064000000000000000e+03,2.064000000000000000e+03,2.064000000000000000e+03,2.064000000000000000e+03,2.064000000000000000e+03,2.064000000000000000e+03,2.064000000000000000e+03,2.064000000000000000e+03,2.064000000000000000e+03,2.064000000000000000e+03,2.064000000000000000e+03,2.064000000000000000e+03,2.064000000000000000e+03,2.064000000000000000e+03,2.064000000000000000e+03,2.064000000000000000e+03,2.064000000000000000e+03,2.064000000000000000e+03,2.064000000000000000e+03,2.064000000000000000e+03,2.064000000000000000e+03,2.064000000000000000e+03,2.064000000000000000e+03,2.064000000000000000e+03,2.064000000000000000e+03,2.064000000000000000e+03,2.064000000000000000e+03,2.064000000000000000e+03,2.064000000000000000e+03,2.064000000000000000e+03,2.064000000000000000e+03,2.064000000000000000e+03,2.064000000000000000e+03,2.064000000000000000e+03,2.064000000000000000e+03,2.064000000000000000e+03,2.064000000000000000e+03,2.064000000000000000e+03,2.064000000000000000e+03,2.064000000000000000e+03,2.064000000000000000e+03,2.064000000000000000e+03,2.064000000000000000e+03,2.064000000000000000e+03,2.064000000000000000e+03,2.064000000000000000e+03,2.064000000000000000e+03,2.064000000000000000e+03,2.064000000000000000e+03,2.064000000000000000e+03,2.064000000000000000e+03,2.064000000000000000e+03,2.064000000000000000e+03,2.064000000000000000e+03,2.064000000000000000e+03,2.064000000000000000e+03,2.064000000000000000e+03,2.064000000000000000e+03,2.064000000000000000e+03,2.064000000000000000e+03,2.064000000000000000e+03,2.064000000000000000e+03,2.064000000000000000e+03,2.064000000000000000e+03,2.064000000000000000e+03,2.064000000000000000e+03,2.064000000000000000e+03,2.064000000000000000e+03,2.064000000000000000e+03,2.064000000000000000e+03,2.064000000000000000e+03,2.064000000000000000e+03,2.064000000000000000e+03,2.064000000000000000e+03,2.064000000000000000e+03,2.064000000000000000e+03,2.064000000000000000e+03,2.064000000000000000e+03,2.064000000000000000e+03,2.064000000000000000e+03,2.064000000000000000e+03,2.064000000000000000e+03,2.064000000000000000e+03,2.064000000000000000e+03,2.064000000000000000e+03,2.064000000000000000e+03,2.064000000000000000e+03,2.064000000000000000e+03,2.064000000000000000e+03,2.064000000000000000e+03,2.064000000000000000e+03,2.064000000000000000e+03,2.064000000000000000e+03,2.064000000000000000e+03,2.064000000000000000e+03,2.064000000000000000e+03,2.064000000000000000e+03,2.064000000000000000e+03,2.064000000000000000e+03,2.064000000000000000e+03,2.064000000000000000e+03,2.064000000000000000e+03,2.064000000000000000e+03,2.064000000000000000e+03,2.065000000000000000e+03,2.065000000000000000e+03,2.065000000000000000e+03,2.065000000000000000e+03,2.065000000000000000e+03,2.065000000000000000e+03,2.065000000000000000e+03,2.065000000000000000e+03,2.065000000000000000e+03,2.065000000000000000e+03,2.065000000000000000e+03,2.065000000000000000e+03,2.065000000000000000e+03,2.065000000000000000e+03,2.065000000000000000e+03,2.065000000000000000e+03,2.065000000000000000e+03,2.065000000000000000e+03,2.065000000000000000e+03,2.065000000000000000e+03,2.065000000000000000e+03,2.065000000000000000e+03,2.065000000000000000e+03,2.065000000000000000e+03,2.065000000000000000e+03,2.065000000000000000e+03,2.065000000000000000e+03,2.065000000000000000e+03,2.065000000000000000e+03,2.065000000000000000e+03,2.065000000000000000e+03,2.065000000000000000e+03,2.065000000000000000e+03,2.065000000000000000e+03,2.065000000000000000e+03,2.065000000000000000e+03,2.065000000000000000e+03,2.065000000000000000e+03,2.065000000000000000e+03,2.065000000000000000e+03,2.065000000000000000e+03,2.065000000000000000e+03,2.065000000000000000e+03,2.065000000000000000e+03,2.065000000000000000e+03,2.065000000000000000e+03,2.065000000000000000e+03,2.065000000000000000e+03,2.065000000000000000e+03,2.065000000000000000e+03,2.065000000000000000e+03,2.065000000000000000e+03,2.065000000000000000e+03,2.065000000000000000e+03,2.065000000000000000e+03,2.065000000000000000e+03,2.065000000000000000e+03,2.065000000000000000e+03,2.065000000000000000e+03,2.065000000000000000e+03,2.065000000000000000e+03,2.065000000000000000e+03,2.065000000000000000e+03,2.065000000000000000e+03,2.065000000000000000e+03,2.065000000000000000e+03,2.065000000000000000e+03,2.065000000000000000e+03,2.065000000000000000e+03,2.065000000000000000e+03,2.065000000000000000e+03,2.065000000000000000e+03,2.065000000000000000e+03,2.065000000000000000e+03,2.065000000000000000e+03,2.065000000000000000e+03,2.065000000000000000e+03,2.065000000000000000e+03,2.065000000000000000e+03,2.065000000000000000e+03,2.065000000000000000e+03,2.065000000000000000e+03,2.065000000000000000e+03,2.065000000000000000e+03,2.065000000000000000e+03,2.065000000000000000e+03,2.065000000000000000e+03,2.065000000000000000e+03,2.065000000000000000e+03,2.065000000000000000e+03,2.065000000000000000e+03,2.065000000000000000e+03,2.065000000000000000e+03,2.065000000000000000e+03,2.065000000000000000e+03,2.065000000000000000e+03,2.065000000000000000e+03,2.065000000000000000e+03,2.065000000000000000e+03,2.065000000000000000e+03,2.065000000000000000e+03,2.065000000000000000e+03,2.065000000000000000e+03,2.065000000000000000e+03,2.065000000000000000e+03,2.065000000000000000e+03,2.065000000000000000e+03,2.065000000000000000e+03,2.065000000000000000e+03,2.065000000000000000e+03,2.065000000000000000e+03,2.065000000000000000e+03,2.065000000000000000e+03,2.065000000000000000e+03,2.065000000000000000e+03,2.065000000000000000e+03,2.065000000000000000e+03,2.065000000000000000e+03,2.065000000000000000e+03,2.065000000000000000e+03,2.065000000000000000e+03,2.065000000000000000e+03,2.065000000000000000e+03,2.065000000000000000e+03,2.065000000000000000e+03,2.065000000000000000e+03,2.065000000000000000e+03,2.065000000000000000e+03,2.065000000000000000e+03,2.065000000000000000e+03,2.065000000000000000e+03,2.065000000000000000e+03,2.065000000000000000e+03,2.065000000000000000e+03,2.065000000000000000e+03,2.065000000000000000e+03,2.065000000000000000e+03,2.065000000000000000e+03,2.065000000000000000e+03,2.065000000000000000e+03,2.065000000000000000e+03,2.065000000000000000e+03,2.065000000000000000e+03,2.066000000000000000e+03,2.066000000000000000e+03,2.066000000000000000e+03,2.066000000000000000e+03,2.066000000000000000e+03,2.066000000000000000e+03,2.066000000000000000e+03,2.066000000000000000e+03,2.066000000000000000e+03,2.066000000000000000e+03,2.066000000000000000e+03,2.066000000000000000e+03,2.066000000000000000e+03,2.066000000000000000e+03,2.066000000000000000e+03,2.066000000000000000e+03,2.066000000000000000e+03,2.066000000000000000e+03,2.066000000000000000e+03,2.066000000000000000e+03,2.066000000000000000e+03,2.066000000000000000e+03,2.066000000000000000e+03,2.066000000000000000e+03,2.066000000000000000e+03,2.066000000000000000e+03,2.066000000000000000e+03,2.066000000000000000e+03,2.066000000000000000e+03,2.066000000000000000e+03,2.066000000000000000e+03,2.066000000000000000e+03,2.066000000000000000e+03,2.066000000000000000e+03,2.066000000000000000e+03,2.066000000000000000e+03,2.066000000000000000e+03,2.066000000000000000e+03,2.066000000000000000e+03,2.066000000000000000e+03,2.066000000000000000e+03,2.066000000000000000e+03,2.066000000000000000e+03,2.066000000000000000e+03,2.066000000000000000e+03,2.066000000000000000e+03,2.066000000000000000e+03,2.066000000000000000e+03,2.066000000000000000e+03,2.066000000000000000e+03,2.066000000000000000e+03,2.066000000000000000e+03,2.066000000000000000e+03,2.066000000000000000e+03,2.066000000000000000e+03,2.066000000000000000e+03,2.066000000000000000e+03,2.066000000000000000e+03,2.066000000000000000e+03,2.066000000000000000e+03,2.066000000000000000e+03,2.066000000000000000e+03,2.066000000000000000e+03,2.066000000000000000e+03,2.066000000000000000e+03,2.066000000000000000e+03,2.066000000000000000e+03,2.066000000000000000e+03,2.066000000000000000e+03,2.066000000000000000e+03,2.066000000000000000e+03,2.066000000000000000e+03,2.066000000000000000e+03,2.066000000000000000e+03,2.066000000000000000e+03,2.066000000000000000e+03,2.066000000000000000e+03,2.066000000000000000e+03,2.066000000000000000e+03,2.066000000000000000e+03,2.066000000000000000e+03,2.066000000000000000e+03,2.066000000000000000e+03,2.066000000000000000e+03,2.066000000000000000e+03,2.066000000000000000e+03,2.066000000000000000e+03,2.066000000000000000e+03,2.066000000000000000e+03,2.066000000000000000e+03,2.066000000000000000e+03,2.066000000000000000e+03,2.066000000000000000e+03,2.066000000000000000e+03,2.066000000000000000e+03,2.066000000000000000e+03,2.066000000000000000e+03,2.066000000000000000e+03,2.066000000000000000e+03,2.066000000000000000e+03,2.066000000000000000e+03,2.066000000000000000e+03,2.066000000000000000e+03,2.066000000000000000e+03,2.066000000000000000e+03,2.066000000000000000e+03,2.066000000000000000e+03,2.066000000000000000e+03,2.066000000000000000e+03,2.066000000000000000e+03,2.066000000000000000e+03,2.066000000000000000e+03,2.066000000000000000e+03,2.066000000000000000e+03,2.066000000000000000e+03,2.066000000000000000e+03,2.066000000000000000e+03,2.066000000000000000e+03,2.066000000000000000e+03,2.066000000000000000e+03,2.066000000000000000e+03,2.066000000000000000e+03,2.066000000000000000e+03,2.066000000000000000e+03,2.066000000000000000e+03,2.066000000000000000e+03,2.066000000000000000e+03,2.066000000000000000e+03,2.066000000000000000e+03,2.066000000000000000e+03,2.066000000000000000e+03,2.066000000000000000e+03,2.066000000000000000e+03,2.066000000000000000e+03,2.066000000000000000e+03,2.066000000000000000e+03,2.066000000000000000e+03,2.066000000000000000e+03,2.066000000000000000e+03,2.066000000000000000e+03,2.066000000000000000e+03,2.066000000000000000e+03,2.066000000000000000e+03,2.067000000000000000e+03,2.067000000000000000e+03,2.067000000000000000e+03,2.067000000000000000e+03,2.067000000000000000e+03,2.067000000000000000e+03,2.067000000000000000e+03,2.067000000000000000e+03,2.067000000000000000e+03,2.067000000000000000e+03,2.067000000000000000e+03,2.067000000000000000e+03,2.067000000000000000e+03,2.067000000000000000e+03,2.067000000000000000e+03,2.067000000000000000e+03,2.067000000000000000e+03,2.067000000000000000e+03,2.067000000000000000e+03,2.067000000000000000e+03,2.067000000000000000e+03,2.067000000000000000e+03,2.067000000000000000e+03,2.067000000000000000e+03,2.067000000000000000e+03,2.067000000000000000e+03,2.067000000000000000e+03,2.067000000000000000e+03,2.067000000000000000e+03,2.067000000000000000e+03,2.067000000000000000e+03,2.067000000000000000e+03,2.067000000000000000e+03,2.067000000000000000e+03,2.067000000000000000e+03,2.067000000000000000e+03,2.067000000000000000e+03,2.067000000000000000e+03,2.067000000000000000e+03,2.067000000000000000e+03,2.067000000000000000e+03,2.067000000000000000e+03,2.067000000000000000e+03,2.067000000000000000e+03,2.067000000000000000e+03,2.067000000000000000e+03,2.067000000000000000e+03,2.067000000000000000e+03,2.067000000000000000e+03,2.067000000000000000e+03,2.067000000000000000e+03,2.067000000000000000e+03,2.067000000000000000e+03,2.067000000000000000e+03,2.067000000000000000e+03,2.067000000000000000e+03,2.067000000000000000e+03,2.067000000000000000e+03,2.067000000000000000e+03,2.067000000000000000e+03,2.067000000000000000e+03,2.067000000000000000e+03,2.067000000000000000e+03,2.067000000000000000e+03,2.067000000000000000e+03,2.067000000000000000e+03,2.067000000000000000e+03,2.067000000000000000e+03,2.067000000000000000e+03,2.067000000000000000e+03,2.067000000000000000e+03,2.067000000000000000e+03,2.067000000000000000e+03,2.067000000000000000e+03,2.067000000000000000e+03,2.067000000000000000e+03,2.067000000000000000e+03,2.067000000000000000e+03,2.067000000000000000e+03,2.067000000000000000e+03,2.067000000000000000e+03,2.067000000000000000e+03,2.067000000000000000e+03,2.067000000000000000e+03,2.067000000000000000e+03,2.067000000000000000e+03,2.067000000000000000e+03,2.067000000000000000e+03,2.067000000000000000e+03,2.067000000000000000e+03,2.067000000000000000e+03,2.067000000000000000e+03,2.067000000000000000e+03,2.067000000000000000e+03,2.067000000000000000e+03,2.067000000000000000e+03,2.067000000000000000e+03,2.067000000000000000e+03,2.067000000000000000e+03,2.067000000000000000e+03,2.067000000000000000e+03,2.067000000000000000e+03,2.067000000000000000e+03,2.067000000000000000e+03,2.067000000000000000e+03,2.067000000000000000e+03,2.067000000000000000e+03,2.067000000000000000e+03,2.067000000000000000e+03,2.067000000000000000e+03,2.067000000000000000e+03,2.067000000000000000e+03,2.067000000000000000e+03,2.067000000000000000e+03,2.067000000000000000e+03,2.067000000000000000e+03,2.067000000000000000e+03,2.067000000000000000e+03,2.067000000000000000e+03,2.067000000000000000e+03,2.067000000000000000e+03,2.067000000000000000e+03,2.067000000000000000e+03,2.067000000000000000e+03,2.067000000000000000e+03,2.067000000000000000e+03,2.067000000000000000e+03,2.067000000000000000e+03,2.067000000000000000e+03,2.067000000000000000e+03,2.067000000000000000e+03,2.067000000000000000e+03,2.067000000000000000e+03,2.067000000000000000e+03,2.067000000000000000e+03,2.067000000000000000e+03,2.067000000000000000e+03,2.067000000000000000e+03,2.067000000000000000e+03,2.067000000000000000e+03,2.067000000000000000e+03,2.067000000000000000e+03,2.067000000000000000e+03,2.068000000000000000e+03,2.068000000000000000e+03,2.068000000000000000e+03,2.068000000000000000e+03,2.068000000000000000e+03,2.068000000000000000e+03,2.068000000000000000e+03,2.068000000000000000e+03,2.068000000000000000e+03,2.068000000000000000e+03,2.068000000000000000e+03,2.068000000000000000e+03,2.068000000000000000e+03,2.068000000000000000e+03,2.068000000000000000e+03,2.068000000000000000e+03,2.068000000000000000e+03,2.068000000000000000e+03,2.068000000000000000e+03,2.068000000000000000e+03,2.068000000000000000e+03,2.068000000000000000e+03,2.068000000000000000e+03,2.068000000000000000e+03,2.068000000000000000e+03,2.068000000000000000e+03,2.068000000000000000e+03,2.068000000000000000e+03,2.068000000000000000e+03,2.068000000000000000e+03,2.068000000000000000e+03,2.068000000000000000e+03,2.068000000000000000e+03,2.068000000000000000e+03,2.068000000000000000e+03,2.068000000000000000e+03,2.068000000000000000e+03,2.068000000000000000e+03,2.068000000000000000e+03,2.068000000000000000e+03,2.068000000000000000e+03,2.068000000000000000e+03,2.068000000000000000e+03,2.068000000000000000e+03,2.068000000000000000e+03,2.068000000000000000e+03,2.068000000000000000e+03,2.068000000000000000e+03,2.068000000000000000e+03,2.068000000000000000e+03,2.068000000000000000e+03,2.068000000000000000e+03,2.068000000000000000e+03,2.068000000000000000e+03,2.068000000000000000e+03,2.068000000000000000e+03,2.068000000000000000e+03,2.068000000000000000e+03,2.068000000000000000e+03,2.068000000000000000e+03,2.068000000000000000e+03,2.068000000000000000e+03,2.068000000000000000e+03,2.068000000000000000e+03,2.068000000000000000e+03,2.068000000000000000e+03,2.068000000000000000e+03,2.068000000000000000e+03,2.068000000000000000e+03,2.068000000000000000e+03,2.068000000000000000e+03,2.068000000000000000e+03,2.068000000000000000e+03,2.068000000000000000e+03,2.068000000000000000e+03,2.068000000000000000e+03,2.068000000000000000e+03,2.068000000000000000e+03,2.068000000000000000e+03,2.068000000000000000e+03,2.068000000000000000e+03,2.068000000000000000e+03,2.068000000000000000e+03,2.068000000000000000e+03,2.068000000000000000e+03,2.068000000000000000e+03,2.068000000000000000e+03,2.068000000000000000e+03,2.068000000000000000e+03,2.068000000000000000e+03,2.068000000000000000e+03,2.068000000000000000e+03,2.068000000000000000e+03,2.068000000000000000e+03,2.068000000000000000e+03,2.068000000000000000e+03,2.068000000000000000e+03,2.068000000000000000e+03,2.068000000000000000e+03,2.068000000000000000e+03,2.068000000000000000e+03,2.068000000000000000e+03,2.068000000000000000e+03,2.068000000000000000e+03,2.068000000000000000e+03,2.068000000000000000e+03,2.068000000000000000e+03,2.068000000000000000e+03,2.068000000000000000e+03,2.068000000000000000e+03,2.068000000000000000e+03,2.068000000000000000e+03,2.068000000000000000e+03,2.068000000000000000e+03,2.068000000000000000e+03,2.068000000000000000e+03,2.068000000000000000e+03,2.068000000000000000e+03,2.068000000000000000e+03,2.068000000000000000e+03,2.068000000000000000e+03,2.068000000000000000e+03,2.068000000000000000e+03,2.068000000000000000e+03,2.068000000000000000e+03,2.068000000000000000e+03,2.068000000000000000e+03,2.068000000000000000e+03,2.068000000000000000e+03,2.068000000000000000e+03,2.068000000000000000e+03,2.068000000000000000e+03,2.068000000000000000e+03,2.068000000000000000e+03,2.068000000000000000e+03,2.068000000000000000e+03,2.068000000000000000e+03,2.068000000000000000e+03,2.068000000000000000e+03,2.068000000000000000e+03,2.068000000000000000e+03,2.068000000000000000e+03,2.069000000000000000e+03,2.069000000000000000e+03,2.069000000000000000e+03,2.069000000000000000e+03,2.069000000000000000e+03,2.069000000000000000e+03,2.069000000000000000e+03,2.069000000000000000e+03,2.069000000000000000e+03,2.069000000000000000e+03,2.069000000000000000e+03,2.069000000000000000e+03,2.069000000000000000e+03,2.069000000000000000e+03,2.069000000000000000e+03,2.069000000000000000e+03,2.069000000000000000e+03,2.069000000000000000e+03,2.069000000000000000e+03,2.069000000000000000e+03,2.069000000000000000e+03,2.069000000000000000e+03,2.069000000000000000e+03,2.069000000000000000e+03,2.069000000000000000e+03,2.069000000000000000e+03,2.069000000000000000e+03,2.069000000000000000e+03,2.069000000000000000e+03,2.069000000000000000e+03,2.069000000000000000e+03,2.069000000000000000e+03,2.069000000000000000e+03,2.069000000000000000e+03,2.069000000000000000e+03,2.069000000000000000e+03,2.069000000000000000e+03,2.069000000000000000e+03,2.069000000000000000e+03,2.069000000000000000e+03,2.069000000000000000e+03,2.069000000000000000e+03,2.069000000000000000e+03,2.069000000000000000e+03,2.069000000000000000e+03,2.069000000000000000e+03,2.069000000000000000e+03,2.069000000000000000e+03,2.069000000000000000e+03,2.069000000000000000e+03,2.069000000000000000e+03,2.069000000000000000e+03,2.069000000000000000e+03,2.069000000000000000e+03,2.069000000000000000e+03,2.069000000000000000e+03,2.069000000000000000e+03,2.069000000000000000e+03,2.069000000000000000e+03,2.069000000000000000e+03,2.069000000000000000e+03,2.069000000000000000e+03,2.069000000000000000e+03,2.069000000000000000e+03,2.069000000000000000e+03,2.069000000000000000e+03,2.069000000000000000e+03,2.069000000000000000e+03,2.069000000000000000e+03,2.069000000000000000e+03,2.069000000000000000e+03,2.069000000000000000e+03,2.069000000000000000e+03,2.069000000000000000e+03,2.069000000000000000e+03,2.069000000000000000e+03,2.069000000000000000e+03,2.069000000000000000e+03,2.069000000000000000e+03,2.069000000000000000e+03,2.069000000000000000e+03,2.069000000000000000e+03,2.069000000000000000e+03,2.069000000000000000e+03,2.069000000000000000e+03,2.069000000000000000e+03,2.069000000000000000e+03,2.069000000000000000e+03,2.069000000000000000e+03,2.069000000000000000e+03,2.069000000000000000e+03,2.069000000000000000e+03,2.069000000000000000e+03,2.069000000000000000e+03,2.069000000000000000e+03,2.069000000000000000e+03,2.069000000000000000e+03,2.069000000000000000e+03,2.069000000000000000e+03,2.069000000000000000e+03,2.069000000000000000e+03,2.069000000000000000e+03,2.069000000000000000e+03,2.069000000000000000e+03,2.069000000000000000e+03,2.069000000000000000e+03,2.069000000000000000e+03,2.069000000000000000e+03,2.069000000000000000e+03,2.069000000000000000e+03,2.069000000000000000e+03,2.069000000000000000e+03,2.069000000000000000e+03,2.069000000000000000e+03,2.069000000000000000e+03,2.069000000000000000e+03,2.069000000000000000e+03,2.069000000000000000e+03,2.069000000000000000e+03,2.069000000000000000e+03,2.069000000000000000e+03,2.069000000000000000e+03,2.069000000000000000e+03,2.069000000000000000e+03,2.069000000000000000e+03,2.069000000000000000e+03,2.069000000000000000e+03,2.069000000000000000e+03,2.069000000000000000e+03,2.069000000000000000e+03,2.069000000000000000e+03,2.069000000000000000e+03,2.069000000000000000e+03,2.069000000000000000e+03,2.069000000000000000e+03,2.069000000000000000e+03,2.069000000000000000e+03,2.069000000000000000e+03,2.069000000000000000e+03,2.069000000000000000e+03,2.069000000000000000e+03,2.069000000000000000e+03,2.069000000000000000e+03,2.070000000000000000e+03,2.070000000000000000e+03,2.070000000000000000e+03,2.070000000000000000e+03,2.070000000000000000e+03,2.070000000000000000e+03,2.070000000000000000e+03,2.070000000000000000e+03,2.070000000000000000e+03,2.070000000000000000e+03,2.070000000000000000e+03,2.070000000000000000e+03,2.070000000000000000e+03,2.070000000000000000e+03,2.070000000000000000e+03,2.070000000000000000e+03,2.070000000000000000e+03,2.070000000000000000e+03,2.070000000000000000e+03,2.070000000000000000e+03,2.070000000000000000e+03,2.070000000000000000e+03,2.070000000000000000e+03,2.070000000000000000e+03,2.070000000000000000e+03,2.070000000000000000e+03,2.070000000000000000e+03,2.070000000000000000e+03,2.070000000000000000e+03,2.070000000000000000e+03,2.070000000000000000e+03,2.070000000000000000e+03,2.070000000000000000e+03,2.070000000000000000e+03,2.070000000000000000e+03,2.070000000000000000e+03,2.070000000000000000e+03,2.070000000000000000e+03,2.070000000000000000e+03,2.070000000000000000e+03,2.070000000000000000e+03,2.070000000000000000e+03,2.070000000000000000e+03,2.070000000000000000e+03,2.070000000000000000e+03,2.070000000000000000e+03,2.070000000000000000e+03,2.070000000000000000e+03,2.070000000000000000e+03,2.070000000000000000e+03,2.070000000000000000e+03,2.070000000000000000e+03,2.070000000000000000e+03,2.070000000000000000e+03,2.070000000000000000e+03,2.070000000000000000e+03,2.070000000000000000e+03,2.070000000000000000e+03,2.070000000000000000e+03,2.070000000000000000e+03,2.070000000000000000e+03,2.070000000000000000e+03,2.070000000000000000e+03,2.070000000000000000e+03,2.070000000000000000e+03,2.070000000000000000e+03,2.070000000000000000e+03,2.070000000000000000e+03,2.070000000000000000e+03,2.070000000000000000e+03,2.070000000000000000e+03,2.070000000000000000e+03,2.070000000000000000e+03,2.070000000000000000e+03,2.070000000000000000e+03,2.070000000000000000e+03,2.070000000000000000e+03,2.070000000000000000e+03,2.070000000000000000e+03,2.070000000000000000e+03,2.070000000000000000e+03,2.070000000000000000e+03,2.070000000000000000e+03,2.070000000000000000e+03,2.070000000000000000e+03,2.070000000000000000e+03,2.070000000000000000e+03,2.070000000000000000e+03,2.070000000000000000e+03,2.070000000000000000e+03,2.070000000000000000e+03,2.070000000000000000e+03,2.070000000000000000e+03,2.070000000000000000e+03,2.070000000000000000e+03,2.070000000000000000e+03,2.070000000000000000e+03,2.070000000000000000e+03,2.070000000000000000e+03,2.070000000000000000e+03,2.070000000000000000e+03,2.070000000000000000e+03,2.070000000000000000e+03,2.070000000000000000e+03,2.070000000000000000e+03,2.070000000000000000e+03,2.070000000000000000e+03,2.070000000000000000e+03,2.070000000000000000e+03,2.070000000000000000e+03,2.070000000000000000e+03,2.070000000000000000e+03,2.070000000000000000e+03,2.070000000000000000e+03,2.070000000000000000e+03,2.070000000000000000e+03,2.070000000000000000e+03,2.070000000000000000e+03,2.070000000000000000e+03,2.070000000000000000e+03,2.070000000000000000e+03,2.070000000000000000e+03,2.070000000000000000e+03,2.070000000000000000e+03,2.070000000000000000e+03,2.070000000000000000e+03,2.070000000000000000e+03,2.070000000000000000e+03,2.070000000000000000e+03,2.070000000000000000e+03,2.070000000000000000e+03,2.070000000000000000e+03,2.070000000000000000e+03,2.070000000000000000e+03,2.070000000000000000e+03,2.070000000000000000e+03,2.070000000000000000e+03,2.070000000000000000e+03,2.070000000000000000e+03,2.070000000000000000e+03,2.070000000000000000e+03,2.070000000000000000e+03,2.070000000000000000e+03,2.071000000000000000e+03,2.071000000000000000e+03,2.071000000000000000e+03,2.071000000000000000e+03,2.071000000000000000e+03,2.071000000000000000e+03,2.071000000000000000e+03,2.071000000000000000e+03,2.071000000000000000e+03,2.071000000000000000e+03,2.071000000000000000e+03,2.071000000000000000e+03,2.071000000000000000e+03,2.071000000000000000e+03,2.071000000000000000e+03,2.071000000000000000e+03,2.071000000000000000e+03,2.071000000000000000e+03,2.071000000000000000e+03,2.071000000000000000e+03,2.071000000000000000e+03,2.071000000000000000e+03,2.071000000000000000e+03,2.071000000000000000e+03,2.071000000000000000e+03,2.071000000000000000e+03,2.071000000000000000e+03,2.071000000000000000e+03,2.071000000000000000e+03,2.071000000000000000e+03,2.071000000000000000e+03,2.071000000000000000e+03,2.071000000000000000e+03,2.071000000000000000e+03,2.071000000000000000e+03,2.071000000000000000e+03,2.071000000000000000e+03,2.071000000000000000e+03,2.071000000000000000e+03,2.071000000000000000e+03,2.071000000000000000e+03,2.071000000000000000e+03,2.071000000000000000e+03,2.071000000000000000e+03,2.071000000000000000e+03,2.071000000000000000e+03,2.071000000000000000e+03,2.071000000000000000e+03,2.071000000000000000e+03,2.071000000000000000e+03,2.071000000000000000e+03,2.071000000000000000e+03,2.071000000000000000e+03,2.071000000000000000e+03,2.071000000000000000e+03,2.071000000000000000e+03,2.071000000000000000e+03,2.071000000000000000e+03,2.071000000000000000e+03,2.071000000000000000e+03,2.071000000000000000e+03,2.071000000000000000e+03,2.071000000000000000e+03,2.071000000000000000e+03,2.071000000000000000e+03,2.071000000000000000e+03,2.071000000000000000e+03,2.071000000000000000e+03,2.071000000000000000e+03,2.071000000000000000e+03,2.071000000000000000e+03,2.071000000000000000e+03,2.071000000000000000e+03,2.071000000000000000e+03,2.071000000000000000e+03,2.071000000000000000e+03,2.071000000000000000e+03,2.071000000000000000e+03,2.071000000000000000e+03,2.071000000000000000e+03,2.071000000000000000e+03,2.071000000000000000e+03,2.071000000000000000e+03,2.071000000000000000e+03,2.071000000000000000e+03,2.071000000000000000e+03,2.071000000000000000e+03,2.071000000000000000e+03,2.071000000000000000e+03,2.071000000000000000e+03,2.071000000000000000e+03,2.071000000000000000e+03,2.071000000000000000e+03,2.071000000000000000e+03,2.071000000000000000e+03,2.071000000000000000e+03,2.071000000000000000e+03,2.071000000000000000e+03,2.071000000000000000e+03,2.071000000000000000e+03,2.071000000000000000e+03,2.071000000000000000e+03,2.071000000000000000e+03,2.071000000000000000e+03,2.071000000000000000e+03,2.071000000000000000e+03,2.071000000000000000e+03,2.071000000000000000e+03,2.071000000000000000e+03,2.071000000000000000e+03,2.071000000000000000e+03,2.071000000000000000e+03,2.071000000000000000e+03,2.071000000000000000e+03,2.071000000000000000e+03,2.071000000000000000e+03,2.071000000000000000e+03,2.071000000000000000e+03,2.071000000000000000e+03,2.071000000000000000e+03,2.071000000000000000e+03,2.071000000000000000e+03,2.071000000000000000e+03,2.071000000000000000e+03,2.071000000000000000e+03,2.071000000000000000e+03,2.071000000000000000e+03,2.071000000000000000e+03,2.071000000000000000e+03,2.071000000000000000e+03,2.071000000000000000e+03,2.071000000000000000e+03,2.071000000000000000e+03,2.071000000000000000e+03,2.071000000000000000e+03,2.071000000000000000e+03,2.071000000000000000e+03,2.071000000000000000e+03,2.071000000000000000e+03,2.071000000000000000e+03,2.071000000000000000e+03,2.071000000000000000e+03,2.071000000000000000e+03,2.072000000000000000e+03,2.072000000000000000e+03,2.072000000000000000e+03,2.072000000000000000e+03,2.072000000000000000e+03,2.072000000000000000e+03,2.072000000000000000e+03,2.072000000000000000e+03,2.072000000000000000e+03,2.072000000000000000e+03,2.072000000000000000e+03,2.072000000000000000e+03,2.072000000000000000e+03,2.072000000000000000e+03,2.072000000000000000e+03,2.072000000000000000e+03,2.072000000000000000e+03,2.072000000000000000e+03,2.072000000000000000e+03,2.072000000000000000e+03,2.072000000000000000e+03,2.072000000000000000e+03,2.072000000000000000e+03,2.072000000000000000e+03,2.072000000000000000e+03,2.072000000000000000e+03,2.072000000000000000e+03,2.072000000000000000e+03,2.072000000000000000e+03,2.072000000000000000e+03,2.072000000000000000e+03,2.072000000000000000e+03,2.072000000000000000e+03,2.072000000000000000e+03,2.072000000000000000e+03,2.072000000000000000e+03,2.072000000000000000e+03,2.072000000000000000e+03,2.072000000000000000e+03,2.072000000000000000e+03,2.072000000000000000e+03,2.072000000000000000e+03,2.072000000000000000e+03,2.072000000000000000e+03,2.072000000000000000e+03,2.072000000000000000e+03,2.072000000000000000e+03,2.072000000000000000e+03,2.072000000000000000e+03,2.072000000000000000e+03,2.072000000000000000e+03,2.072000000000000000e+03,2.072000000000000000e+03,2.072000000000000000e+03,2.072000000000000000e+03,2.072000000000000000e+03,2.072000000000000000e+03,2.072000000000000000e+03,2.072000000000000000e+03,2.072000000000000000e+03,2.072000000000000000e+03,2.072000000000000000e+03,2.072000000000000000e+03,2.072000000000000000e+03,2.072000000000000000e+03,2.072000000000000000e+03,2.072000000000000000e+03,2.072000000000000000e+03,2.072000000000000000e+03,2.072000000000000000e+03,2.072000000000000000e+03,2.072000000000000000e+03,2.072000000000000000e+03,2.072000000000000000e+03,2.072000000000000000e+03,2.072000000000000000e+03,2.072000000000000000e+03,2.072000000000000000e+03,2.072000000000000000e+03,2.072000000000000000e+03,2.072000000000000000e+03,2.072000000000000000e+03,2.072000000000000000e+03,2.072000000000000000e+03,2.072000000000000000e+03,2.072000000000000000e+03,2.072000000000000000e+03,2.072000000000000000e+03,2.072000000000000000e+03,2.072000000000000000e+03,2.072000000000000000e+03,2.072000000000000000e+03,2.072000000000000000e+03,2.072000000000000000e+03,2.072000000000000000e+03,2.072000000000000000e+03,2.072000000000000000e+03,2.072000000000000000e+03,2.072000000000000000e+03,2.072000000000000000e+03,2.072000000000000000e+03,2.072000000000000000e+03,2.072000000000000000e+03,2.072000000000000000e+03,2.072000000000000000e+03,2.072000000000000000e+03,2.072000000000000000e+03,2.072000000000000000e+03,2.072000000000000000e+03,2.072000000000000000e+03,2.072000000000000000e+03,2.072000000000000000e+03,2.072000000000000000e+03,2.072000000000000000e+03,2.072000000000000000e+03,2.072000000000000000e+03,2.072000000000000000e+03,2.072000000000000000e+03,2.072000000000000000e+03,2.072000000000000000e+03,2.072000000000000000e+03,2.072000000000000000e+03,2.072000000000000000e+03,2.072000000000000000e+03,2.072000000000000000e+03,2.072000000000000000e+03,2.072000000000000000e+03,2.072000000000000000e+03,2.072000000000000000e+03,2.072000000000000000e+03,2.072000000000000000e+03,2.072000000000000000e+03,2.072000000000000000e+03,2.072000000000000000e+03,2.072000000000000000e+03,2.072000000000000000e+03,2.072000000000000000e+03,2.072000000000000000e+03,2.072000000000000000e+03,2.072000000000000000e+03,2.072000000000000000e+03,2.072000000000000000e+03,2.072000000000000000e+03,2.073000000000000000e+03,2.073000000000000000e+03,2.073000000000000000e+03,2.073000000000000000e+03,2.073000000000000000e+03,2.073000000000000000e+03,2.073000000000000000e+03,2.073000000000000000e+03,2.073000000000000000e+03,2.073000000000000000e+03,2.073000000000000000e+03,2.073000000000000000e+03,2.073000000000000000e+03,2.073000000000000000e+03,2.073000000000000000e+03,2.073000000000000000e+03,2.073000000000000000e+03,2.073000000000000000e+03,2.073000000000000000e+03,2.073000000000000000e+03,2.073000000000000000e+03,2.073000000000000000e+03,2.073000000000000000e+03,2.073000000000000000e+03,2.073000000000000000e+03,2.073000000000000000e+03,2.073000000000000000e+03,2.073000000000000000e+03,2.073000000000000000e+03,2.073000000000000000e+03,2.073000000000000000e+03,2.073000000000000000e+03,2.073000000000000000e+03,2.073000000000000000e+03,2.073000000000000000e+03,2.073000000000000000e+03,2.073000000000000000e+03,2.073000000000000000e+03,2.073000000000000000e+03,2.073000000000000000e+03,2.073000000000000000e+03,2.073000000000000000e+03,2.073000000000000000e+03,2.073000000000000000e+03,2.073000000000000000e+03,2.073000000000000000e+03,2.073000000000000000e+03,2.073000000000000000e+03,2.073000000000000000e+03,2.073000000000000000e+03,2.073000000000000000e+03,2.073000000000000000e+03,2.073000000000000000e+03,2.073000000000000000e+03,2.073000000000000000e+03,2.073000000000000000e+03,2.073000000000000000e+03,2.073000000000000000e+03,2.073000000000000000e+03,2.073000000000000000e+03,2.073000000000000000e+03,2.073000000000000000e+03,2.073000000000000000e+03,2.073000000000000000e+03,2.073000000000000000e+03,2.073000000000000000e+03,2.073000000000000000e+03,2.073000000000000000e+03,2.073000000000000000e+03,2.073000000000000000e+03,2.073000000000000000e+03,2.073000000000000000e+03,2.073000000000000000e+03,2.073000000000000000e+03,2.073000000000000000e+03,2.073000000000000000e+03,2.073000000000000000e+03,2.073000000000000000e+03,2.073000000000000000e+03,2.073000000000000000e+03,2.073000000000000000e+03,2.073000000000000000e+03,2.073000000000000000e+03,2.073000000000000000e+03,2.073000000000000000e+03,2.073000000000000000e+03,2.073000000000000000e+03,2.073000000000000000e+03,2.073000000000000000e+03,2.073000000000000000e+03,2.073000000000000000e+03,2.073000000000000000e+03,2.073000000000000000e+03,2.073000000000000000e+03,2.073000000000000000e+03,2.073000000000000000e+03,2.073000000000000000e+03,2.073000000000000000e+03,2.073000000000000000e+03,2.073000000000000000e+03,2.073000000000000000e+03,2.073000000000000000e+03,2.073000000000000000e+03,2.073000000000000000e+03,2.073000000000000000e+03,2.073000000000000000e+03,2.073000000000000000e+03,2.073000000000000000e+03,2.073000000000000000e+03,2.073000000000000000e+03,2.073000000000000000e+03,2.073000000000000000e+03,2.073000000000000000e+03,2.073000000000000000e+03,2.073000000000000000e+03,2.073000000000000000e+03,2.073000000000000000e+03,2.073000000000000000e+03,2.073000000000000000e+03,2.073000000000000000e+03,2.073000000000000000e+03,2.073000000000000000e+03,2.073000000000000000e+03,2.073000000000000000e+03,2.073000000000000000e+03,2.073000000000000000e+03,2.073000000000000000e+03,2.073000000000000000e+03,2.073000000000000000e+03,2.073000000000000000e+03,2.073000000000000000e+03,2.073000000000000000e+03,2.073000000000000000e+03,2.073000000000000000e+03,2.073000000000000000e+03,2.073000000000000000e+03,2.073000000000000000e+03,2.073000000000000000e+03,2.073000000000000000e+03,2.073000000000000000e+03,2.073000000000000000e+03,2.073000000000000000e+03,2.074000000000000000e+03,2.074000000000000000e+03,2.074000000000000000e+03,2.074000000000000000e+03,2.074000000000000000e+03,2.074000000000000000e+03,2.074000000000000000e+03,2.074000000000000000e+03,2.074000000000000000e+03,2.074000000000000000e+03,2.074000000000000000e+03,2.074000000000000000e+03,2.074000000000000000e+03,2.074000000000000000e+03,2.074000000000000000e+03,2.074000000000000000e+03,2.074000000000000000e+03,2.074000000000000000e+03,2.074000000000000000e+03,2.074000000000000000e+03,2.074000000000000000e+03,2.074000000000000000e+03,2.074000000000000000e+03,2.074000000000000000e+03,2.074000000000000000e+03,2.074000000000000000e+03,2.074000000000000000e+03,2.074000000000000000e+03,2.074000000000000000e+03,2.074000000000000000e+03,2.074000000000000000e+03,2.074000000000000000e+03,2.074000000000000000e+03,2.074000000000000000e+03,2.074000000000000000e+03,2.074000000000000000e+03,2.074000000000000000e+03,2.074000000000000000e+03,2.074000000000000000e+03,2.074000000000000000e+03,2.074000000000000000e+03,2.074000000000000000e+03,2.074000000000000000e+03,2.074000000000000000e+03,2.074000000000000000e+03,2.074000000000000000e+03,2.074000000000000000e+03,2.074000000000000000e+03,2.074000000000000000e+03,2.074000000000000000e+03,2.074000000000000000e+03,2.074000000000000000e+03,2.074000000000000000e+03,2.074000000000000000e+03,2.074000000000000000e+03,2.074000000000000000e+03,2.074000000000000000e+03,2.074000000000000000e+03,2.074000000000000000e+03,2.074000000000000000e+03,2.074000000000000000e+03,2.074000000000000000e+03,2.074000000000000000e+03,2.074000000000000000e+03,2.074000000000000000e+03,2.074000000000000000e+03,2.074000000000000000e+03,2.074000000000000000e+03,2.074000000000000000e+03,2.074000000000000000e+03,2.074000000000000000e+03,2.074000000000000000e+03,2.074000000000000000e+03,2.074000000000000000e+03,2.074000000000000000e+03,2.074000000000000000e+03,2.074000000000000000e+03,2.074000000000000000e+03,2.074000000000000000e+03,2.074000000000000000e+03,2.074000000000000000e+03,2.074000000000000000e+03,2.074000000000000000e+03,2.074000000000000000e+03,2.074000000000000000e+03,2.074000000000000000e+03,2.074000000000000000e+03,2.074000000000000000e+03,2.074000000000000000e+03,2.074000000000000000e+03,2.074000000000000000e+03,2.074000000000000000e+03,2.074000000000000000e+03,2.074000000000000000e+03,2.074000000000000000e+03,2.074000000000000000e+03,2.074000000000000000e+03,2.074000000000000000e+03,2.074000000000000000e+03,2.074000000000000000e+03,2.074000000000000000e+03,2.074000000000000000e+03,2.074000000000000000e+03,2.074000000000000000e+03,2.074000000000000000e+03,2.074000000000000000e+03,2.074000000000000000e+03,2.074000000000000000e+03,2.074000000000000000e+03,2.074000000000000000e+03,2.074000000000000000e+03,2.074000000000000000e+03,2.074000000000000000e+03,2.074000000000000000e+03,2.074000000000000000e+03,2.074000000000000000e+03,2.074000000000000000e+03,2.074000000000000000e+03,2.074000000000000000e+03,2.074000000000000000e+03,2.074000000000000000e+03,2.074000000000000000e+03,2.074000000000000000e+03,2.074000000000000000e+03,2.074000000000000000e+03,2.074000000000000000e+03,2.074000000000000000e+03,2.074000000000000000e+03,2.074000000000000000e+03,2.074000000000000000e+03,2.074000000000000000e+03,2.074000000000000000e+03,2.074000000000000000e+03,2.074000000000000000e+03,2.074000000000000000e+03,2.074000000000000000e+03,2.074000000000000000e+03,2.074000000000000000e+03,2.074000000000000000e+03,2.074000000000000000e+03,2.074000000000000000e+03,2.074000000000000000e+03,2.075000000000000000e+03,2.075000000000000000e+03,2.075000000000000000e+03,2.075000000000000000e+03,2.075000000000000000e+03,2.075000000000000000e+03,2.075000000000000000e+03,2.075000000000000000e+03,2.075000000000000000e+03,2.075000000000000000e+03,2.075000000000000000e+03,2.075000000000000000e+03,2.075000000000000000e+03,2.075000000000000000e+03,2.075000000000000000e+03,2.075000000000000000e+03,2.075000000000000000e+03,2.075000000000000000e+03,2.075000000000000000e+03,2.075000000000000000e+03,2.075000000000000000e+03,2.075000000000000000e+03,2.075000000000000000e+03,2.075000000000000000e+03,2.075000000000000000e+03,2.075000000000000000e+03,2.075000000000000000e+03,2.075000000000000000e+03,2.075000000000000000e+03,2.075000000000000000e+03,2.075000000000000000e+03,2.075000000000000000e+03,2.075000000000000000e+03,2.075000000000000000e+03,2.075000000000000000e+03,2.075000000000000000e+03,2.075000000000000000e+03,2.075000000000000000e+03,2.075000000000000000e+03,2.075000000000000000e+03,2.075000000000000000e+03,2.075000000000000000e+03,2.075000000000000000e+03,2.075000000000000000e+03,2.075000000000000000e+03,2.075000000000000000e+03,2.075000000000000000e+03,2.075000000000000000e+03,2.075000000000000000e+03,2.075000000000000000e+03,2.075000000000000000e+03,2.075000000000000000e+03,2.075000000000000000e+03,2.075000000000000000e+03,2.075000000000000000e+03,2.075000000000000000e+03,2.075000000000000000e+03,2.075000000000000000e+03,2.075000000000000000e+03,2.075000000000000000e+03,2.075000000000000000e+03,2.075000000000000000e+03,2.075000000000000000e+03,2.075000000000000000e+03,2.075000000000000000e+03,2.075000000000000000e+03,2.075000000000000000e+03,2.075000000000000000e+03,2.075000000000000000e+03,2.075000000000000000e+03,2.075000000000000000e+03,2.075000000000000000e+03,2.075000000000000000e+03,2.075000000000000000e+03,2.075000000000000000e+03,2.075000000000000000e+03,2.075000000000000000e+03,2.075000000000000000e+03,2.075000000000000000e+03,2.075000000000000000e+03,2.075000000000000000e+03,2.075000000000000000e+03,2.075000000000000000e+03,2.075000000000000000e+03,2.075000000000000000e+03,2.075000000000000000e+03,2.075000000000000000e+03,2.075000000000000000e+03,2.075000000000000000e+03,2.075000000000000000e+03,2.075000000000000000e+03,2.075000000000000000e+03,2.075000000000000000e+03,2.075000000000000000e+03,2.075000000000000000e+03,2.075000000000000000e+03,2.075000000000000000e+03,2.075000000000000000e+03,2.075000000000000000e+03,2.075000000000000000e+03,2.075000000000000000e+03,2.075000000000000000e+03,2.075000000000000000e+03,2.075000000000000000e+03,2.075000000000000000e+03,2.075000000000000000e+03,2.075000000000000000e+03,2.075000000000000000e+03,2.075000000000000000e+03,2.075000000000000000e+03,2.075000000000000000e+03,2.075000000000000000e+03,2.075000000000000000e+03,2.075000000000000000e+03,2.075000000000000000e+03,2.075000000000000000e+03,2.075000000000000000e+03,2.075000000000000000e+03,2.075000000000000000e+03,2.075000000000000000e+03,2.075000000000000000e+03,2.075000000000000000e+03,2.075000000000000000e+03,2.075000000000000000e+03,2.075000000000000000e+03,2.075000000000000000e+03,2.075000000000000000e+03,2.075000000000000000e+03,2.075000000000000000e+03,2.075000000000000000e+03,2.075000000000000000e+03,2.075000000000000000e+03,2.075000000000000000e+03,2.075000000000000000e+03,2.075000000000000000e+03,2.075000000000000000e+03,2.075000000000000000e+03,2.075000000000000000e+03,2.075000000000000000e+03,2.075000000000000000e+03,2.075000000000000000e+03,2.076000000000000000e+03,2.076000000000000000e+03,2.076000000000000000e+03,2.076000000000000000e+03,2.076000000000000000e+03,2.076000000000000000e+03,2.076000000000000000e+03,2.076000000000000000e+03,2.076000000000000000e+03,2.076000000000000000e+03,2.076000000000000000e+03,2.076000000000000000e+03,2.076000000000000000e+03,2.076000000000000000e+03,2.076000000000000000e+03,2.076000000000000000e+03,2.076000000000000000e+03,2.076000000000000000e+03,2.076000000000000000e+03,2.076000000000000000e+03,2.076000000000000000e+03,2.076000000000000000e+03,2.076000000000000000e+03,2.076000000000000000e+03,2.076000000000000000e+03,2.076000000000000000e+03,2.076000000000000000e+03,2.076000000000000000e+03,2.076000000000000000e+03,2.076000000000000000e+03,2.076000000000000000e+03,2.076000000000000000e+03,2.076000000000000000e+03,2.076000000000000000e+03,2.076000000000000000e+03,2.076000000000000000e+03,2.076000000000000000e+03,2.076000000000000000e+03,2.076000000000000000e+03,2.076000000000000000e+03,2.076000000000000000e+03,2.076000000000000000e+03,2.076000000000000000e+03,2.076000000000000000e+03,2.076000000000000000e+03,2.076000000000000000e+03,2.076000000000000000e+03,2.076000000000000000e+03,2.076000000000000000e+03,2.076000000000000000e+03,2.076000000000000000e+03,2.076000000000000000e+03,2.076000000000000000e+03,2.076000000000000000e+03,2.076000000000000000e+03,2.076000000000000000e+03,2.076000000000000000e+03,2.076000000000000000e+03,2.076000000000000000e+03,2.076000000000000000e+03,2.076000000000000000e+03,2.076000000000000000e+03,2.076000000000000000e+03,2.076000000000000000e+03,2.076000000000000000e+03,2.076000000000000000e+03,2.076000000000000000e+03,2.076000000000000000e+03,2.076000000000000000e+03,2.076000000000000000e+03,2.076000000000000000e+03,2.076000000000000000e+03,2.076000000000000000e+03,2.076000000000000000e+03,2.076000000000000000e+03,2.076000000000000000e+03,2.076000000000000000e+03,2.076000000000000000e+03,2.076000000000000000e+03,2.076000000000000000e+03,2.076000000000000000e+03,2.076000000000000000e+03,2.076000000000000000e+03,2.076000000000000000e+03,2.076000000000000000e+03,2.076000000000000000e+03,2.076000000000000000e+03,2.076000000000000000e+03,2.076000000000000000e+03,2.076000000000000000e+03,2.076000000000000000e+03,2.076000000000000000e+03,2.076000000000000000e+03,2.076000000000000000e+03,2.076000000000000000e+03,2.076000000000000000e+03,2.076000000000000000e+03,2.076000000000000000e+03,2.076000000000000000e+03,2.076000000000000000e+03,2.076000000000000000e+03,2.076000000000000000e+03,2.076000000000000000e+03,2.076000000000000000e+03,2.076000000000000000e+03,2.076000000000000000e+03,2.076000000000000000e+03,2.076000000000000000e+03,2.076000000000000000e+03,2.076000000000000000e+03,2.076000000000000000e+03,2.076000000000000000e+03,2.076000000000000000e+03,2.076000000000000000e+03,2.076000000000000000e+03,2.076000000000000000e+03,2.076000000000000000e+03,2.076000000000000000e+03,2.076000000000000000e+03,2.076000000000000000e+03,2.076000000000000000e+03,2.076000000000000000e+03,2.076000000000000000e+03,2.076000000000000000e+03,2.076000000000000000e+03,2.076000000000000000e+03,2.076000000000000000e+03,2.076000000000000000e+03,2.076000000000000000e+03,2.076000000000000000e+03,2.076000000000000000e+03,2.076000000000000000e+03,2.076000000000000000e+03,2.076000000000000000e+03,2.076000000000000000e+03,2.076000000000000000e+03,2.076000000000000000e+03,2.076000000000000000e+03,2.076000000000000000e+03,2.076000000000000000e+03,2.076000000000000000e+03,2.077000000000000000e+03,2.077000000000000000e+03,2.077000000000000000e+03,2.077000000000000000e+03,2.077000000000000000e+03,2.077000000000000000e+03,2.077000000000000000e+03,2.077000000000000000e+03,2.077000000000000000e+03,2.077000000000000000e+03,2.077000000000000000e+03,2.077000000000000000e+03,2.077000000000000000e+03,2.077000000000000000e+03,2.077000000000000000e+03,2.077000000000000000e+03,2.077000000000000000e+03,2.077000000000000000e+03,2.077000000000000000e+03,2.077000000000000000e+03,2.077000000000000000e+03,2.077000000000000000e+03,2.077000000000000000e+03,2.077000000000000000e+03,2.077000000000000000e+03,2.077000000000000000e+03,2.077000000000000000e+03,2.077000000000000000e+03,2.077000000000000000e+03,2.077000000000000000e+03,2.077000000000000000e+03,2.077000000000000000e+03,2.077000000000000000e+03,2.077000000000000000e+03,2.077000000000000000e+03,2.077000000000000000e+03,2.077000000000000000e+03,2.077000000000000000e+03,2.077000000000000000e+03,2.077000000000000000e+03,2.077000000000000000e+03,2.077000000000000000e+03,2.077000000000000000e+03,2.077000000000000000e+03,2.077000000000000000e+03,2.077000000000000000e+03,2.077000000000000000e+03,2.077000000000000000e+03,2.077000000000000000e+03,2.077000000000000000e+03,2.077000000000000000e+03,2.077000000000000000e+03,2.077000000000000000e+03,2.077000000000000000e+03,2.077000000000000000e+03,2.077000000000000000e+03,2.077000000000000000e+03,2.077000000000000000e+03,2.077000000000000000e+03,2.077000000000000000e+03,2.077000000000000000e+03,2.077000000000000000e+03,2.077000000000000000e+03,2.077000000000000000e+03,2.077000000000000000e+03,2.077000000000000000e+03,2.077000000000000000e+03,2.077000000000000000e+03,2.077000000000000000e+03,2.077000000000000000e+03,2.077000000000000000e+03,2.077000000000000000e+03,2.077000000000000000e+03,2.077000000000000000e+03,2.077000000000000000e+03,2.077000000000000000e+03,2.077000000000000000e+03,2.077000000000000000e+03,2.077000000000000000e+03,2.077000000000000000e+03,2.077000000000000000e+03,2.077000000000000000e+03,2.077000000000000000e+03,2.077000000000000000e+03,2.077000000000000000e+03,2.077000000000000000e+03,2.077000000000000000e+03,2.077000000000000000e+03,2.077000000000000000e+03,2.077000000000000000e+03,2.077000000000000000e+03,2.077000000000000000e+03,2.077000000000000000e+03,2.077000000000000000e+03,2.077000000000000000e+03,2.077000000000000000e+03,2.077000000000000000e+03,2.077000000000000000e+03,2.077000000000000000e+03,2.077000000000000000e+03,2.077000000000000000e+03,2.077000000000000000e+03,2.077000000000000000e+03,2.077000000000000000e+03,2.077000000000000000e+03,2.077000000000000000e+03,2.077000000000000000e+03,2.077000000000000000e+03,2.077000000000000000e+03,2.077000000000000000e+03,2.077000000000000000e+03,2.077000000000000000e+03,2.077000000000000000e+03,2.077000000000000000e+03,2.077000000000000000e+03,2.077000000000000000e+03,2.077000000000000000e+03,2.077000000000000000e+03,2.077000000000000000e+03,2.077000000000000000e+03,2.077000000000000000e+03,2.077000000000000000e+03,2.077000000000000000e+03,2.077000000000000000e+03,2.077000000000000000e+03,2.077000000000000000e+03,2.077000000000000000e+03,2.077000000000000000e+03,2.077000000000000000e+03,2.077000000000000000e+03,2.077000000000000000e+03,2.077000000000000000e+03,2.077000000000000000e+03,2.077000000000000000e+03,2.077000000000000000e+03,2.077000000000000000e+03,2.077000000000000000e+03,2.077000000000000000e+03,2.077000000000000000e+03,2.077000000000000000e+03,2.078000000000000000e+03,2.078000000000000000e+03,2.078000000000000000e+03,2.078000000000000000e+03,2.078000000000000000e+03,2.078000000000000000e+03,2.078000000000000000e+03,2.078000000000000000e+03,2.078000000000000000e+03,2.078000000000000000e+03,2.078000000000000000e+03,2.078000000000000000e+03,2.078000000000000000e+03,2.078000000000000000e+03,2.078000000000000000e+03,2.078000000000000000e+03,2.078000000000000000e+03,2.078000000000000000e+03,2.078000000000000000e+03,2.078000000000000000e+03,2.078000000000000000e+03,2.078000000000000000e+03,2.078000000000000000e+03,2.078000000000000000e+03,2.078000000000000000e+03,2.078000000000000000e+03,2.078000000000000000e+03,2.078000000000000000e+03,2.078000000000000000e+03,2.078000000000000000e+03,2.078000000000000000e+03,2.078000000000000000e+03,2.078000000000000000e+03,2.078000000000000000e+03,2.078000000000000000e+03,2.078000000000000000e+03,2.078000000000000000e+03,2.078000000000000000e+03,2.078000000000000000e+03,2.078000000000000000e+03,2.078000000000000000e+03,2.078000000000000000e+03,2.078000000000000000e+03,2.078000000000000000e+03,2.078000000000000000e+03,2.078000000000000000e+03,2.078000000000000000e+03,2.078000000000000000e+03,2.078000000000000000e+03,2.078000000000000000e+03,2.078000000000000000e+03,2.078000000000000000e+03,2.078000000000000000e+03,2.078000000000000000e+03,2.078000000000000000e+03,2.078000000000000000e+03,2.078000000000000000e+03,2.078000000000000000e+03,2.078000000000000000e+03,2.078000000000000000e+03,2.078000000000000000e+03,2.078000000000000000e+03,2.078000000000000000e+03,2.078000000000000000e+03,2.078000000000000000e+03,2.078000000000000000e+03,2.078000000000000000e+03,2.078000000000000000e+03,2.078000000000000000e+03,2.078000000000000000e+03,2.078000000000000000e+03,2.078000000000000000e+03,2.078000000000000000e+03,2.078000000000000000e+03,2.078000000000000000e+03,2.078000000000000000e+03,2.078000000000000000e+03,2.078000000000000000e+03,2.078000000000000000e+03,2.078000000000000000e+03,2.078000000000000000e+03,2.078000000000000000e+03,2.078000000000000000e+03,2.078000000000000000e+03,2.078000000000000000e+03,2.078000000000000000e+03,2.078000000000000000e+03,2.078000000000000000e+03,2.078000000000000000e+03,2.078000000000000000e+03,2.078000000000000000e+03,2.078000000000000000e+03,2.078000000000000000e+03,2.078000000000000000e+03,2.078000000000000000e+03,2.078000000000000000e+03,2.078000000000000000e+03,2.078000000000000000e+03,2.078000000000000000e+03,2.078000000000000000e+03,2.078000000000000000e+03,2.078000000000000000e+03,2.078000000000000000e+03,2.078000000000000000e+03,2.078000000000000000e+03,2.078000000000000000e+03,2.078000000000000000e+03,2.078000000000000000e+03,2.078000000000000000e+03,2.078000000000000000e+03,2.078000000000000000e+03,2.078000000000000000e+03,2.078000000000000000e+03,2.078000000000000000e+03,2.078000000000000000e+03,2.078000000000000000e+03,2.078000000000000000e+03,2.078000000000000000e+03,2.078000000000000000e+03,2.078000000000000000e+03,2.078000000000000000e+03,2.078000000000000000e+03,2.078000000000000000e+03,2.078000000000000000e+03,2.078000000000000000e+03,2.078000000000000000e+03,2.078000000000000000e+03,2.078000000000000000e+03,2.078000000000000000e+03,2.078000000000000000e+03,2.078000000000000000e+03,2.078000000000000000e+03,2.078000000000000000e+03,2.078000000000000000e+03,2.078000000000000000e+03,2.078000000000000000e+03,2.078000000000000000e+03,2.078000000000000000e+03,2.078000000000000000e+03,2.079000000000000000e+03,2.079000000000000000e+03,2.079000000000000000e+03,2.079000000000000000e+03,2.079000000000000000e+03,2.079000000000000000e+03,2.079000000000000000e+03,2.079000000000000000e+03,2.079000000000000000e+03,2.079000000000000000e+03,2.079000000000000000e+03,2.079000000000000000e+03,2.079000000000000000e+03,2.079000000000000000e+03,2.079000000000000000e+03,2.079000000000000000e+03,2.079000000000000000e+03,2.079000000000000000e+03,2.079000000000000000e+03,2.079000000000000000e+03,2.079000000000000000e+03,2.079000000000000000e+03,2.079000000000000000e+03,2.079000000000000000e+03,2.079000000000000000e+03,2.079000000000000000e+03,2.079000000000000000e+03,2.079000000000000000e+03,2.079000000000000000e+03,2.079000000000000000e+03,2.079000000000000000e+03,2.079000000000000000e+03,2.079000000000000000e+03,2.079000000000000000e+03,2.079000000000000000e+03,2.079000000000000000e+03,2.079000000000000000e+03,2.079000000000000000e+03,2.079000000000000000e+03,2.079000000000000000e+03,2.079000000000000000e+03,2.079000000000000000e+03,2.079000000000000000e+03,2.079000000000000000e+03,2.079000000000000000e+03,2.079000000000000000e+03,2.079000000000000000e+03,2.079000000000000000e+03,2.079000000000000000e+03,2.079000000000000000e+03,2.079000000000000000e+03,2.079000000000000000e+03,2.079000000000000000e+03,2.079000000000000000e+03,2.079000000000000000e+03,2.079000000000000000e+03,2.079000000000000000e+03,2.079000000000000000e+03,2.079000000000000000e+03,2.079000000000000000e+03,2.079000000000000000e+03,2.079000000000000000e+03,2.079000000000000000e+03,2.079000000000000000e+03,2.079000000000000000e+03,2.079000000000000000e+03,2.079000000000000000e+03,2.079000000000000000e+03,2.079000000000000000e+03,2.079000000000000000e+03,2.079000000000000000e+03,2.079000000000000000e+03,2.079000000000000000e+03,2.079000000000000000e+03,2.079000000000000000e+03,2.079000000000000000e+03,2.079000000000000000e+03,2.079000000000000000e+03,2.079000000000000000e+03,2.079000000000000000e+03,2.079000000000000000e+03,2.079000000000000000e+03,2.079000000000000000e+03,2.079000000000000000e+03,2.079000000000000000e+03,2.079000000000000000e+03,2.079000000000000000e+03,2.079000000000000000e+03,2.079000000000000000e+03,2.079000000000000000e+03,2.079000000000000000e+03,2.079000000000000000e+03,2.079000000000000000e+03,2.079000000000000000e+03,2.079000000000000000e+03,2.079000000000000000e+03,2.079000000000000000e+03,2.079000000000000000e+03,2.079000000000000000e+03,2.079000000000000000e+03,2.079000000000000000e+03,2.079000000000000000e+03,2.079000000000000000e+03,2.079000000000000000e+03,2.079000000000000000e+03,2.079000000000000000e+03,2.079000000000000000e+03,2.079000000000000000e+03,2.079000000000000000e+03,2.079000000000000000e+03,2.079000000000000000e+03,2.079000000000000000e+03,2.079000000000000000e+03,2.079000000000000000e+03,2.079000000000000000e+03,2.079000000000000000e+03,2.079000000000000000e+03,2.079000000000000000e+03,2.079000000000000000e+03,2.079000000000000000e+03,2.079000000000000000e+03,2.079000000000000000e+03,2.079000000000000000e+03,2.079000000000000000e+03,2.079000000000000000e+03,2.079000000000000000e+03,2.079000000000000000e+03,2.079000000000000000e+03,2.079000000000000000e+03,2.079000000000000000e+03,2.079000000000000000e+03,2.079000000000000000e+03,2.079000000000000000e+03,2.079000000000000000e+03,2.079000000000000000e+03,2.079000000000000000e+03,2.079000000000000000e+03,2.079000000000000000e+03,2.080000000000000000e+03,2.080000000000000000e+03,2.080000000000000000e+03,2.080000000000000000e+03,2.080000000000000000e+03,2.080000000000000000e+03,2.080000000000000000e+03,2.080000000000000000e+03,2.080000000000000000e+03,2.080000000000000000e+03,2.080000000000000000e+03,2.080000000000000000e+03,2.080000000000000000e+03,2.080000000000000000e+03,2.080000000000000000e+03,2.080000000000000000e+03,2.080000000000000000e+03,2.080000000000000000e+03,2.080000000000000000e+03,2.080000000000000000e+03,2.080000000000000000e+03,2.080000000000000000e+03,2.080000000000000000e+03,2.080000000000000000e+03,2.080000000000000000e+03,2.080000000000000000e+03,2.080000000000000000e+03,2.080000000000000000e+03,2.080000000000000000e+03,2.080000000000000000e+03,2.080000000000000000e+03,2.080000000000000000e+03,2.080000000000000000e+03,2.080000000000000000e+03,2.080000000000000000e+03,2.080000000000000000e+03,2.080000000000000000e+03,2.080000000000000000e+03,2.080000000000000000e+03,2.080000000000000000e+03,2.080000000000000000e+03,2.080000000000000000e+03,2.080000000000000000e+03,2.080000000000000000e+03,2.080000000000000000e+03,2.080000000000000000e+03,2.080000000000000000e+03,2.080000000000000000e+03,2.080000000000000000e+03,2.080000000000000000e+03,2.080000000000000000e+03,2.080000000000000000e+03,2.080000000000000000e+03,2.080000000000000000e+03,2.080000000000000000e+03,2.080000000000000000e+03,2.080000000000000000e+03,2.080000000000000000e+03,2.080000000000000000e+03,2.080000000000000000e+03,2.080000000000000000e+03,2.080000000000000000e+03,2.080000000000000000e+03,2.080000000000000000e+03,2.080000000000000000e+03,2.080000000000000000e+03,2.080000000000000000e+03,2.080000000000000000e+03,2.080000000000000000e+03,2.080000000000000000e+03,2.080000000000000000e+03,2.080000000000000000e+03,2.080000000000000000e+03,2.080000000000000000e+03,2.080000000000000000e+03,2.080000000000000000e+03,2.080000000000000000e+03,2.080000000000000000e+03,2.080000000000000000e+03,2.080000000000000000e+03,2.080000000000000000e+03,2.080000000000000000e+03,2.080000000000000000e+03,2.080000000000000000e+03,2.080000000000000000e+03,2.080000000000000000e+03,2.080000000000000000e+03,2.080000000000000000e+03,2.080000000000000000e+03,2.080000000000000000e+03,2.080000000000000000e+03,2.080000000000000000e+03,2.080000000000000000e+03,2.080000000000000000e+03,2.080000000000000000e+03,2.080000000000000000e+03,2.080000000000000000e+03,2.080000000000000000e+03,2.080000000000000000e+03,2.080000000000000000e+03,2.080000000000000000e+03,2.080000000000000000e+03,2.080000000000000000e+03,2.080000000000000000e+03,2.080000000000000000e+03,2.080000000000000000e+03,2.080000000000000000e+03,2.080000000000000000e+03,2.080000000000000000e+03,2.080000000000000000e+03,2.080000000000000000e+03,2.080000000000000000e+03,2.080000000000000000e+03,2.080000000000000000e+03,2.080000000000000000e+03,2.080000000000000000e+03,2.080000000000000000e+03,2.080000000000000000e+03,2.080000000000000000e+03,2.080000000000000000e+03,2.080000000000000000e+03,2.080000000000000000e+03,2.080000000000000000e+03,2.080000000000000000e+03,2.080000000000000000e+03,2.080000000000000000e+03,2.080000000000000000e+03,2.080000000000000000e+03,2.080000000000000000e+03,2.080000000000000000e+03,2.080000000000000000e+03,2.080000000000000000e+03,2.080000000000000000e+03,2.080000000000000000e+03,2.080000000000000000e+03,2.080000000000000000e+03,2.080000000000000000e+03,2.080000000000000000e+03,2.081000000000000000e+03,2.081000000000000000e+03,2.081000000000000000e+03,2.081000000000000000e+03,2.081000000000000000e+03,2.081000000000000000e+03,2.081000000000000000e+03,2.081000000000000000e+03,2.081000000000000000e+03,2.081000000000000000e+03,2.081000000000000000e+03,2.081000000000000000e+03,2.081000000000000000e+03,2.081000000000000000e+03,2.081000000000000000e+03,2.081000000000000000e+03,2.081000000000000000e+03,2.081000000000000000e+03,2.081000000000000000e+03,2.081000000000000000e+03,2.081000000000000000e+03,2.081000000000000000e+03,2.081000000000000000e+03,2.081000000000000000e+03,2.081000000000000000e+03,2.081000000000000000e+03,2.081000000000000000e+03,2.081000000000000000e+03,2.081000000000000000e+03,2.081000000000000000e+03,2.081000000000000000e+03,2.081000000000000000e+03,2.081000000000000000e+03,2.081000000000000000e+03,2.081000000000000000e+03,2.081000000000000000e+03,2.081000000000000000e+03,2.081000000000000000e+03,2.081000000000000000e+03,2.081000000000000000e+03,2.081000000000000000e+03,2.081000000000000000e+03,2.081000000000000000e+03,2.081000000000000000e+03,2.081000000000000000e+03,2.081000000000000000e+03,2.081000000000000000e+03,2.081000000000000000e+03,2.081000000000000000e+03,2.081000000000000000e+03,2.081000000000000000e+03,2.081000000000000000e+03,2.081000000000000000e+03,2.081000000000000000e+03,2.081000000000000000e+03,2.081000000000000000e+03,2.081000000000000000e+03,2.081000000000000000e+03,2.081000000000000000e+03,2.081000000000000000e+03,2.081000000000000000e+03,2.081000000000000000e+03,2.081000000000000000e+03,2.081000000000000000e+03,2.081000000000000000e+03,2.081000000000000000e+03,2.081000000000000000e+03,2.081000000000000000e+03,2.081000000000000000e+03,2.081000000000000000e+03,2.081000000000000000e+03,2.081000000000000000e+03,2.081000000000000000e+03,2.081000000000000000e+03,2.081000000000000000e+03,2.081000000000000000e+03,2.081000000000000000e+03,2.081000000000000000e+03,2.081000000000000000e+03,2.081000000000000000e+03,2.081000000000000000e+03,2.081000000000000000e+03,2.081000000000000000e+03,2.081000000000000000e+03,2.081000000000000000e+03,2.081000000000000000e+03,2.081000000000000000e+03,2.081000000000000000e+03,2.081000000000000000e+03,2.081000000000000000e+03,2.081000000000000000e+03,2.081000000000000000e+03,2.081000000000000000e+03,2.081000000000000000e+03,2.081000000000000000e+03,2.081000000000000000e+03,2.081000000000000000e+03,2.081000000000000000e+03,2.081000000000000000e+03,2.081000000000000000e+03,2.081000000000000000e+03,2.081000000000000000e+03,2.081000000000000000e+03,2.081000000000000000e+03,2.081000000000000000e+03,2.081000000000000000e+03,2.081000000000000000e+03,2.081000000000000000e+03,2.081000000000000000e+03,2.081000000000000000e+03,2.081000000000000000e+03,2.081000000000000000e+03,2.081000000000000000e+03,2.081000000000000000e+03,2.081000000000000000e+03,2.081000000000000000e+03,2.081000000000000000e+03,2.081000000000000000e+03,2.081000000000000000e+03,2.081000000000000000e+03,2.081000000000000000e+03,2.081000000000000000e+03,2.081000000000000000e+03,2.081000000000000000e+03,2.081000000000000000e+03,2.081000000000000000e+03,2.081000000000000000e+03,2.081000000000000000e+03,2.081000000000000000e+03,2.081000000000000000e+03,2.081000000000000000e+03,2.081000000000000000e+03,2.081000000000000000e+03,2.081000000000000000e+03,2.081000000000000000e+03,2.081000000000000000e+03,2.081000000000000000e+03,2.082000000000000000e+03,2.082000000000000000e+03,2.082000000000000000e+03,2.082000000000000000e+03,2.082000000000000000e+03,2.082000000000000000e+03,2.082000000000000000e+03,2.082000000000000000e+03,2.082000000000000000e+03,2.082000000000000000e+03,2.082000000000000000e+03,2.082000000000000000e+03,2.082000000000000000e+03,2.082000000000000000e+03,2.082000000000000000e+03,2.082000000000000000e+03,2.082000000000000000e+03,2.082000000000000000e+03,2.082000000000000000e+03,2.082000000000000000e+03,2.082000000000000000e+03,2.082000000000000000e+03,2.082000000000000000e+03,2.082000000000000000e+03,2.082000000000000000e+03,2.082000000000000000e+03,2.082000000000000000e+03,2.082000000000000000e+03,2.082000000000000000e+03,2.082000000000000000e+03,2.082000000000000000e+03,2.082000000000000000e+03,2.082000000000000000e+03,2.082000000000000000e+03,2.082000000000000000e+03,2.082000000000000000e+03,2.082000000000000000e+03,2.082000000000000000e+03,2.082000000000000000e+03,2.082000000000000000e+03,2.082000000000000000e+03,2.082000000000000000e+03,2.082000000000000000e+03,2.082000000000000000e+03,2.082000000000000000e+03,2.082000000000000000e+03,2.082000000000000000e+03,2.082000000000000000e+03,2.082000000000000000e+03,2.082000000000000000e+03,2.082000000000000000e+03,2.082000000000000000e+03,2.082000000000000000e+03,2.082000000000000000e+03,2.082000000000000000e+03,2.082000000000000000e+03,2.082000000000000000e+03,2.082000000000000000e+03,2.082000000000000000e+03,2.082000000000000000e+03,2.082000000000000000e+03,2.082000000000000000e+03,2.082000000000000000e+03,2.082000000000000000e+03,2.082000000000000000e+03,2.082000000000000000e+03,2.082000000000000000e+03,2.082000000000000000e+03,2.082000000000000000e+03,2.082000000000000000e+03,2.082000000000000000e+03,2.082000000000000000e+03,2.082000000000000000e+03,2.082000000000000000e+03,2.082000000000000000e+03,2.082000000000000000e+03,2.082000000000000000e+03,2.082000000000000000e+03,2.082000000000000000e+03,2.082000000000000000e+03,2.082000000000000000e+03,2.082000000000000000e+03,2.082000000000000000e+03,2.082000000000000000e+03,2.082000000000000000e+03,2.082000000000000000e+03,2.082000000000000000e+03,2.082000000000000000e+03,2.082000000000000000e+03,2.082000000000000000e+03,2.082000000000000000e+03,2.082000000000000000e+03,2.082000000000000000e+03,2.082000000000000000e+03,2.082000000000000000e+03,2.082000000000000000e+03,2.082000000000000000e+03,2.082000000000000000e+03,2.082000000000000000e+03,2.082000000000000000e+03,2.082000000000000000e+03,2.082000000000000000e+03,2.082000000000000000e+03,2.082000000000000000e+03,2.082000000000000000e+03,2.082000000000000000e+03,2.082000000000000000e+03,2.082000000000000000e+03,2.082000000000000000e+03,2.082000000000000000e+03,2.082000000000000000e+03,2.082000000000000000e+03,2.082000000000000000e+03,2.082000000000000000e+03,2.082000000000000000e+03,2.082000000000000000e+03,2.082000000000000000e+03,2.082000000000000000e+03,2.082000000000000000e+03,2.082000000000000000e+03,2.082000000000000000e+03,2.082000000000000000e+03,2.082000000000000000e+03,2.082000000000000000e+03,2.082000000000000000e+03,2.082000000000000000e+03,2.082000000000000000e+03,2.082000000000000000e+03,2.082000000000000000e+03,2.082000000000000000e+03,2.082000000000000000e+03,2.082000000000000000e+03,2.082000000000000000e+03,2.082000000000000000e+03,2.082000000000000000e+03,2.082000000000000000e+03,2.082000000000000000e+03,2.083000000000000000e+03,2.083000000000000000e+03,2.083000000000000000e+03,2.083000000000000000e+03,2.083000000000000000e+03,2.083000000000000000e+03,2.083000000000000000e+03,2.083000000000000000e+03,2.083000000000000000e+03,2.083000000000000000e+03,2.083000000000000000e+03,2.083000000000000000e+03,2.083000000000000000e+03,2.083000000000000000e+03,2.083000000000000000e+03,2.083000000000000000e+03,2.083000000000000000e+03,2.083000000000000000e+03,2.083000000000000000e+03,2.083000000000000000e+03,2.083000000000000000e+03,2.083000000000000000e+03,2.083000000000000000e+03,2.083000000000000000e+03,2.083000000000000000e+03,2.083000000000000000e+03,2.083000000000000000e+03,2.083000000000000000e+03,2.083000000000000000e+03,2.083000000000000000e+03,2.083000000000000000e+03,2.083000000000000000e+03,2.083000000000000000e+03,2.083000000000000000e+03,2.083000000000000000e+03,2.083000000000000000e+03,2.083000000000000000e+03,2.083000000000000000e+03,2.083000000000000000e+03,2.083000000000000000e+03,2.083000000000000000e+03,2.083000000000000000e+03,2.083000000000000000e+03,2.083000000000000000e+03,2.083000000000000000e+03,2.083000000000000000e+03,2.083000000000000000e+03,2.083000000000000000e+03,2.083000000000000000e+03,2.083000000000000000e+03,2.083000000000000000e+03,2.083000000000000000e+03,2.083000000000000000e+03,2.083000000000000000e+03,2.083000000000000000e+03,2.083000000000000000e+03,2.083000000000000000e+03,2.083000000000000000e+03,2.083000000000000000e+03,2.083000000000000000e+03,2.083000000000000000e+03,2.083000000000000000e+03,2.083000000000000000e+03,2.083000000000000000e+03,2.083000000000000000e+03,2.083000000000000000e+03,2.083000000000000000e+03,2.083000000000000000e+03,2.083000000000000000e+03,2.083000000000000000e+03,2.083000000000000000e+03,2.083000000000000000e+03,2.083000000000000000e+03,2.083000000000000000e+03,2.083000000000000000e+03,2.083000000000000000e+03,2.083000000000000000e+03,2.083000000000000000e+03,2.083000000000000000e+03,2.083000000000000000e+03,2.083000000000000000e+03,2.083000000000000000e+03,2.083000000000000000e+03,2.083000000000000000e+03,2.083000000000000000e+03,2.083000000000000000e+03,2.083000000000000000e+03,2.083000000000000000e+03,2.083000000000000000e+03,2.083000000000000000e+03,2.083000000000000000e+03,2.083000000000000000e+03,2.083000000000000000e+03,2.083000000000000000e+03,2.083000000000000000e+03,2.083000000000000000e+03,2.083000000000000000e+03,2.083000000000000000e+03,2.083000000000000000e+03,2.083000000000000000e+03,2.083000000000000000e+03,2.083000000000000000e+03,2.083000000000000000e+03,2.083000000000000000e+03,2.083000000000000000e+03,2.083000000000000000e+03,2.083000000000000000e+03,2.083000000000000000e+03,2.083000000000000000e+03,2.083000000000000000e+03,2.083000000000000000e+03,2.083000000000000000e+03,2.083000000000000000e+03,2.083000000000000000e+03,2.083000000000000000e+03,2.083000000000000000e+03,2.083000000000000000e+03,2.083000000000000000e+03,2.083000000000000000e+03,2.083000000000000000e+03,2.083000000000000000e+03,2.083000000000000000e+03,2.083000000000000000e+03,2.083000000000000000e+03,2.083000000000000000e+03,2.083000000000000000e+03,2.083000000000000000e+03,2.083000000000000000e+03,2.083000000000000000e+03,2.083000000000000000e+03,2.083000000000000000e+03,2.083000000000000000e+03,2.083000000000000000e+03,2.083000000000000000e+03,2.083000000000000000e+03,2.083000000000000000e+03,2.084000000000000000e+03,2.084000000000000000e+03,2.084000000000000000e+03,2.084000000000000000e+03,2.084000000000000000e+03,2.084000000000000000e+03,2.084000000000000000e+03,2.084000000000000000e+03,2.084000000000000000e+03,2.084000000000000000e+03,2.084000000000000000e+03,2.084000000000000000e+03,2.084000000000000000e+03,2.084000000000000000e+03,2.084000000000000000e+03,2.084000000000000000e+03,2.084000000000000000e+03,2.084000000000000000e+03,2.084000000000000000e+03,2.084000000000000000e+03,2.084000000000000000e+03,2.084000000000000000e+03,2.084000000000000000e+03,2.084000000000000000e+03,2.084000000000000000e+03,2.084000000000000000e+03,2.084000000000000000e+03,2.084000000000000000e+03,2.084000000000000000e+03,2.084000000000000000e+03,2.084000000000000000e+03,2.084000000000000000e+03,2.084000000000000000e+03,2.084000000000000000e+03,2.084000000000000000e+03,2.084000000000000000e+03,2.084000000000000000e+03,2.084000000000000000e+03,2.084000000000000000e+03,2.084000000000000000e+03,2.084000000000000000e+03,2.084000000000000000e+03,2.084000000000000000e+03,2.084000000000000000e+03,2.084000000000000000e+03,2.084000000000000000e+03,2.084000000000000000e+03,2.084000000000000000e+03,2.084000000000000000e+03,2.084000000000000000e+03,2.084000000000000000e+03,2.084000000000000000e+03,2.084000000000000000e+03,2.084000000000000000e+03,2.084000000000000000e+03,2.084000000000000000e+03,2.084000000000000000e+03,2.084000000000000000e+03,2.084000000000000000e+03,2.084000000000000000e+03,2.084000000000000000e+03,2.084000000000000000e+03,2.084000000000000000e+03,2.084000000000000000e+03,2.084000000000000000e+03,2.084000000000000000e+03,2.084000000000000000e+03,2.084000000000000000e+03,2.084000000000000000e+03,2.084000000000000000e+03,2.084000000000000000e+03,2.084000000000000000e+03,2.084000000000000000e+03,2.084000000000000000e+03,2.084000000000000000e+03,2.084000000000000000e+03,2.084000000000000000e+03,2.084000000000000000e+03,2.084000000000000000e+03,2.084000000000000000e+03,2.084000000000000000e+03,2.084000000000000000e+03,2.084000000000000000e+03,2.084000000000000000e+03,2.084000000000000000e+03,2.084000000000000000e+03,2.084000000000000000e+03,2.084000000000000000e+03,2.084000000000000000e+03,2.084000000000000000e+03,2.084000000000000000e+03,2.084000000000000000e+03,2.084000000000000000e+03,2.084000000000000000e+03,2.084000000000000000e+03,2.084000000000000000e+03,2.084000000000000000e+03,2.084000000000000000e+03,2.084000000000000000e+03,2.084000000000000000e+03,2.084000000000000000e+03,2.084000000000000000e+03,2.084000000000000000e+03,2.084000000000000000e+03,2.084000000000000000e+03,2.084000000000000000e+03,2.084000000000000000e+03,2.084000000000000000e+03,2.084000000000000000e+03,2.084000000000000000e+03,2.084000000000000000e+03,2.084000000000000000e+03,2.084000000000000000e+03,2.084000000000000000e+03,2.084000000000000000e+03,2.084000000000000000e+03,2.084000000000000000e+03,2.084000000000000000e+03,2.084000000000000000e+03,2.084000000000000000e+03,2.084000000000000000e+03,2.084000000000000000e+03,2.084000000000000000e+03,2.084000000000000000e+03,2.084000000000000000e+03,2.084000000000000000e+03,2.084000000000000000e+03,2.084000000000000000e+03,2.084000000000000000e+03,2.084000000000000000e+03,2.084000000000000000e+03,2.084000000000000000e+03,2.084000000000000000e+03,2.084000000000000000e+03,2.084000000000000000e+03,2.084000000000000000e+03,2.085000000000000000e+03,2.085000000000000000e+03,2.085000000000000000e+03,2.085000000000000000e+03,2.085000000000000000e+03,2.085000000000000000e+03,2.085000000000000000e+03,2.085000000000000000e+03,2.085000000000000000e+03,2.085000000000000000e+03,2.085000000000000000e+03,2.085000000000000000e+03,2.085000000000000000e+03,2.085000000000000000e+03,2.085000000000000000e+03,2.085000000000000000e+03,2.085000000000000000e+03,2.085000000000000000e+03,2.085000000000000000e+03,2.085000000000000000e+03,2.085000000000000000e+03,2.085000000000000000e+03,2.085000000000000000e+03,2.085000000000000000e+03,2.085000000000000000e+03,2.085000000000000000e+03,2.085000000000000000e+03,2.085000000000000000e+03,2.085000000000000000e+03,2.085000000000000000e+03,2.085000000000000000e+03,2.085000000000000000e+03,2.085000000000000000e+03,2.085000000000000000e+03,2.085000000000000000e+03,2.085000000000000000e+03,2.085000000000000000e+03,2.085000000000000000e+03,2.085000000000000000e+03,2.085000000000000000e+03,2.085000000000000000e+03,2.085000000000000000e+03,2.085000000000000000e+03,2.085000000000000000e+03,2.085000000000000000e+03,2.085000000000000000e+03,2.085000000000000000e+03,2.085000000000000000e+03,2.085000000000000000e+03,2.085000000000000000e+03,2.085000000000000000e+03,2.085000000000000000e+03,2.085000000000000000e+03,2.085000000000000000e+03,2.085000000000000000e+03,2.085000000000000000e+03,2.085000000000000000e+03,2.085000000000000000e+03,2.085000000000000000e+03,2.085000000000000000e+03,2.085000000000000000e+03,2.085000000000000000e+03,2.085000000000000000e+03,2.085000000000000000e+03,2.085000000000000000e+03,2.085000000000000000e+03,2.085000000000000000e+03,2.085000000000000000e+03,2.085000000000000000e+03,2.085000000000000000e+03,2.085000000000000000e+03,2.085000000000000000e+03,2.085000000000000000e+03,2.085000000000000000e+03,2.085000000000000000e+03,2.085000000000000000e+03,2.085000000000000000e+03,2.085000000000000000e+03,2.085000000000000000e+03,2.085000000000000000e+03,2.085000000000000000e+03,2.085000000000000000e+03,2.085000000000000000e+03,2.085000000000000000e+03,2.085000000000000000e+03,2.085000000000000000e+03,2.085000000000000000e+03,2.085000000000000000e+03,2.085000000000000000e+03,2.085000000000000000e+03,2.085000000000000000e+03,2.085000000000000000e+03,2.085000000000000000e+03,2.085000000000000000e+03,2.085000000000000000e+03,2.085000000000000000e+03,2.085000000000000000e+03,2.085000000000000000e+03,2.085000000000000000e+03,2.085000000000000000e+03,2.085000000000000000e+03,2.085000000000000000e+03,2.085000000000000000e+03,2.085000000000000000e+03,2.085000000000000000e+03,2.085000000000000000e+03,2.085000000000000000e+03,2.085000000000000000e+03,2.085000000000000000e+03,2.085000000000000000e+03,2.085000000000000000e+03,2.085000000000000000e+03,2.085000000000000000e+03,2.085000000000000000e+03,2.085000000000000000e+03,2.085000000000000000e+03,2.085000000000000000e+03,2.085000000000000000e+03,2.085000000000000000e+03,2.085000000000000000e+03,2.085000000000000000e+03,2.085000000000000000e+03,2.085000000000000000e+03,2.085000000000000000e+03,2.085000000000000000e+03,2.085000000000000000e+03,2.085000000000000000e+03,2.085000000000000000e+03,2.085000000000000000e+03,2.085000000000000000e+03,2.085000000000000000e+03,2.085000000000000000e+03,2.085000000000000000e+03,2.085000000000000000e+03,2.085000000000000000e+03,2.085000000000000000e+03,2.086000000000000000e+03,2.086000000000000000e+03,2.086000000000000000e+03,2.086000000000000000e+03,2.086000000000000000e+03,2.086000000000000000e+03,2.086000000000000000e+03,2.086000000000000000e+03,2.086000000000000000e+03,2.086000000000000000e+03,2.086000000000000000e+03,2.086000000000000000e+03,2.086000000000000000e+03,2.086000000000000000e+03,2.086000000000000000e+03,2.086000000000000000e+03,2.086000000000000000e+03,2.086000000000000000e+03,2.086000000000000000e+03,2.086000000000000000e+03,2.086000000000000000e+03,2.086000000000000000e+03,2.086000000000000000e+03,2.086000000000000000e+03,2.086000000000000000e+03,2.086000000000000000e+03,2.086000000000000000e+03,2.086000000000000000e+03,2.086000000000000000e+03,2.086000000000000000e+03,2.086000000000000000e+03,2.086000000000000000e+03,2.086000000000000000e+03,2.086000000000000000e+03,2.086000000000000000e+03,2.086000000000000000e+03,2.086000000000000000e+03,2.086000000000000000e+03,2.086000000000000000e+03,2.086000000000000000e+03,2.086000000000000000e+03,2.086000000000000000e+03,2.086000000000000000e+03,2.086000000000000000e+03,2.086000000000000000e+03,2.086000000000000000e+03,2.086000000000000000e+03,2.086000000000000000e+03,2.086000000000000000e+03,2.086000000000000000e+03,2.086000000000000000e+03,2.086000000000000000e+03,2.086000000000000000e+03,2.086000000000000000e+03,2.086000000000000000e+03,2.086000000000000000e+03,2.086000000000000000e+03,2.086000000000000000e+03,2.086000000000000000e+03,2.086000000000000000e+03,2.086000000000000000e+03,2.086000000000000000e+03,2.086000000000000000e+03,2.086000000000000000e+03,2.086000000000000000e+03,2.086000000000000000e+03,2.086000000000000000e+03,2.086000000000000000e+03,2.086000000000000000e+03,2.086000000000000000e+03,2.086000000000000000e+03,2.086000000000000000e+03,2.086000000000000000e+03,2.086000000000000000e+03,2.086000000000000000e+03,2.086000000000000000e+03,2.086000000000000000e+03,2.086000000000000000e+03,2.086000000000000000e+03,2.086000000000000000e+03,2.086000000000000000e+03,2.086000000000000000e+03,2.086000000000000000e+03,2.086000000000000000e+03,2.086000000000000000e+03,2.086000000000000000e+03,2.086000000000000000e+03,2.086000000000000000e+03,2.086000000000000000e+03,2.086000000000000000e+03,2.086000000000000000e+03,2.086000000000000000e+03,2.086000000000000000e+03,2.086000000000000000e+03,2.086000000000000000e+03,2.086000000000000000e+03,2.086000000000000000e+03,2.086000000000000000e+03,2.086000000000000000e+03,2.086000000000000000e+03,2.086000000000000000e+03,2.086000000000000000e+03,2.086000000000000000e+03,2.086000000000000000e+03,2.086000000000000000e+03,2.086000000000000000e+03,2.086000000000000000e+03,2.086000000000000000e+03,2.086000000000000000e+03,2.086000000000000000e+03,2.086000000000000000e+03,2.086000000000000000e+03,2.086000000000000000e+03,2.086000000000000000e+03,2.086000000000000000e+03,2.086000000000000000e+03,2.086000000000000000e+03,2.086000000000000000e+03,2.086000000000000000e+03,2.086000000000000000e+03,2.086000000000000000e+03,2.086000000000000000e+03,2.086000000000000000e+03,2.086000000000000000e+03,2.086000000000000000e+03,2.086000000000000000e+03,2.086000000000000000e+03,2.086000000000000000e+03,2.086000000000000000e+03,2.086000000000000000e+03,2.086000000000000000e+03,2.086000000000000000e+03,2.086000000000000000e+03,2.086000000000000000e+03,2.086000000000000000e+03,2.087000000000000000e+03,2.087000000000000000e+03,2.087000000000000000e+03,2.087000000000000000e+03,2.087000000000000000e+03,2.087000000000000000e+03,2.087000000000000000e+03,2.087000000000000000e+03,2.087000000000000000e+03,2.087000000000000000e+03,2.087000000000000000e+03,2.087000000000000000e+03,2.087000000000000000e+03,2.087000000000000000e+03,2.087000000000000000e+03,2.087000000000000000e+03,2.087000000000000000e+03,2.087000000000000000e+03,2.087000000000000000e+03,2.087000000000000000e+03,2.087000000000000000e+03,2.087000000000000000e+03,2.087000000000000000e+03,2.087000000000000000e+03,2.087000000000000000e+03,2.087000000000000000e+03,2.087000000000000000e+03,2.087000000000000000e+03,2.087000000000000000e+03,2.087000000000000000e+03,2.087000000000000000e+03,2.087000000000000000e+03,2.087000000000000000e+03,2.087000000000000000e+03,2.087000000000000000e+03,2.087000000000000000e+03,2.087000000000000000e+03,2.087000000000000000e+03,2.087000000000000000e+03,2.087000000000000000e+03,2.087000000000000000e+03,2.087000000000000000e+03,2.087000000000000000e+03,2.087000000000000000e+03,2.087000000000000000e+03,2.087000000000000000e+03,2.087000000000000000e+03,2.087000000000000000e+03,2.087000000000000000e+03,2.087000000000000000e+03,2.087000000000000000e+03,2.087000000000000000e+03,2.087000000000000000e+03,2.087000000000000000e+03,2.087000000000000000e+03,2.087000000000000000e+03,2.087000000000000000e+03,2.087000000000000000e+03,2.087000000000000000e+03,2.087000000000000000e+03,2.087000000000000000e+03,2.087000000000000000e+03,2.087000000000000000e+03,2.087000000000000000e+03,2.087000000000000000e+03,2.087000000000000000e+03,2.087000000000000000e+03,2.087000000000000000e+03,2.087000000000000000e+03,2.087000000000000000e+03,2.087000000000000000e+03,2.087000000000000000e+03,2.087000000000000000e+03,2.087000000000000000e+03,2.087000000000000000e+03,2.087000000000000000e+03,2.087000000000000000e+03,2.087000000000000000e+03,2.087000000000000000e+03,2.087000000000000000e+03,2.087000000000000000e+03,2.087000000000000000e+03,2.087000000000000000e+03,2.087000000000000000e+03,2.087000000000000000e+03,2.087000000000000000e+03,2.087000000000000000e+03,2.087000000000000000e+03,2.087000000000000000e+03,2.087000000000000000e+03,2.087000000000000000e+03,2.087000000000000000e+03,2.087000000000000000e+03,2.087000000000000000e+03,2.087000000000000000e+03,2.087000000000000000e+03,2.087000000000000000e+03,2.087000000000000000e+03,2.087000000000000000e+03,2.087000000000000000e+03,2.087000000000000000e+03,2.087000000000000000e+03,2.087000000000000000e+03,2.087000000000000000e+03,2.087000000000000000e+03,2.087000000000000000e+03,2.087000000000000000e+03,2.087000000000000000e+03,2.087000000000000000e+03,2.087000000000000000e+03,2.087000000000000000e+03,2.087000000000000000e+03,2.087000000000000000e+03,2.087000000000000000e+03,2.087000000000000000e+03,2.087000000000000000e+03,2.087000000000000000e+03,2.087000000000000000e+03,2.087000000000000000e+03,2.087000000000000000e+03,2.087000000000000000e+03,2.087000000000000000e+03,2.087000000000000000e+03,2.087000000000000000e+03,2.087000000000000000e+03,2.087000000000000000e+03,2.087000000000000000e+03,2.087000000000000000e+03,2.087000000000000000e+03,2.087000000000000000e+03,2.087000000000000000e+03,2.087000000000000000e+03,2.087000000000000000e+03,2.087000000000000000e+03,2.087000000000000000e+03,2.088000000000000000e+03,2.088000000000000000e+03,2.088000000000000000e+03,2.088000000000000000e+03,2.088000000000000000e+03,2.088000000000000000e+03,2.088000000000000000e+03,2.088000000000000000e+03,2.088000000000000000e+03,2.088000000000000000e+03,2.088000000000000000e+03,2.088000000000000000e+03,2.088000000000000000e+03,2.088000000000000000e+03,2.088000000000000000e+03,2.088000000000000000e+03,2.088000000000000000e+03,2.088000000000000000e+03,2.088000000000000000e+03,2.088000000000000000e+03,2.088000000000000000e+03,2.088000000000000000e+03,2.088000000000000000e+03,2.088000000000000000e+03,2.088000000000000000e+03,2.088000000000000000e+03,2.088000000000000000e+03,2.088000000000000000e+03,2.088000000000000000e+03,2.088000000000000000e+03,2.088000000000000000e+03,2.088000000000000000e+03,2.088000000000000000e+03,2.088000000000000000e+03,2.088000000000000000e+03,2.088000000000000000e+03,2.088000000000000000e+03,2.088000000000000000e+03,2.088000000000000000e+03,2.088000000000000000e+03,2.088000000000000000e+03,2.088000000000000000e+03,2.088000000000000000e+03,2.088000000000000000e+03,2.088000000000000000e+03,2.088000000000000000e+03,2.088000000000000000e+03,2.088000000000000000e+03,2.088000000000000000e+03,2.088000000000000000e+03,2.088000000000000000e+03,2.088000000000000000e+03,2.088000000000000000e+03,2.088000000000000000e+03,2.088000000000000000e+03,2.088000000000000000e+03,2.088000000000000000e+03,2.088000000000000000e+03,2.088000000000000000e+03,2.088000000000000000e+03,2.088000000000000000e+03,2.088000000000000000e+03,2.088000000000000000e+03,2.088000000000000000e+03,2.088000000000000000e+03,2.088000000000000000e+03,2.088000000000000000e+03,2.088000000000000000e+03,2.088000000000000000e+03,2.088000000000000000e+03,2.088000000000000000e+03,2.088000000000000000e+03,2.088000000000000000e+03,2.088000000000000000e+03,2.088000000000000000e+03,2.088000000000000000e+03,2.088000000000000000e+03,2.088000000000000000e+03,2.088000000000000000e+03,2.088000000000000000e+03,2.088000000000000000e+03,2.088000000000000000e+03,2.088000000000000000e+03,2.088000000000000000e+03,2.088000000000000000e+03,2.088000000000000000e+03,2.088000000000000000e+03,2.088000000000000000e+03,2.088000000000000000e+03,2.088000000000000000e+03,2.088000000000000000e+03,2.088000000000000000e+03,2.088000000000000000e+03,2.088000000000000000e+03,2.088000000000000000e+03,2.088000000000000000e+03,2.088000000000000000e+03,2.088000000000000000e+03,2.088000000000000000e+03,2.088000000000000000e+03,2.088000000000000000e+03,2.088000000000000000e+03,2.088000000000000000e+03,2.088000000000000000e+03,2.088000000000000000e+03,2.088000000000000000e+03,2.088000000000000000e+03,2.088000000000000000e+03,2.088000000000000000e+03,2.088000000000000000e+03,2.088000000000000000e+03,2.088000000000000000e+03,2.088000000000000000e+03,2.088000000000000000e+03,2.088000000000000000e+03,2.088000000000000000e+03,2.088000000000000000e+03,2.088000000000000000e+03,2.088000000000000000e+03,2.088000000000000000e+03,2.088000000000000000e+03,2.088000000000000000e+03,2.088000000000000000e+03,2.088000000000000000e+03,2.088000000000000000e+03,2.088000000000000000e+03,2.088000000000000000e+03,2.088000000000000000e+03,2.088000000000000000e+03,2.088000000000000000e+03,2.088000000000000000e+03,2.088000000000000000e+03,2.088000000000000000e+03,2.088000000000000000e+03,2.089000000000000000e+03,2.089000000000000000e+03,2.089000000000000000e+03,2.089000000000000000e+03,2.089000000000000000e+03,2.089000000000000000e+03,2.089000000000000000e+03,2.089000000000000000e+03,2.089000000000000000e+03,2.089000000000000000e+03,2.089000000000000000e+03,2.089000000000000000e+03,2.089000000000000000e+03,2.089000000000000000e+03,2.089000000000000000e+03,2.089000000000000000e+03,2.089000000000000000e+03,2.089000000000000000e+03,2.089000000000000000e+03,2.089000000000000000e+03,2.089000000000000000e+03,2.089000000000000000e+03,2.089000000000000000e+03,2.089000000000000000e+03,2.089000000000000000e+03,2.089000000000000000e+03,2.089000000000000000e+03,2.089000000000000000e+03,2.089000000000000000e+03,2.089000000000000000e+03,2.089000000000000000e+03,2.089000000000000000e+03,2.089000000000000000e+03,2.089000000000000000e+03,2.089000000000000000e+03,2.089000000000000000e+03,2.089000000000000000e+03,2.089000000000000000e+03,2.089000000000000000e+03,2.089000000000000000e+03,2.089000000000000000e+03,2.089000000000000000e+03,2.089000000000000000e+03,2.089000000000000000e+03,2.089000000000000000e+03,2.089000000000000000e+03,2.089000000000000000e+03,2.089000000000000000e+03,2.089000000000000000e+03,2.089000000000000000e+03,2.089000000000000000e+03,2.089000000000000000e+03,2.089000000000000000e+03,2.089000000000000000e+03,2.089000000000000000e+03,2.089000000000000000e+03,2.089000000000000000e+03,2.089000000000000000e+03,2.089000000000000000e+03,2.089000000000000000e+03,2.089000000000000000e+03,2.089000000000000000e+03,2.089000000000000000e+03,2.089000000000000000e+03,2.089000000000000000e+03,2.089000000000000000e+03,2.089000000000000000e+03,2.089000000000000000e+03,2.089000000000000000e+03,2.089000000000000000e+03,2.089000000000000000e+03,2.089000000000000000e+03,2.089000000000000000e+03,2.089000000000000000e+03,2.089000000000000000e+03,2.089000000000000000e+03,2.089000000000000000e+03,2.089000000000000000e+03,2.089000000000000000e+03,2.089000000000000000e+03,2.089000000000000000e+03,2.089000000000000000e+03,2.089000000000000000e+03,2.089000000000000000e+03,2.089000000000000000e+03,2.089000000000000000e+03,2.089000000000000000e+03,2.089000000000000000e+03,2.089000000000000000e+03,2.089000000000000000e+03,2.089000000000000000e+03,2.089000000000000000e+03,2.089000000000000000e+03,2.089000000000000000e+03,2.089000000000000000e+03,2.089000000000000000e+03,2.089000000000000000e+03,2.089000000000000000e+03,2.089000000000000000e+03,2.089000000000000000e+03,2.089000000000000000e+03,2.089000000000000000e+03,2.089000000000000000e+03,2.089000000000000000e+03,2.089000000000000000e+03,2.089000000000000000e+03,2.089000000000000000e+03,2.089000000000000000e+03,2.089000000000000000e+03,2.089000000000000000e+03,2.089000000000000000e+03,2.089000000000000000e+03,2.089000000000000000e+03,2.089000000000000000e+03,2.089000000000000000e+03,2.089000000000000000e+03,2.089000000000000000e+03,2.089000000000000000e+03,2.089000000000000000e+03,2.089000000000000000e+03,2.089000000000000000e+03,2.089000000000000000e+03,2.089000000000000000e+03,2.089000000000000000e+03,2.089000000000000000e+03,2.089000000000000000e+03,2.089000000000000000e+03,2.089000000000000000e+03,2.089000000000000000e+03,2.089000000000000000e+03,2.089000000000000000e+03,2.089000000000000000e+03,2.089000000000000000e+03,2.089000000000000000e+03,2.090000000000000000e+03,2.090000000000000000e+03,2.090000000000000000e+03,2.090000000000000000e+03,2.090000000000000000e+03,2.090000000000000000e+03,2.090000000000000000e+03,2.090000000000000000e+03,2.090000000000000000e+03,2.090000000000000000e+03,2.090000000000000000e+03,2.090000000000000000e+03,2.090000000000000000e+03,2.090000000000000000e+03,2.090000000000000000e+03,2.090000000000000000e+03,2.090000000000000000e+03,2.090000000000000000e+03,2.090000000000000000e+03,2.090000000000000000e+03,2.090000000000000000e+03,2.090000000000000000e+03,2.090000000000000000e+03,2.090000000000000000e+03,2.090000000000000000e+03,2.090000000000000000e+03,2.090000000000000000e+03,2.090000000000000000e+03,2.090000000000000000e+03,2.090000000000000000e+03,2.090000000000000000e+03,2.090000000000000000e+03,2.090000000000000000e+03,2.090000000000000000e+03,2.090000000000000000e+03,2.090000000000000000e+03,2.090000000000000000e+03,2.090000000000000000e+03,2.090000000000000000e+03,2.090000000000000000e+03,2.090000000000000000e+03,2.090000000000000000e+03,2.090000000000000000e+03,2.090000000000000000e+03,2.090000000000000000e+03,2.090000000000000000e+03,2.090000000000000000e+03,2.090000000000000000e+03,2.090000000000000000e+03,2.090000000000000000e+03,2.090000000000000000e+03,2.090000000000000000e+03,2.090000000000000000e+03,2.090000000000000000e+03,2.090000000000000000e+03,2.090000000000000000e+03,2.090000000000000000e+03,2.090000000000000000e+03,2.090000000000000000e+03,2.090000000000000000e+03,2.090000000000000000e+03,2.090000000000000000e+03,2.090000000000000000e+03,2.090000000000000000e+03,2.090000000000000000e+03,2.090000000000000000e+03,2.090000000000000000e+03,2.090000000000000000e+03,2.090000000000000000e+03,2.090000000000000000e+03,2.090000000000000000e+03,2.090000000000000000e+03,2.090000000000000000e+03,2.090000000000000000e+03,2.090000000000000000e+03,2.090000000000000000e+03,2.090000000000000000e+03,2.090000000000000000e+03,2.090000000000000000e+03,2.090000000000000000e+03,2.090000000000000000e+03,2.090000000000000000e+03,2.090000000000000000e+03,2.090000000000000000e+03,2.090000000000000000e+03,2.090000000000000000e+03,2.090000000000000000e+03,2.090000000000000000e+03,2.090000000000000000e+03,2.090000000000000000e+03,2.090000000000000000e+03,2.090000000000000000e+03,2.090000000000000000e+03,2.090000000000000000e+03,2.090000000000000000e+03,2.090000000000000000e+03,2.090000000000000000e+03,2.090000000000000000e+03,2.090000000000000000e+03,2.090000000000000000e+03,2.090000000000000000e+03,2.090000000000000000e+03,2.090000000000000000e+03,2.090000000000000000e+03,2.090000000000000000e+03,2.090000000000000000e+03,2.090000000000000000e+03,2.090000000000000000e+03,2.090000000000000000e+03,2.090000000000000000e+03,2.090000000000000000e+03,2.090000000000000000e+03,2.090000000000000000e+03,2.090000000000000000e+03,2.090000000000000000e+03,2.090000000000000000e+03,2.090000000000000000e+03,2.090000000000000000e+03,2.090000000000000000e+03,2.090000000000000000e+03,2.090000000000000000e+03,2.090000000000000000e+03,2.090000000000000000e+03,2.090000000000000000e+03,2.090000000000000000e+03,2.090000000000000000e+03,2.090000000000000000e+03,2.090000000000000000e+03,2.090000000000000000e+03,2.090000000000000000e+03,2.090000000000000000e+03,2.090000000000000000e+03,2.090000000000000000e+03,2.091000000000000000e+03,2.091000000000000000e+03,2.091000000000000000e+03,2.091000000000000000e+03,2.091000000000000000e+03,2.091000000000000000e+03,2.091000000000000000e+03,2.091000000000000000e+03,2.091000000000000000e+03,2.091000000000000000e+03,2.091000000000000000e+03,2.091000000000000000e+03,2.091000000000000000e+03,2.091000000000000000e+03,2.091000000000000000e+03,2.091000000000000000e+03,2.091000000000000000e+03,2.091000000000000000e+03,2.091000000000000000e+03,2.091000000000000000e+03,2.091000000000000000e+03,2.091000000000000000e+03,2.091000000000000000e+03,2.091000000000000000e+03,2.091000000000000000e+03,2.091000000000000000e+03,2.091000000000000000e+03,2.091000000000000000e+03,2.091000000000000000e+03,2.091000000000000000e+03,2.091000000000000000e+03,2.091000000000000000e+03,2.091000000000000000e+03,2.091000000000000000e+03,2.091000000000000000e+03,2.091000000000000000e+03,2.091000000000000000e+03,2.091000000000000000e+03,2.091000000000000000e+03,2.091000000000000000e+03,2.091000000000000000e+03,2.091000000000000000e+03,2.091000000000000000e+03,2.091000000000000000e+03,2.091000000000000000e+03,2.091000000000000000e+03,2.091000000000000000e+03,2.091000000000000000e+03,2.091000000000000000e+03,2.091000000000000000e+03,2.091000000000000000e+03,2.091000000000000000e+03,2.091000000000000000e+03,2.091000000000000000e+03,2.091000000000000000e+03,2.091000000000000000e+03,2.091000000000000000e+03,2.091000000000000000e+03,2.091000000000000000e+03,2.091000000000000000e+03,2.091000000000000000e+03,2.091000000000000000e+03,2.091000000000000000e+03,2.091000000000000000e+03,2.091000000000000000e+03,2.091000000000000000e+03,2.091000000000000000e+03,2.091000000000000000e+03,2.091000000000000000e+03,2.091000000000000000e+03,2.091000000000000000e+03,2.091000000000000000e+03,2.091000000000000000e+03,2.091000000000000000e+03,2.091000000000000000e+03,2.091000000000000000e+03,2.091000000000000000e+03,2.091000000000000000e+03,2.091000000000000000e+03,2.091000000000000000e+03,2.091000000000000000e+03,2.091000000000000000e+03,2.091000000000000000e+03,2.091000000000000000e+03,2.091000000000000000e+03,2.091000000000000000e+03,2.091000000000000000e+03,2.091000000000000000e+03,2.091000000000000000e+03,2.091000000000000000e+03,2.091000000000000000e+03,2.091000000000000000e+03,2.091000000000000000e+03,2.091000000000000000e+03,2.091000000000000000e+03,2.091000000000000000e+03,2.091000000000000000e+03,2.091000000000000000e+03,2.091000000000000000e+03,2.091000000000000000e+03,2.091000000000000000e+03,2.091000000000000000e+03,2.091000000000000000e+03,2.091000000000000000e+03,2.091000000000000000e+03,2.091000000000000000e+03,2.091000000000000000e+03,2.091000000000000000e+03,2.091000000000000000e+03,2.091000000000000000e+03,2.091000000000000000e+03,2.091000000000000000e+03,2.091000000000000000e+03,2.091000000000000000e+03,2.091000000000000000e+03,2.091000000000000000e+03,2.091000000000000000e+03,2.091000000000000000e+03,2.091000000000000000e+03,2.091000000000000000e+03,2.091000000000000000e+03,2.091000000000000000e+03,2.091000000000000000e+03,2.091000000000000000e+03,2.091000000000000000e+03,2.091000000000000000e+03,2.091000000000000000e+03,2.091000000000000000e+03,2.091000000000000000e+03,2.091000000000000000e+03,2.091000000000000000e+03,2.091000000000000000e+03,2.092000000000000000e+03,2.092000000000000000e+03,2.092000000000000000e+03,2.092000000000000000e+03,2.092000000000000000e+03,2.092000000000000000e+03,2.092000000000000000e+03,2.092000000000000000e+03,2.092000000000000000e+03,2.092000000000000000e+03,2.092000000000000000e+03,2.092000000000000000e+03,2.092000000000000000e+03,2.092000000000000000e+03,2.092000000000000000e+03,2.092000000000000000e+03,2.092000000000000000e+03,2.092000000000000000e+03,2.092000000000000000e+03,2.092000000000000000e+03,2.092000000000000000e+03,2.092000000000000000e+03,2.092000000000000000e+03,2.092000000000000000e+03,2.092000000000000000e+03,2.092000000000000000e+03,2.092000000000000000e+03,2.092000000000000000e+03,2.092000000000000000e+03,2.092000000000000000e+03,2.092000000000000000e+03,2.092000000000000000e+03,2.092000000000000000e+03,2.092000000000000000e+03,2.092000000000000000e+03,2.092000000000000000e+03,2.092000000000000000e+03,2.092000000000000000e+03,2.092000000000000000e+03,2.092000000000000000e+03,2.092000000000000000e+03,2.092000000000000000e+03,2.092000000000000000e+03,2.092000000000000000e+03,2.092000000000000000e+03,2.092000000000000000e+03,2.092000000000000000e+03,2.092000000000000000e+03,2.092000000000000000e+03,2.092000000000000000e+03,2.092000000000000000e+03,2.092000000000000000e+03,2.092000000000000000e+03,2.092000000000000000e+03,2.092000000000000000e+03,2.092000000000000000e+03,2.092000000000000000e+03,2.092000000000000000e+03,2.092000000000000000e+03,2.092000000000000000e+03,2.092000000000000000e+03,2.092000000000000000e+03,2.092000000000000000e+03,2.092000000000000000e+03,2.092000000000000000e+03,2.092000000000000000e+03,2.092000000000000000e+03,2.092000000000000000e+03,2.092000000000000000e+03,2.092000000000000000e+03,2.092000000000000000e+03,2.092000000000000000e+03,2.092000000000000000e+03,2.092000000000000000e+03,2.092000000000000000e+03,2.092000000000000000e+03,2.092000000000000000e+03,2.092000000000000000e+03,2.092000000000000000e+03,2.092000000000000000e+03,2.092000000000000000e+03,2.092000000000000000e+03,2.092000000000000000e+03,2.092000000000000000e+03,2.092000000000000000e+03,2.092000000000000000e+03,2.092000000000000000e+03,2.092000000000000000e+03,2.092000000000000000e+03,2.092000000000000000e+03,2.092000000000000000e+03,2.092000000000000000e+03,2.092000000000000000e+03,2.092000000000000000e+03,2.092000000000000000e+03,2.092000000000000000e+03,2.092000000000000000e+03,2.092000000000000000e+03,2.092000000000000000e+03,2.092000000000000000e+03,2.092000000000000000e+03,2.092000000000000000e+03,2.092000000000000000e+03,2.092000000000000000e+03,2.092000000000000000e+03,2.092000000000000000e+03,2.092000000000000000e+03,2.092000000000000000e+03,2.092000000000000000e+03,2.092000000000000000e+03,2.092000000000000000e+03,2.092000000000000000e+03,2.092000000000000000e+03,2.092000000000000000e+03,2.092000000000000000e+03,2.092000000000000000e+03,2.092000000000000000e+03,2.092000000000000000e+03,2.092000000000000000e+03,2.092000000000000000e+03,2.092000000000000000e+03,2.092000000000000000e+03,2.092000000000000000e+03,2.092000000000000000e+03,2.092000000000000000e+03,2.092000000000000000e+03,2.092000000000000000e+03,2.092000000000000000e+03,2.092000000000000000e+03,2.092000000000000000e+03,2.092000000000000000e+03,2.092000000000000000e+03,2.093000000000000000e+03,2.093000000000000000e+03,2.093000000000000000e+03,2.093000000000000000e+03,2.093000000000000000e+03,2.093000000000000000e+03,2.093000000000000000e+03,2.093000000000000000e+03,2.093000000000000000e+03,2.093000000000000000e+03,2.093000000000000000e+03,2.093000000000000000e+03,2.093000000000000000e+03,2.093000000000000000e+03,2.093000000000000000e+03,2.093000000000000000e+03,2.093000000000000000e+03,2.093000000000000000e+03,2.093000000000000000e+03,2.093000000000000000e+03,2.093000000000000000e+03,2.093000000000000000e+03,2.093000000000000000e+03,2.093000000000000000e+03,2.093000000000000000e+03,2.093000000000000000e+03,2.093000000000000000e+03,2.093000000000000000e+03,2.093000000000000000e+03,2.093000000000000000e+03,2.093000000000000000e+03,2.093000000000000000e+03,2.093000000000000000e+03,2.093000000000000000e+03,2.093000000000000000e+03,2.093000000000000000e+03,2.093000000000000000e+03,2.093000000000000000e+03,2.093000000000000000e+03,2.093000000000000000e+03,2.093000000000000000e+03,2.093000000000000000e+03,2.093000000000000000e+03,2.093000000000000000e+03,2.093000000000000000e+03,2.093000000000000000e+03,2.093000000000000000e+03,2.093000000000000000e+03,2.093000000000000000e+03,2.093000000000000000e+03,2.093000000000000000e+03,2.093000000000000000e+03,2.093000000000000000e+03,2.093000000000000000e+03,2.093000000000000000e+03,2.093000000000000000e+03,2.093000000000000000e+03,2.093000000000000000e+03,2.093000000000000000e+03,2.093000000000000000e+03,2.093000000000000000e+03,2.093000000000000000e+03,2.093000000000000000e+03,2.093000000000000000e+03,2.093000000000000000e+03,2.093000000000000000e+03,2.093000000000000000e+03,2.093000000000000000e+03,2.093000000000000000e+03,2.093000000000000000e+03,2.093000000000000000e+03,2.093000000000000000e+03,2.093000000000000000e+03,2.093000000000000000e+03,2.093000000000000000e+03,2.093000000000000000e+03,2.093000000000000000e+03,2.093000000000000000e+03,2.093000000000000000e+03,2.093000000000000000e+03,2.093000000000000000e+03,2.093000000000000000e+03,2.093000000000000000e+03,2.093000000000000000e+03,2.093000000000000000e+03,2.093000000000000000e+03,2.093000000000000000e+03,2.093000000000000000e+03,2.093000000000000000e+03,2.093000000000000000e+03,2.093000000000000000e+03,2.093000000000000000e+03,2.093000000000000000e+03,2.093000000000000000e+03,2.093000000000000000e+03,2.093000000000000000e+03,2.093000000000000000e+03,2.093000000000000000e+03,2.093000000000000000e+03,2.093000000000000000e+03,2.093000000000000000e+03,2.093000000000000000e+03,2.093000000000000000e+03,2.093000000000000000e+03,2.093000000000000000e+03,2.093000000000000000e+03,2.093000000000000000e+03,2.093000000000000000e+03,2.093000000000000000e+03,2.093000000000000000e+03,2.093000000000000000e+03,2.093000000000000000e+03,2.093000000000000000e+03,2.093000000000000000e+03,2.093000000000000000e+03,2.093000000000000000e+03,2.093000000000000000e+03,2.093000000000000000e+03,2.093000000000000000e+03,2.093000000000000000e+03,2.093000000000000000e+03,2.093000000000000000e+03,2.093000000000000000e+03,2.093000000000000000e+03,2.093000000000000000e+03,2.093000000000000000e+03,2.093000000000000000e+03,2.093000000000000000e+03,2.093000000000000000e+03,2.093000000000000000e+03,2.093000000000000000e+03,2.094000000000000000e+03,2.094000000000000000e+03,2.094000000000000000e+03,2.094000000000000000e+03,2.094000000000000000e+03,2.094000000000000000e+03,2.094000000000000000e+03,2.094000000000000000e+03,2.094000000000000000e+03,2.094000000000000000e+03,2.094000000000000000e+03,2.094000000000000000e+03,2.094000000000000000e+03,2.094000000000000000e+03,2.094000000000000000e+03,2.094000000000000000e+03,2.094000000000000000e+03,2.094000000000000000e+03,2.094000000000000000e+03,2.094000000000000000e+03,2.094000000000000000e+03,2.094000000000000000e+03,2.094000000000000000e+03,2.094000000000000000e+03,2.094000000000000000e+03,2.094000000000000000e+03,2.094000000000000000e+03,2.094000000000000000e+03,2.094000000000000000e+03,2.094000000000000000e+03,2.094000000000000000e+03,2.094000000000000000e+03,2.094000000000000000e+03,2.094000000000000000e+03,2.094000000000000000e+03,2.094000000000000000e+03,2.094000000000000000e+03,2.094000000000000000e+03,2.094000000000000000e+03,2.094000000000000000e+03,2.094000000000000000e+03,2.094000000000000000e+03,2.094000000000000000e+03,2.094000000000000000e+03,2.094000000000000000e+03,2.094000000000000000e+03,2.094000000000000000e+03,2.094000000000000000e+03,2.094000000000000000e+03,2.094000000000000000e+03,2.094000000000000000e+03,2.094000000000000000e+03,2.094000000000000000e+03,2.094000000000000000e+03,2.094000000000000000e+03,2.094000000000000000e+03,2.094000000000000000e+03,2.094000000000000000e+03,2.094000000000000000e+03,2.094000000000000000e+03,2.094000000000000000e+03,2.094000000000000000e+03,2.094000000000000000e+03,2.094000000000000000e+03,2.094000000000000000e+03,2.094000000000000000e+03,2.094000000000000000e+03,2.094000000000000000e+03,2.094000000000000000e+03,2.094000000000000000e+03,2.094000000000000000e+03,2.094000000000000000e+03,2.094000000000000000e+03,2.094000000000000000e+03,2.094000000000000000e+03,2.094000000000000000e+03,2.094000000000000000e+03,2.094000000000000000e+03,2.094000000000000000e+03,2.094000000000000000e+03,2.094000000000000000e+03,2.094000000000000000e+03,2.094000000000000000e+03,2.094000000000000000e+03,2.094000000000000000e+03,2.094000000000000000e+03,2.094000000000000000e+03,2.094000000000000000e+03,2.094000000000000000e+03,2.094000000000000000e+03,2.094000000000000000e+03,2.094000000000000000e+03,2.094000000000000000e+03,2.094000000000000000e+03,2.094000000000000000e+03,2.094000000000000000e+03,2.094000000000000000e+03,2.094000000000000000e+03,2.094000000000000000e+03,2.094000000000000000e+03,2.094000000000000000e+03,2.094000000000000000e+03,2.094000000000000000e+03,2.094000000000000000e+03,2.094000000000000000e+03,2.094000000000000000e+03,2.094000000000000000e+03,2.094000000000000000e+03,2.094000000000000000e+03,2.094000000000000000e+03,2.094000000000000000e+03,2.094000000000000000e+03,2.094000000000000000e+03,2.094000000000000000e+03,2.094000000000000000e+03,2.094000000000000000e+03,2.094000000000000000e+03,2.094000000000000000e+03,2.094000000000000000e+03,2.094000000000000000e+03,2.094000000000000000e+03,2.094000000000000000e+03,2.094000000000000000e+03,2.094000000000000000e+03,2.094000000000000000e+03,2.094000000000000000e+03,2.094000000000000000e+03,2.094000000000000000e+03,2.094000000000000000e+03,2.094000000000000000e+03,2.094000000000000000e+03,2.095000000000000000e+03,2.095000000000000000e+03,2.095000000000000000e+03,2.095000000000000000e+03,2.095000000000000000e+03,2.095000000000000000e+03,2.095000000000000000e+03,2.095000000000000000e+03,2.095000000000000000e+03,2.095000000000000000e+03,2.095000000000000000e+03,2.095000000000000000e+03,2.095000000000000000e+03,2.095000000000000000e+03,2.095000000000000000e+03,2.095000000000000000e+03,2.095000000000000000e+03,2.095000000000000000e+03,2.095000000000000000e+03,2.095000000000000000e+03,2.095000000000000000e+03,2.095000000000000000e+03,2.095000000000000000e+03,2.095000000000000000e+03,2.095000000000000000e+03,2.095000000000000000e+03,2.095000000000000000e+03,2.095000000000000000e+03,2.095000000000000000e+03,2.095000000000000000e+03,2.095000000000000000e+03,2.095000000000000000e+03,2.095000000000000000e+03,2.095000000000000000e+03,2.095000000000000000e+03,2.095000000000000000e+03,2.095000000000000000e+03,2.095000000000000000e+03,2.095000000000000000e+03,2.095000000000000000e+03,2.095000000000000000e+03,2.095000000000000000e+03,2.095000000000000000e+03,2.095000000000000000e+03,2.095000000000000000e+03,2.095000000000000000e+03,2.095000000000000000e+03,2.095000000000000000e+03,2.095000000000000000e+03,2.095000000000000000e+03,2.095000000000000000e+03,2.095000000000000000e+03,2.095000000000000000e+03,2.095000000000000000e+03,2.095000000000000000e+03,2.095000000000000000e+03,2.095000000000000000e+03,2.095000000000000000e+03,2.095000000000000000e+03,2.095000000000000000e+03,2.095000000000000000e+03,2.095000000000000000e+03,2.095000000000000000e+03,2.095000000000000000e+03,2.095000000000000000e+03,2.095000000000000000e+03,2.095000000000000000e+03,2.095000000000000000e+03,2.095000000000000000e+03,2.095000000000000000e+03,2.095000000000000000e+03,2.095000000000000000e+03,2.095000000000000000e+03,2.095000000000000000e+03,2.095000000000000000e+03,2.095000000000000000e+03,2.095000000000000000e+03,2.095000000000000000e+03,2.095000000000000000e+03,2.095000000000000000e+03,2.095000000000000000e+03,2.095000000000000000e+03,2.095000000000000000e+03,2.095000000000000000e+03,2.095000000000000000e+03,2.095000000000000000e+03,2.095000000000000000e+03,2.095000000000000000e+03,2.095000000000000000e+03,2.095000000000000000e+03,2.095000000000000000e+03,2.095000000000000000e+03,2.095000000000000000e+03,2.095000000000000000e+03,2.095000000000000000e+03,2.095000000000000000e+03,2.095000000000000000e+03,2.095000000000000000e+03,2.095000000000000000e+03,2.095000000000000000e+03,2.095000000000000000e+03,2.095000000000000000e+03,2.095000000000000000e+03,2.095000000000000000e+03,2.095000000000000000e+03,2.095000000000000000e+03,2.095000000000000000e+03,2.095000000000000000e+03,2.095000000000000000e+03,2.095000000000000000e+03,2.095000000000000000e+03,2.095000000000000000e+03,2.095000000000000000e+03,2.095000000000000000e+03,2.095000000000000000e+03,2.095000000000000000e+03,2.095000000000000000e+03,2.095000000000000000e+03,2.095000000000000000e+03,2.095000000000000000e+03,2.095000000000000000e+03,2.095000000000000000e+03,2.095000000000000000e+03,2.095000000000000000e+03,2.095000000000000000e+03,2.095000000000000000e+03,2.095000000000000000e+03,2.095000000000000000e+03,2.095000000000000000e+03,2.095000000000000000e+03,2.095000000000000000e+03,2.096000000000000000e+03,2.096000000000000000e+03,2.096000000000000000e+03,2.096000000000000000e+03,2.096000000000000000e+03,2.096000000000000000e+03,2.096000000000000000e+03,2.096000000000000000e+03,2.096000000000000000e+03,2.096000000000000000e+03,2.096000000000000000e+03,2.096000000000000000e+03,2.096000000000000000e+03,2.096000000000000000e+03,2.096000000000000000e+03,2.096000000000000000e+03,2.096000000000000000e+03,2.096000000000000000e+03,2.096000000000000000e+03,2.096000000000000000e+03,2.096000000000000000e+03,2.096000000000000000e+03,2.096000000000000000e+03,2.096000000000000000e+03,2.096000000000000000e+03,2.096000000000000000e+03,2.096000000000000000e+03,2.096000000000000000e+03,2.096000000000000000e+03,2.096000000000000000e+03,2.096000000000000000e+03,2.096000000000000000e+03,2.096000000000000000e+03,2.096000000000000000e+03,2.096000000000000000e+03,2.096000000000000000e+03,2.096000000000000000e+03,2.096000000000000000e+03,2.096000000000000000e+03,2.096000000000000000e+03,2.096000000000000000e+03,2.096000000000000000e+03,2.096000000000000000e+03,2.096000000000000000e+03,2.096000000000000000e+03,2.096000000000000000e+03,2.096000000000000000e+03,2.096000000000000000e+03,2.096000000000000000e+03,2.096000000000000000e+03,2.096000000000000000e+03,2.096000000000000000e+03,2.096000000000000000e+03,2.096000000000000000e+03,2.096000000000000000e+03,2.096000000000000000e+03,2.096000000000000000e+03,2.096000000000000000e+03,2.096000000000000000e+03,2.096000000000000000e+03,2.096000000000000000e+03,2.096000000000000000e+03,2.096000000000000000e+03,2.096000000000000000e+03,2.096000000000000000e+03,2.096000000000000000e+03,2.096000000000000000e+03,2.096000000000000000e+03,2.096000000000000000e+03,2.096000000000000000e+03,2.096000000000000000e+03,2.096000000000000000e+03,2.096000000000000000e+03,2.096000000000000000e+03,2.096000000000000000e+03,2.096000000000000000e+03,2.096000000000000000e+03,2.096000000000000000e+03,2.096000000000000000e+03,2.096000000000000000e+03,2.096000000000000000e+03,2.096000000000000000e+03,2.096000000000000000e+03,2.096000000000000000e+03,2.096000000000000000e+03,2.096000000000000000e+03,2.096000000000000000e+03,2.096000000000000000e+03,2.096000000000000000e+03,2.096000000000000000e+03,2.096000000000000000e+03,2.096000000000000000e+03,2.096000000000000000e+03,2.096000000000000000e+03,2.096000000000000000e+03,2.096000000000000000e+03,2.096000000000000000e+03,2.096000000000000000e+03,2.096000000000000000e+03,2.096000000000000000e+03,2.096000000000000000e+03,2.096000000000000000e+03,2.096000000000000000e+03,2.096000000000000000e+03,2.096000000000000000e+03,2.096000000000000000e+03,2.096000000000000000e+03,2.096000000000000000e+03,2.096000000000000000e+03,2.096000000000000000e+03,2.096000000000000000e+03,2.096000000000000000e+03,2.096000000000000000e+03,2.096000000000000000e+03,2.096000000000000000e+03,2.096000000000000000e+03,2.096000000000000000e+03,2.096000000000000000e+03,2.096000000000000000e+03,2.096000000000000000e+03,2.096000000000000000e+03,2.096000000000000000e+03,2.096000000000000000e+03,2.096000000000000000e+03,2.096000000000000000e+03,2.096000000000000000e+03,2.096000000000000000e+03,2.096000000000000000e+03,2.096000000000000000e+03,2.096000000000000000e+03,2.096000000000000000e+03,2.097000000000000000e+03,2.097000000000000000e+03,2.097000000000000000e+03,2.097000000000000000e+03,2.097000000000000000e+03,2.097000000000000000e+03,2.097000000000000000e+03,2.097000000000000000e+03,2.097000000000000000e+03,2.097000000000000000e+03,2.097000000000000000e+03,2.097000000000000000e+03,2.097000000000000000e+03,2.097000000000000000e+03,2.097000000000000000e+03,2.097000000000000000e+03,2.097000000000000000e+03,2.097000000000000000e+03,2.097000000000000000e+03,2.097000000000000000e+03,2.097000000000000000e+03,2.097000000000000000e+03,2.097000000000000000e+03,2.097000000000000000e+03,2.097000000000000000e+03,2.097000000000000000e+03,2.097000000000000000e+03,2.097000000000000000e+03,2.097000000000000000e+03,2.097000000000000000e+03,2.097000000000000000e+03,2.097000000000000000e+03,2.097000000000000000e+03,2.097000000000000000e+03,2.097000000000000000e+03,2.097000000000000000e+03,2.097000000000000000e+03,2.097000000000000000e+03,2.097000000000000000e+03,2.097000000000000000e+03,2.097000000000000000e+03,2.097000000000000000e+03,2.097000000000000000e+03,2.097000000000000000e+03,2.097000000000000000e+03,2.097000000000000000e+03,2.097000000000000000e+03,2.097000000000000000e+03,2.097000000000000000e+03,2.097000000000000000e+03,2.097000000000000000e+03,2.097000000000000000e+03,2.097000000000000000e+03,2.097000000000000000e+03,2.097000000000000000e+03,2.097000000000000000e+03,2.097000000000000000e+03,2.097000000000000000e+03,2.097000000000000000e+03,2.097000000000000000e+03,2.097000000000000000e+03,2.097000000000000000e+03,2.097000000000000000e+03,2.097000000000000000e+03,2.097000000000000000e+03,2.097000000000000000e+03,2.097000000000000000e+03,2.097000000000000000e+03,2.097000000000000000e+03,2.097000000000000000e+03,2.097000000000000000e+03,2.097000000000000000e+03,2.097000000000000000e+03,2.097000000000000000e+03,2.097000000000000000e+03,2.097000000000000000e+03,2.097000000000000000e+03,2.097000000000000000e+03,2.097000000000000000e+03,2.097000000000000000e+03,2.097000000000000000e+03,2.097000000000000000e+03,2.097000000000000000e+03,2.097000000000000000e+03,2.097000000000000000e+03,2.097000000000000000e+03,2.097000000000000000e+03,2.097000000000000000e+03,2.097000000000000000e+03,2.097000000000000000e+03,2.097000000000000000e+03,2.097000000000000000e+03,2.097000000000000000e+03,2.097000000000000000e+03,2.097000000000000000e+03,2.097000000000000000e+03,2.097000000000000000e+03,2.097000000000000000e+03,2.097000000000000000e+03,2.097000000000000000e+03,2.097000000000000000e+03,2.097000000000000000e+03,2.097000000000000000e+03,2.097000000000000000e+03,2.097000000000000000e+03,2.097000000000000000e+03,2.097000000000000000e+03,2.097000000000000000e+03,2.097000000000000000e+03,2.097000000000000000e+03,2.097000000000000000e+03,2.097000000000000000e+03,2.097000000000000000e+03,2.097000000000000000e+03,2.097000000000000000e+03,2.097000000000000000e+03,2.097000000000000000e+03,2.097000000000000000e+03,2.097000000000000000e+03,2.097000000000000000e+03,2.097000000000000000e+03,2.097000000000000000e+03,2.097000000000000000e+03,2.097000000000000000e+03,2.097000000000000000e+03,2.097000000000000000e+03,2.097000000000000000e+03,2.097000000000000000e+03,2.097000000000000000e+03,2.097000000000000000e+03,2.097000000000000000e+03,2.098000000000000000e+03,2.098000000000000000e+03,2.098000000000000000e+03,2.098000000000000000e+03,2.098000000000000000e+03,2.098000000000000000e+03,2.098000000000000000e+03,2.098000000000000000e+03,2.098000000000000000e+03,2.098000000000000000e+03,2.098000000000000000e+03,2.098000000000000000e+03,2.098000000000000000e+03,2.098000000000000000e+03,2.098000000000000000e+03,2.098000000000000000e+03,2.098000000000000000e+03,2.098000000000000000e+03,2.098000000000000000e+03,2.098000000000000000e+03,2.098000000000000000e+03,2.098000000000000000e+03,2.098000000000000000e+03,2.098000000000000000e+03,2.098000000000000000e+03,2.098000000000000000e+03,2.098000000000000000e+03,2.098000000000000000e+03,2.098000000000000000e+03,2.098000000000000000e+03,2.098000000000000000e+03,2.098000000000000000e+03,2.098000000000000000e+03,2.098000000000000000e+03,2.098000000000000000e+03,2.098000000000000000e+03,2.098000000000000000e+03,2.098000000000000000e+03,2.098000000000000000e+03,2.098000000000000000e+03,2.098000000000000000e+03,2.098000000000000000e+03,2.098000000000000000e+03,2.098000000000000000e+03,2.098000000000000000e+03,2.098000000000000000e+03,2.098000000000000000e+03,2.098000000000000000e+03,2.098000000000000000e+03,2.098000000000000000e+03,2.098000000000000000e+03,2.098000000000000000e+03,2.098000000000000000e+03,2.098000000000000000e+03,2.098000000000000000e+03,2.098000000000000000e+03,2.098000000000000000e+03,2.098000000000000000e+03,2.098000000000000000e+03,2.098000000000000000e+03,2.098000000000000000e+03,2.098000000000000000e+03,2.098000000000000000e+03,2.098000000000000000e+03,2.098000000000000000e+03,2.098000000000000000e+03,2.098000000000000000e+03,2.098000000000000000e+03,2.098000000000000000e+03,2.098000000000000000e+03,2.098000000000000000e+03,2.098000000000000000e+03,2.098000000000000000e+03,2.098000000000000000e+03,2.098000000000000000e+03,2.098000000000000000e+03,2.098000000000000000e+03,2.098000000000000000e+03,2.098000000000000000e+03,2.098000000000000000e+03,2.098000000000000000e+03,2.098000000000000000e+03,2.098000000000000000e+03,2.098000000000000000e+03,2.098000000000000000e+03,2.098000000000000000e+03,2.098000000000000000e+03,2.098000000000000000e+03,2.098000000000000000e+03,2.098000000000000000e+03,2.098000000000000000e+03,2.098000000000000000e+03,2.098000000000000000e+03,2.098000000000000000e+03,2.098000000000000000e+03,2.098000000000000000e+03,2.098000000000000000e+03,2.098000000000000000e+03,2.098000000000000000e+03,2.098000000000000000e+03,2.098000000000000000e+03,2.098000000000000000e+03,2.098000000000000000e+03,2.098000000000000000e+03,2.098000000000000000e+03,2.098000000000000000e+03,2.098000000000000000e+03,2.098000000000000000e+03,2.098000000000000000e+03,2.098000000000000000e+03,2.098000000000000000e+03,2.098000000000000000e+03,2.098000000000000000e+03,2.098000000000000000e+03,2.098000000000000000e+03,2.098000000000000000e+03,2.098000000000000000e+03,2.098000000000000000e+03,2.098000000000000000e+03,2.098000000000000000e+03,2.098000000000000000e+03,2.098000000000000000e+03,2.098000000000000000e+03,2.098000000000000000e+03,2.098000000000000000e+03,2.098000000000000000e+03,2.098000000000000000e+03,2.098000000000000000e+03,2.098000000000000000e+03,2.098000000000000000e+03,2.098000000000000000e+03,2.099000000000000000e+03,2.099000000000000000e+03,2.099000000000000000e+03,2.099000000000000000e+03,2.099000000000000000e+03,2.099000000000000000e+03,2.099000000000000000e+03,2.099000000000000000e+03,2.099000000000000000e+03,2.099000000000000000e+03,2.099000000000000000e+03,2.099000000000000000e+03,2.099000000000000000e+03,2.099000000000000000e+03,2.099000000000000000e+03,2.099000000000000000e+03,2.099000000000000000e+03,2.099000000000000000e+03,2.099000000000000000e+03,2.099000000000000000e+03,2.099000000000000000e+03,2.099000000000000000e+03,2.099000000000000000e+03,2.099000000000000000e+03,2.099000000000000000e+03,2.099000000000000000e+03,2.099000000000000000e+03,2.099000000000000000e+03,2.099000000000000000e+03,2.099000000000000000e+03,2.099000000000000000e+03,2.099000000000000000e+03,2.099000000000000000e+03,2.099000000000000000e+03,2.099000000000000000e+03,2.099000000000000000e+03,2.099000000000000000e+03,2.099000000000000000e+03,2.099000000000000000e+03,2.099000000000000000e+03,2.099000000000000000e+03,2.099000000000000000e+03,2.099000000000000000e+03,2.099000000000000000e+03,2.099000000000000000e+03,2.099000000000000000e+03,2.099000000000000000e+03,2.099000000000000000e+03,2.099000000000000000e+03,2.099000000000000000e+03,2.099000000000000000e+03,2.099000000000000000e+03,2.099000000000000000e+03,2.099000000000000000e+03,2.099000000000000000e+03,2.099000000000000000e+03,2.099000000000000000e+03,2.099000000000000000e+03,2.099000000000000000e+03,2.099000000000000000e+03,2.099000000000000000e+03,2.099000000000000000e+03,2.099000000000000000e+03,2.099000000000000000e+03,2.099000000000000000e+03,2.099000000000000000e+03,2.099000000000000000e+03,2.099000000000000000e+03,2.099000000000000000e+03,2.099000000000000000e+03,2.099000000000000000e+03,2.099000000000000000e+03,2.099000000000000000e+03,2.099000000000000000e+03,2.099000000000000000e+03,2.099000000000000000e+03,2.099000000000000000e+03,2.099000000000000000e+03,2.099000000000000000e+03,2.099000000000000000e+03,2.099000000000000000e+03,2.099000000000000000e+03,2.099000000000000000e+03,2.099000000000000000e+03,2.099000000000000000e+03,2.099000000000000000e+03,2.099000000000000000e+03,2.099000000000000000e+03,2.099000000000000000e+03,2.099000000000000000e+03,2.099000000000000000e+03,2.099000000000000000e+03,2.099000000000000000e+03,2.099000000000000000e+03,2.099000000000000000e+03,2.099000000000000000e+03,2.099000000000000000e+03,2.099000000000000000e+03,2.099000000000000000e+03,2.099000000000000000e+03,2.099000000000000000e+03,2.099000000000000000e+03,2.099000000000000000e+03,2.099000000000000000e+03,2.099000000000000000e+03,2.099000000000000000e+03,2.099000000000000000e+03,2.099000000000000000e+03,2.099000000000000000e+03,2.099000000000000000e+03,2.099000000000000000e+03,2.099000000000000000e+03,2.099000000000000000e+03,2.099000000000000000e+03,2.099000000000000000e+03,2.099000000000000000e+03,2.099000000000000000e+03,2.099000000000000000e+03,2.099000000000000000e+03,2.099000000000000000e+03,2.099000000000000000e+03,2.099000000000000000e+03,2.099000000000000000e+03,2.099000000000000000e+03,2.099000000000000000e+03,2.099000000000000000e+03,2.099000000000000000e+03,2.099000000000000000e+03,2.099000000000000000e+03,2.099000000000000000e+03,2.100000000000000000e+03,2.100000000000000000e+03,2.100000000000000000e+03,2.100000000000000000e+03,2.100000000000000000e+03,2.100000000000000000e+03,2.100000000000000000e+03,2.100000000000000000e+03,2.100000000000000000e+03,2.100000000000000000e+03,2.100000000000000000e+03,2.100000000000000000e+03,2.100000000000000000e+03,2.100000000000000000e+03,2.100000000000000000e+03,2.100000000000000000e+03,2.100000000000000000e+03,2.100000000000000000e+03,2.100000000000000000e+03,2.100000000000000000e+03,2.100000000000000000e+03,2.100000000000000000e+03,2.100000000000000000e+03,2.100000000000000000e+03,2.100000000000000000e+03,2.100000000000000000e+03,2.100000000000000000e+03,2.100000000000000000e+03,2.100000000000000000e+03,2.100000000000000000e+03,2.100000000000000000e+03,2.100000000000000000e+03,2.100000000000000000e+03,2.100000000000000000e+03,2.100000000000000000e+03,2.100000000000000000e+03,2.100000000000000000e+03,2.100000000000000000e+03,2.100000000000000000e+03,2.100000000000000000e+03,2.100000000000000000e+03,2.100000000000000000e+03,2.100000000000000000e+03,2.100000000000000000e+03,2.100000000000000000e+03,2.100000000000000000e+03,2.100000000000000000e+03,2.100000000000000000e+03,2.100000000000000000e+03,2.100000000000000000e+03,2.100000000000000000e+03,2.100000000000000000e+03,2.100000000000000000e+03,2.100000000000000000e+03,2.100000000000000000e+03,2.100000000000000000e+03,2.100000000000000000e+03,2.100000000000000000e+03,2.100000000000000000e+03,2.100000000000000000e+03,2.100000000000000000e+03,2.100000000000000000e+03,2.100000000000000000e+03,2.100000000000000000e+03,2.100000000000000000e+03,2.100000000000000000e+03,2.100000000000000000e+03,2.100000000000000000e+03,2.100000000000000000e+03,2.100000000000000000e+03,2.100000000000000000e+03,2.100000000000000000e+03,2.100000000000000000e+03,2.100000000000000000e+03,2.100000000000000000e+03,2.100000000000000000e+03,2.100000000000000000e+03,2.100000000000000000e+03,2.100000000000000000e+03,2.100000000000000000e+03,2.100000000000000000e+03,2.100000000000000000e+03,2.100000000000000000e+03,2.100000000000000000e+03,2.100000000000000000e+03,2.100000000000000000e+03,2.100000000000000000e+03,2.100000000000000000e+03,2.100000000000000000e+03,2.100000000000000000e+03,2.100000000000000000e+03,2.100000000000000000e+03,2.100000000000000000e+03,2.100000000000000000e+03,2.100000000000000000e+03,2.100000000000000000e+03,2.100000000000000000e+03,2.100000000000000000e+03,2.100000000000000000e+03,2.100000000000000000e+03,2.100000000000000000e+03,2.100000000000000000e+03,2.100000000000000000e+03,2.100000000000000000e+03,2.100000000000000000e+03,2.100000000000000000e+03,2.100000000000000000e+03,2.100000000000000000e+03,2.100000000000000000e+03,2.100000000000000000e+03,2.100000000000000000e+03,2.100000000000000000e+03,2.100000000000000000e+03,2.100000000000000000e+03,2.100000000000000000e+03,2.100000000000000000e+03,2.100000000000000000e+03,2.100000000000000000e+03,2.100000000000000000e+03,2.100000000000000000e+03,2.100000000000000000e+03,2.100000000000000000e+03,2.100000000000000000e+03,2.100000000000000000e+03,2.100000000000000000e+03,2.100000000000000000e+03,2.100000000000000000e+03,2.100000000000000000e+03,2.100000000000000000e+03,2.100000000000000000e+03,2.101000000000000000e+03,2.101000000000000000e+03,2.101000000000000000e+03,2.101000000000000000e+03,2.101000000000000000e+03,2.101000000000000000e+03,2.101000000000000000e+03,2.101000000000000000e+03,2.101000000000000000e+03,2.101000000000000000e+03,2.101000000000000000e+03,2.101000000000000000e+03,2.101000000000000000e+03,2.101000000000000000e+03,2.101000000000000000e+03,2.101000000000000000e+03,2.101000000000000000e+03,2.101000000000000000e+03,2.101000000000000000e+03,2.101000000000000000e+03,2.101000000000000000e+03,2.101000000000000000e+03,2.101000000000000000e+03,2.101000000000000000e+03,2.101000000000000000e+03,2.101000000000000000e+03,2.101000000000000000e+03,2.101000000000000000e+03,2.101000000000000000e+03,2.101000000000000000e+03,2.101000000000000000e+03,2.101000000000000000e+03,2.101000000000000000e+03,2.101000000000000000e+03,2.101000000000000000e+03,2.101000000000000000e+03,2.101000000000000000e+03,2.101000000000000000e+03,2.101000000000000000e+03,2.101000000000000000e+03,2.101000000000000000e+03,2.101000000000000000e+03,2.101000000000000000e+03,2.101000000000000000e+03,2.101000000000000000e+03,2.101000000000000000e+03,2.101000000000000000e+03,2.101000000000000000e+03,2.101000000000000000e+03,2.101000000000000000e+03,2.101000000000000000e+03,2.101000000000000000e+03,2.101000000000000000e+03,2.101000000000000000e+03,2.101000000000000000e+03,2.101000000000000000e+03,2.101000000000000000e+03,2.101000000000000000e+03,2.101000000000000000e+03,2.101000000000000000e+03,2.101000000000000000e+03,2.101000000000000000e+03,2.101000000000000000e+03,2.101000000000000000e+03,2.101000000000000000e+03,2.101000000000000000e+03,2.101000000000000000e+03,2.101000000000000000e+03,2.101000000000000000e+03,2.101000000000000000e+03,2.101000000000000000e+03,2.101000000000000000e+03,2.101000000000000000e+03,2.101000000000000000e+03,2.101000000000000000e+03,2.101000000000000000e+03,2.101000000000000000e+03,2.101000000000000000e+03,2.101000000000000000e+03,2.101000000000000000e+03,2.101000000000000000e+03,2.101000000000000000e+03,2.101000000000000000e+03,2.101000000000000000e+03,2.101000000000000000e+03,2.101000000000000000e+03,2.101000000000000000e+03,2.101000000000000000e+03,2.101000000000000000e+03,2.101000000000000000e+03,2.101000000000000000e+03,2.101000000000000000e+03,2.101000000000000000e+03,2.101000000000000000e+03,2.101000000000000000e+03,2.101000000000000000e+03,2.101000000000000000e+03,2.101000000000000000e+03,2.101000000000000000e+03,2.101000000000000000e+03,2.101000000000000000e+03,2.101000000000000000e+03,2.101000000000000000e+03,2.101000000000000000e+03,2.101000000000000000e+03,2.101000000000000000e+03,2.101000000000000000e+03,2.101000000000000000e+03,2.101000000000000000e+03,2.101000000000000000e+03,2.101000000000000000e+03,2.101000000000000000e+03,2.101000000000000000e+03,2.101000000000000000e+03,2.101000000000000000e+03,2.101000000000000000e+03,2.101000000000000000e+03,2.101000000000000000e+03,2.101000000000000000e+03,2.101000000000000000e+03,2.101000000000000000e+03,2.101000000000000000e+03,2.101000000000000000e+03,2.101000000000000000e+03,2.101000000000000000e+03,2.101000000000000000e+03,2.101000000000000000e+03,2.101000000000000000e+03,2.101000000000000000e+03,2.101000000000000000e+03,2.102000000000000000e+03,2.102000000000000000e+03,2.102000000000000000e+03,2.102000000000000000e+03,2.102000000000000000e+03,2.102000000000000000e+03,2.102000000000000000e+03,2.102000000000000000e+03,2.102000000000000000e+03,2.102000000000000000e+03,2.102000000000000000e+03,2.102000000000000000e+03,2.102000000000000000e+03,2.102000000000000000e+03,2.102000000000000000e+03,2.102000000000000000e+03,2.102000000000000000e+03,2.102000000000000000e+03,2.102000000000000000e+03,2.102000000000000000e+03,2.102000000000000000e+03,2.102000000000000000e+03,2.102000000000000000e+03,2.102000000000000000e+03,2.102000000000000000e+03,2.102000000000000000e+03,2.102000000000000000e+03,2.102000000000000000e+03,2.102000000000000000e+03,2.102000000000000000e+03,2.102000000000000000e+03,2.102000000000000000e+03,2.102000000000000000e+03,2.102000000000000000e+03,2.102000000000000000e+03,2.102000000000000000e+03,2.102000000000000000e+03,2.102000000000000000e+03,2.102000000000000000e+03,2.102000000000000000e+03,2.102000000000000000e+03,2.102000000000000000e+03,2.102000000000000000e+03,2.102000000000000000e+03,2.102000000000000000e+03,2.102000000000000000e+03,2.102000000000000000e+03,2.102000000000000000e+03,2.102000000000000000e+03,2.102000000000000000e+03,2.102000000000000000e+03,2.102000000000000000e+03,2.102000000000000000e+03,2.102000000000000000e+03,2.102000000000000000e+03,2.102000000000000000e+03,2.102000000000000000e+03,2.102000000000000000e+03,2.102000000000000000e+03,2.102000000000000000e+03,2.102000000000000000e+03,2.102000000000000000e+03,2.102000000000000000e+03,2.102000000000000000e+03,2.102000000000000000e+03,2.102000000000000000e+03,2.102000000000000000e+03,2.102000000000000000e+03,2.102000000000000000e+03,2.102000000000000000e+03,2.102000000000000000e+03,2.102000000000000000e+03,2.102000000000000000e+03,2.102000000000000000e+03,2.102000000000000000e+03,2.102000000000000000e+03,2.102000000000000000e+03,2.102000000000000000e+03,2.102000000000000000e+03,2.102000000000000000e+03,2.102000000000000000e+03,2.102000000000000000e+03,2.102000000000000000e+03,2.102000000000000000e+03,2.102000000000000000e+03,2.102000000000000000e+03,2.102000000000000000e+03,2.102000000000000000e+03,2.102000000000000000e+03,2.102000000000000000e+03,2.102000000000000000e+03,2.102000000000000000e+03,2.102000000000000000e+03,2.102000000000000000e+03,2.102000000000000000e+03,2.102000000000000000e+03,2.102000000000000000e+03,2.102000000000000000e+03,2.102000000000000000e+03,2.102000000000000000e+03,2.102000000000000000e+03,2.102000000000000000e+03,2.102000000000000000e+03,2.102000000000000000e+03,2.102000000000000000e+03,2.102000000000000000e+03,2.102000000000000000e+03,2.102000000000000000e+03,2.102000000000000000e+03,2.102000000000000000e+03,2.102000000000000000e+03,2.102000000000000000e+03,2.102000000000000000e+03,2.102000000000000000e+03,2.102000000000000000e+03,2.102000000000000000e+03,2.102000000000000000e+03,2.102000000000000000e+03,2.102000000000000000e+03,2.102000000000000000e+03,2.102000000000000000e+03,2.102000000000000000e+03,2.102000000000000000e+03,2.102000000000000000e+03,2.102000000000000000e+03,2.102000000000000000e+03,2.102000000000000000e+03,2.102000000000000000e+03,2.102000000000000000e+03,2.103000000000000000e+03,2.103000000000000000e+03,2.103000000000000000e+03,2.103000000000000000e+03,2.103000000000000000e+03,2.103000000000000000e+03,2.103000000000000000e+03,2.103000000000000000e+03,2.103000000000000000e+03,2.103000000000000000e+03,2.103000000000000000e+03,2.103000000000000000e+03,2.103000000000000000e+03,2.103000000000000000e+03,2.103000000000000000e+03,2.103000000000000000e+03,2.103000000000000000e+03,2.103000000000000000e+03,2.103000000000000000e+03,2.103000000000000000e+03,2.103000000000000000e+03,2.103000000000000000e+03,2.103000000000000000e+03,2.103000000000000000e+03,2.103000000000000000e+03,2.103000000000000000e+03,2.103000000000000000e+03,2.103000000000000000e+03,2.103000000000000000e+03,2.103000000000000000e+03,2.103000000000000000e+03,2.103000000000000000e+03,2.103000000000000000e+03,2.103000000000000000e+03,2.103000000000000000e+03,2.103000000000000000e+03,2.103000000000000000e+03,2.103000000000000000e+03,2.103000000000000000e+03,2.103000000000000000e+03,2.103000000000000000e+03,2.103000000000000000e+03,2.103000000000000000e+03,2.103000000000000000e+03,2.103000000000000000e+03,2.103000000000000000e+03,2.103000000000000000e+03,2.103000000000000000e+03,2.103000000000000000e+03,2.103000000000000000e+03,2.103000000000000000e+03,2.103000000000000000e+03,2.103000000000000000e+03,2.103000000000000000e+03,2.103000000000000000e+03,2.103000000000000000e+03,2.103000000000000000e+03,2.103000000000000000e+03,2.103000000000000000e+03,2.103000000000000000e+03,2.103000000000000000e+03,2.103000000000000000e+03,2.103000000000000000e+03,2.103000000000000000e+03,2.103000000000000000e+03,2.103000000000000000e+03,2.103000000000000000e+03,2.103000000000000000e+03,2.103000000000000000e+03,2.103000000000000000e+03,2.103000000000000000e+03,2.103000000000000000e+03,2.103000000000000000e+03,2.103000000000000000e+03,2.103000000000000000e+03,2.103000000000000000e+03,2.103000000000000000e+03,2.103000000000000000e+03,2.103000000000000000e+03,2.103000000000000000e+03,2.103000000000000000e+03,2.103000000000000000e+03,2.103000000000000000e+03,2.103000000000000000e+03,2.103000000000000000e+03,2.103000000000000000e+03,2.103000000000000000e+03,2.103000000000000000e+03,2.103000000000000000e+03,2.103000000000000000e+03,2.103000000000000000e+03,2.103000000000000000e+03,2.103000000000000000e+03,2.103000000000000000e+03,2.103000000000000000e+03,2.103000000000000000e+03,2.103000000000000000e+03,2.103000000000000000e+03,2.103000000000000000e+03,2.103000000000000000e+03,2.103000000000000000e+03,2.103000000000000000e+03,2.103000000000000000e+03,2.103000000000000000e+03,2.103000000000000000e+03,2.103000000000000000e+03,2.103000000000000000e+03,2.103000000000000000e+03,2.103000000000000000e+03,2.103000000000000000e+03,2.103000000000000000e+03,2.103000000000000000e+03,2.103000000000000000e+03,2.103000000000000000e+03,2.103000000000000000e+03,2.103000000000000000e+03,2.103000000000000000e+03,2.103000000000000000e+03,2.103000000000000000e+03,2.103000000000000000e+03,2.103000000000000000e+03,2.103000000000000000e+03,2.103000000000000000e+03,2.103000000000000000e+03,2.103000000000000000e+03,2.103000000000000000e+03,2.103000000000000000e+03,2.103000000000000000e+03,2.103000000000000000e+03,2.103000000000000000e+03,2.104000000000000000e+03,2.104000000000000000e+03,2.104000000000000000e+03,2.104000000000000000e+03,2.104000000000000000e+03,2.104000000000000000e+03,2.104000000000000000e+03,2.104000000000000000e+03,2.104000000000000000e+03,2.104000000000000000e+03,2.104000000000000000e+03,2.104000000000000000e+03,2.104000000000000000e+03,2.104000000000000000e+03,2.104000000000000000e+03,2.104000000000000000e+03,2.104000000000000000e+03,2.104000000000000000e+03,2.104000000000000000e+03,2.104000000000000000e+03,2.104000000000000000e+03,2.104000000000000000e+03,2.104000000000000000e+03,2.104000000000000000e+03,2.104000000000000000e+03,2.104000000000000000e+03,2.104000000000000000e+03,2.104000000000000000e+03,2.104000000000000000e+03,2.104000000000000000e+03,2.104000000000000000e+03,2.104000000000000000e+03,2.104000000000000000e+03,2.104000000000000000e+03,2.104000000000000000e+03,2.104000000000000000e+03,2.104000000000000000e+03,2.104000000000000000e+03,2.104000000000000000e+03,2.104000000000000000e+03,2.104000000000000000e+03,2.104000000000000000e+03,2.104000000000000000e+03,2.104000000000000000e+03,2.104000000000000000e+03,2.104000000000000000e+03,2.104000000000000000e+03,2.104000000000000000e+03,2.104000000000000000e+03,2.104000000000000000e+03,2.104000000000000000e+03,2.104000000000000000e+03,2.104000000000000000e+03,2.104000000000000000e+03,2.104000000000000000e+03,2.104000000000000000e+03,2.104000000000000000e+03,2.104000000000000000e+03,2.104000000000000000e+03,2.104000000000000000e+03,2.104000000000000000e+03,2.104000000000000000e+03,2.104000000000000000e+03,2.104000000000000000e+03,2.104000000000000000e+03,2.104000000000000000e+03,2.104000000000000000e+03,2.104000000000000000e+03,2.104000000000000000e+03,2.104000000000000000e+03,2.104000000000000000e+03,2.104000000000000000e+03,2.104000000000000000e+03,2.104000000000000000e+03,2.104000000000000000e+03,2.104000000000000000e+03,2.104000000000000000e+03,2.104000000000000000e+03,2.104000000000000000e+03,2.104000000000000000e+03,2.104000000000000000e+03,2.104000000000000000e+03,2.104000000000000000e+03,2.104000000000000000e+03,2.104000000000000000e+03,2.104000000000000000e+03,2.104000000000000000e+03,2.104000000000000000e+03,2.104000000000000000e+03,2.104000000000000000e+03,2.104000000000000000e+03,2.104000000000000000e+03,2.104000000000000000e+03,2.104000000000000000e+03,2.104000000000000000e+03,2.104000000000000000e+03,2.104000000000000000e+03,2.104000000000000000e+03,2.104000000000000000e+03,2.104000000000000000e+03,2.104000000000000000e+03,2.104000000000000000e+03,2.104000000000000000e+03,2.104000000000000000e+03,2.104000000000000000e+03,2.104000000000000000e+03,2.104000000000000000e+03,2.104000000000000000e+03,2.104000000000000000e+03,2.104000000000000000e+03,2.104000000000000000e+03,2.104000000000000000e+03,2.104000000000000000e+03,2.104000000000000000e+03,2.104000000000000000e+03,2.104000000000000000e+03,2.104000000000000000e+03,2.104000000000000000e+03,2.104000000000000000e+03,2.104000000000000000e+03,2.104000000000000000e+03,2.104000000000000000e+03,2.104000000000000000e+03,2.104000000000000000e+03,2.104000000000000000e+03,2.104000000000000000e+03,2.104000000000000000e+03,2.104000000000000000e+03,2.104000000000000000e+03,2.105000000000000000e+03,2.105000000000000000e+03,2.105000000000000000e+03,2.105000000000000000e+03,2.105000000000000000e+03,2.105000000000000000e+03,2.105000000000000000e+03,2.105000000000000000e+03,2.105000000000000000e+03,2.105000000000000000e+03,2.105000000000000000e+03,2.105000000000000000e+03,2.105000000000000000e+03,2.105000000000000000e+03,2.105000000000000000e+03,2.105000000000000000e+03,2.105000000000000000e+03,2.105000000000000000e+03,2.105000000000000000e+03,2.105000000000000000e+03,2.105000000000000000e+03,2.105000000000000000e+03,2.105000000000000000e+03,2.105000000000000000e+03,2.105000000000000000e+03,2.105000000000000000e+03,2.105000000000000000e+03,2.105000000000000000e+03,2.105000000000000000e+03,2.105000000000000000e+03,2.105000000000000000e+03,2.105000000000000000e+03,2.105000000000000000e+03,2.105000000000000000e+03,2.105000000000000000e+03,2.105000000000000000e+03,2.105000000000000000e+03,2.105000000000000000e+03,2.105000000000000000e+03,2.105000000000000000e+03,2.105000000000000000e+03,2.105000000000000000e+03,2.105000000000000000e+03,2.105000000000000000e+03,2.105000000000000000e+03,2.105000000000000000e+03,2.105000000000000000e+03,2.105000000000000000e+03,2.105000000000000000e+03,2.105000000000000000e+03,2.105000000000000000e+03,2.105000000000000000e+03,2.105000000000000000e+03,2.105000000000000000e+03,2.105000000000000000e+03,2.105000000000000000e+03,2.105000000000000000e+03,2.105000000000000000e+03,2.105000000000000000e+03,2.105000000000000000e+03,2.105000000000000000e+03,2.105000000000000000e+03,2.105000000000000000e+03,2.105000000000000000e+03,2.105000000000000000e+03,2.105000000000000000e+03,2.105000000000000000e+03,2.105000000000000000e+03,2.105000000000000000e+03,2.105000000000000000e+03,2.105000000000000000e+03,2.105000000000000000e+03,2.105000000000000000e+03,2.105000000000000000e+03,2.105000000000000000e+03,2.105000000000000000e+03,2.105000000000000000e+03,2.105000000000000000e+03,2.105000000000000000e+03,2.105000000000000000e+03,2.105000000000000000e+03,2.105000000000000000e+03,2.105000000000000000e+03,2.105000000000000000e+03,2.105000000000000000e+03,2.105000000000000000e+03,2.105000000000000000e+03,2.105000000000000000e+03,2.105000000000000000e+03,2.105000000000000000e+03,2.105000000000000000e+03,2.105000000000000000e+03,2.105000000000000000e+03,2.105000000000000000e+03,2.105000000000000000e+03,2.105000000000000000e+03,2.105000000000000000e+03,2.105000000000000000e+03,2.105000000000000000e+03,2.105000000000000000e+03,2.105000000000000000e+03,2.105000000000000000e+03,2.105000000000000000e+03,2.105000000000000000e+03,2.105000000000000000e+03,2.105000000000000000e+03,2.105000000000000000e+03,2.105000000000000000e+03,2.105000000000000000e+03,2.105000000000000000e+03,2.105000000000000000e+03,2.105000000000000000e+03,2.105000000000000000e+03,2.105000000000000000e+03,2.105000000000000000e+03,2.105000000000000000e+03,2.105000000000000000e+03,2.105000000000000000e+03,2.105000000000000000e+03,2.105000000000000000e+03,2.105000000000000000e+03,2.105000000000000000e+03,2.105000000000000000e+03,2.105000000000000000e+03,2.105000000000000000e+03,2.105000000000000000e+03,2.105000000000000000e+03,2.105000000000000000e+03,2.105000000000000000e+03,2.106000000000000000e+03,2.106000000000000000e+03,2.106000000000000000e+03,2.106000000000000000e+03,2.106000000000000000e+03,2.106000000000000000e+03,2.106000000000000000e+03,2.106000000000000000e+03,2.106000000000000000e+03,2.106000000000000000e+03,2.106000000000000000e+03,2.106000000000000000e+03,2.106000000000000000e+03,2.106000000000000000e+03,2.106000000000000000e+03,2.106000000000000000e+03,2.106000000000000000e+03,2.106000000000000000e+03,2.106000000000000000e+03,2.106000000000000000e+03,2.106000000000000000e+03,2.106000000000000000e+03,2.106000000000000000e+03,2.106000000000000000e+03,2.106000000000000000e+03,2.106000000000000000e+03,2.106000000000000000e+03,2.106000000000000000e+03,2.106000000000000000e+03,2.106000000000000000e+03,2.106000000000000000e+03,2.106000000000000000e+03,2.106000000000000000e+03,2.106000000000000000e+03,2.106000000000000000e+03,2.106000000000000000e+03,2.106000000000000000e+03,2.106000000000000000e+03,2.106000000000000000e+03,2.106000000000000000e+03,2.106000000000000000e+03,2.106000000000000000e+03,2.106000000000000000e+03,2.106000000000000000e+03,2.106000000000000000e+03,2.106000000000000000e+03,2.106000000000000000e+03,2.106000000000000000e+03,2.106000000000000000e+03,2.106000000000000000e+03,2.106000000000000000e+03,2.106000000000000000e+03,2.106000000000000000e+03,2.106000000000000000e+03,2.106000000000000000e+03,2.106000000000000000e+03,2.106000000000000000e+03,2.106000000000000000e+03,2.106000000000000000e+03,2.106000000000000000e+03,2.106000000000000000e+03,2.106000000000000000e+03,2.106000000000000000e+03,2.106000000000000000e+03,2.106000000000000000e+03,2.106000000000000000e+03,2.106000000000000000e+03,2.106000000000000000e+03,2.106000000000000000e+03,2.106000000000000000e+03,2.106000000000000000e+03,2.106000000000000000e+03,2.106000000000000000e+03,2.106000000000000000e+03,2.106000000000000000e+03,2.106000000000000000e+03,2.106000000000000000e+03,2.106000000000000000e+03,2.106000000000000000e+03,2.106000000000000000e+03,2.106000000000000000e+03,2.106000000000000000e+03,2.106000000000000000e+03,2.106000000000000000e+03,2.106000000000000000e+03,2.106000000000000000e+03,2.106000000000000000e+03,2.106000000000000000e+03,2.106000000000000000e+03,2.106000000000000000e+03,2.106000000000000000e+03,2.106000000000000000e+03,2.106000000000000000e+03,2.106000000000000000e+03,2.106000000000000000e+03,2.106000000000000000e+03,2.106000000000000000e+03,2.106000000000000000e+03,2.106000000000000000e+03,2.106000000000000000e+03,2.106000000000000000e+03,2.106000000000000000e+03,2.106000000000000000e+03,2.106000000000000000e+03,2.106000000000000000e+03,2.106000000000000000e+03,2.106000000000000000e+03,2.106000000000000000e+03,2.106000000000000000e+03,2.106000000000000000e+03,2.106000000000000000e+03,2.106000000000000000e+03,2.106000000000000000e+03,2.106000000000000000e+03,2.106000000000000000e+03,2.106000000000000000e+03,2.106000000000000000e+03,2.106000000000000000e+03,2.106000000000000000e+03,2.106000000000000000e+03,2.106000000000000000e+03,2.106000000000000000e+03,2.106000000000000000e+03,2.106000000000000000e+03,2.106000000000000000e+03,2.106000000000000000e+03,2.106000000000000000e+03,2.106000000000000000e+03,2.106000000000000000e+03,2.107000000000000000e+03,2.107000000000000000e+03,2.107000000000000000e+03,2.107000000000000000e+03,2.107000000000000000e+03,2.107000000000000000e+03,2.107000000000000000e+03,2.107000000000000000e+03,2.107000000000000000e+03,2.107000000000000000e+03,2.107000000000000000e+03,2.107000000000000000e+03,2.107000000000000000e+03,2.107000000000000000e+03,2.107000000000000000e+03,2.107000000000000000e+03,2.107000000000000000e+03,2.107000000000000000e+03,2.107000000000000000e+03,2.107000000000000000e+03,2.107000000000000000e+03,2.107000000000000000e+03,2.107000000000000000e+03,2.107000000000000000e+03,2.107000000000000000e+03,2.107000000000000000e+03,2.107000000000000000e+03,2.107000000000000000e+03,2.107000000000000000e+03,2.107000000000000000e+03,2.107000000000000000e+03,2.107000000000000000e+03,2.107000000000000000e+03,2.107000000000000000e+03,2.107000000000000000e+03,2.107000000000000000e+03,2.107000000000000000e+03,2.107000000000000000e+03,2.107000000000000000e+03,2.107000000000000000e+03,2.107000000000000000e+03,2.107000000000000000e+03,2.107000000000000000e+03,2.107000000000000000e+03,2.107000000000000000e+03,2.107000000000000000e+03,2.107000000000000000e+03,2.107000000000000000e+03,2.107000000000000000e+03,2.107000000000000000e+03,2.107000000000000000e+03,2.107000000000000000e+03,2.107000000000000000e+03,2.107000000000000000e+03,2.107000000000000000e+03,2.107000000000000000e+03,2.107000000000000000e+03,2.107000000000000000e+03,2.107000000000000000e+03,2.107000000000000000e+03,2.107000000000000000e+03,2.107000000000000000e+03,2.107000000000000000e+03,2.107000000000000000e+03,2.107000000000000000e+03,2.107000000000000000e+03,2.107000000000000000e+03,2.107000000000000000e+03,2.107000000000000000e+03,2.107000000000000000e+03,2.107000000000000000e+03,2.107000000000000000e+03,2.107000000000000000e+03,2.107000000000000000e+03,2.107000000000000000e+03,2.107000000000000000e+03,2.107000000000000000e+03,2.107000000000000000e+03,2.107000000000000000e+03,2.107000000000000000e+03,2.107000000000000000e+03,2.107000000000000000e+03,2.107000000000000000e+03,2.107000000000000000e+03,2.107000000000000000e+03,2.107000000000000000e+03,2.107000000000000000e+03,2.107000000000000000e+03,2.107000000000000000e+03,2.107000000000000000e+03,2.107000000000000000e+03,2.107000000000000000e+03,2.107000000000000000e+03,2.107000000000000000e+03,2.107000000000000000e+03,2.107000000000000000e+03,2.107000000000000000e+03,2.107000000000000000e+03,2.107000000000000000e+03,2.107000000000000000e+03,2.107000000000000000e+03,2.107000000000000000e+03,2.107000000000000000e+03,2.107000000000000000e+03,2.107000000000000000e+03,2.107000000000000000e+03,2.107000000000000000e+03,2.107000000000000000e+03,2.107000000000000000e+03,2.107000000000000000e+03,2.107000000000000000e+03,2.107000000000000000e+03,2.107000000000000000e+03,2.107000000000000000e+03,2.107000000000000000e+03,2.107000000000000000e+03,2.107000000000000000e+03,2.107000000000000000e+03,2.107000000000000000e+03,2.107000000000000000e+03,2.107000000000000000e+03,2.107000000000000000e+03,2.107000000000000000e+03,2.107000000000000000e+03,2.107000000000000000e+03,2.107000000000000000e+03,2.107000000000000000e+03,2.107000000000000000e+03,2.108000000000000000e+03,2.108000000000000000e+03,2.108000000000000000e+03,2.108000000000000000e+03,2.108000000000000000e+03,2.108000000000000000e+03,2.108000000000000000e+03,2.108000000000000000e+03,2.108000000000000000e+03,2.108000000000000000e+03,2.108000000000000000e+03,2.108000000000000000e+03,2.108000000000000000e+03,2.108000000000000000e+03,2.108000000000000000e+03,2.108000000000000000e+03,2.108000000000000000e+03,2.108000000000000000e+03,2.108000000000000000e+03,2.108000000000000000e+03,2.108000000000000000e+03,2.108000000000000000e+03,2.108000000000000000e+03,2.108000000000000000e+03,2.108000000000000000e+03,2.108000000000000000e+03,2.108000000000000000e+03,2.108000000000000000e+03,2.108000000000000000e+03,2.108000000000000000e+03,2.108000000000000000e+03,2.108000000000000000e+03,2.108000000000000000e+03,2.108000000000000000e+03,2.108000000000000000e+03,2.108000000000000000e+03,2.108000000000000000e+03,2.108000000000000000e+03,2.108000000000000000e+03,2.108000000000000000e+03,2.108000000000000000e+03,2.108000000000000000e+03,2.108000000000000000e+03,2.108000000000000000e+03,2.108000000000000000e+03,2.108000000000000000e+03,2.108000000000000000e+03,2.108000000000000000e+03,2.108000000000000000e+03,2.108000000000000000e+03,2.108000000000000000e+03,2.108000000000000000e+03,2.108000000000000000e+03,2.108000000000000000e+03,2.108000000000000000e+03,2.108000000000000000e+03,2.108000000000000000e+03,2.108000000000000000e+03,2.108000000000000000e+03,2.108000000000000000e+03,2.108000000000000000e+03,2.108000000000000000e+03,2.108000000000000000e+03,2.108000000000000000e+03,2.108000000000000000e+03,2.108000000000000000e+03,2.108000000000000000e+03,2.108000000000000000e+03,2.108000000000000000e+03,2.108000000000000000e+03,2.108000000000000000e+03,2.108000000000000000e+03,2.108000000000000000e+03,2.108000000000000000e+03,2.108000000000000000e+03,2.108000000000000000e+03,2.108000000000000000e+03,2.108000000000000000e+03,2.108000000000000000e+03,2.108000000000000000e+03,2.108000000000000000e+03,2.108000000000000000e+03,2.108000000000000000e+03,2.108000000000000000e+03,2.108000000000000000e+03,2.108000000000000000e+03,2.108000000000000000e+03,2.108000000000000000e+03,2.108000000000000000e+03,2.108000000000000000e+03,2.108000000000000000e+03,2.108000000000000000e+03,2.108000000000000000e+03,2.108000000000000000e+03,2.108000000000000000e+03,2.108000000000000000e+03,2.108000000000000000e+03,2.108000000000000000e+03,2.108000000000000000e+03,2.108000000000000000e+03,2.108000000000000000e+03,2.108000000000000000e+03,2.108000000000000000e+03,2.108000000000000000e+03,2.108000000000000000e+03,2.108000000000000000e+03,2.108000000000000000e+03,2.108000000000000000e+03,2.108000000000000000e+03,2.108000000000000000e+03,2.108000000000000000e+03,2.108000000000000000e+03,2.108000000000000000e+03,2.108000000000000000e+03,2.108000000000000000e+03,2.108000000000000000e+03,2.108000000000000000e+03,2.108000000000000000e+03,2.108000000000000000e+03,2.108000000000000000e+03,2.108000000000000000e+03,2.108000000000000000e+03,2.108000000000000000e+03,2.108000000000000000e+03,2.108000000000000000e+03,2.108000000000000000e+03,2.108000000000000000e+03,2.108000000000000000e+03,2.109000000000000000e+03,2.109000000000000000e+03,2.109000000000000000e+03,2.109000000000000000e+03,2.109000000000000000e+03,2.109000000000000000e+03,2.109000000000000000e+03,2.109000000000000000e+03,2.109000000000000000e+03,2.109000000000000000e+03,2.109000000000000000e+03,2.109000000000000000e+03,2.109000000000000000e+03,2.109000000000000000e+03,2.109000000000000000e+03,2.109000000000000000e+03,2.109000000000000000e+03,2.109000000000000000e+03,2.109000000000000000e+03,2.109000000000000000e+03,2.109000000000000000e+03,2.109000000000000000e+03,2.109000000000000000e+03,2.109000000000000000e+03,2.109000000000000000e+03,2.109000000000000000e+03,2.109000000000000000e+03,2.109000000000000000e+03,2.109000000000000000e+03,2.109000000000000000e+03,2.109000000000000000e+03,2.109000000000000000e+03,2.109000000000000000e+03,2.109000000000000000e+03,2.109000000000000000e+03,2.109000000000000000e+03,2.109000000000000000e+03,2.109000000000000000e+03,2.109000000000000000e+03,2.109000000000000000e+03,2.109000000000000000e+03,2.109000000000000000e+03,2.109000000000000000e+03,2.109000000000000000e+03,2.109000000000000000e+03,2.109000000000000000e+03,2.109000000000000000e+03,2.109000000000000000e+03,2.109000000000000000e+03,2.109000000000000000e+03,2.109000000000000000e+03,2.109000000000000000e+03,2.109000000000000000e+03,2.109000000000000000e+03,2.109000000000000000e+03,2.109000000000000000e+03,2.109000000000000000e+03,2.109000000000000000e+03,2.109000000000000000e+03,2.109000000000000000e+03,2.109000000000000000e+03,2.109000000000000000e+03,2.109000000000000000e+03,2.109000000000000000e+03,2.109000000000000000e+03,2.109000000000000000e+03,2.109000000000000000e+03,2.109000000000000000e+03,2.109000000000000000e+03,2.109000000000000000e+03,2.109000000000000000e+03,2.109000000000000000e+03,2.109000000000000000e+03,2.109000000000000000e+03,2.109000000000000000e+03,2.109000000000000000e+03,2.109000000000000000e+03,2.109000000000000000e+03,2.109000000000000000e+03,2.109000000000000000e+03,2.109000000000000000e+03,2.109000000000000000e+03,2.109000000000000000e+03,2.109000000000000000e+03,2.109000000000000000e+03,2.109000000000000000e+03,2.109000000000000000e+03,2.109000000000000000e+03,2.109000000000000000e+03,2.109000000000000000e+03,2.109000000000000000e+03,2.109000000000000000e+03,2.109000000000000000e+03,2.109000000000000000e+03,2.109000000000000000e+03,2.109000000000000000e+03,2.109000000000000000e+03,2.109000000000000000e+03,2.109000000000000000e+03,2.109000000000000000e+03,2.109000000000000000e+03,2.109000000000000000e+03,2.109000000000000000e+03,2.109000000000000000e+03,2.109000000000000000e+03,2.109000000000000000e+03,2.109000000000000000e+03,2.109000000000000000e+03,2.109000000000000000e+03,2.109000000000000000e+03,2.109000000000000000e+03,2.109000000000000000e+03,2.109000000000000000e+03,2.109000000000000000e+03,2.109000000000000000e+03,2.109000000000000000e+03,2.109000000000000000e+03,2.109000000000000000e+03,2.109000000000000000e+03,2.109000000000000000e+03,2.109000000000000000e+03,2.109000000000000000e+03,2.109000000000000000e+03,2.109000000000000000e+03,2.109000000000000000e+03,2.109000000000000000e+03,2.109000000000000000e+03,2.110000000000000000e+03,2.110000000000000000e+03,2.110000000000000000e+03,2.110000000000000000e+03,2.110000000000000000e+03,2.110000000000000000e+03,2.110000000000000000e+03,2.110000000000000000e+03,2.110000000000000000e+03,2.110000000000000000e+03,2.110000000000000000e+03,2.110000000000000000e+03,2.110000000000000000e+03,2.110000000000000000e+03,2.110000000000000000e+03,2.110000000000000000e+03,2.110000000000000000e+03,2.110000000000000000e+03,2.110000000000000000e+03,2.110000000000000000e+03,2.110000000000000000e+03,2.110000000000000000e+03,2.110000000000000000e+03,2.110000000000000000e+03,2.110000000000000000e+03,2.110000000000000000e+03,2.110000000000000000e+03,2.110000000000000000e+03,2.110000000000000000e+03,2.110000000000000000e+03,2.110000000000000000e+03,2.110000000000000000e+03,2.110000000000000000e+03,2.110000000000000000e+03,2.110000000000000000e+03,2.110000000000000000e+03,2.110000000000000000e+03,2.110000000000000000e+03,2.110000000000000000e+03,2.110000000000000000e+03,2.110000000000000000e+03,2.110000000000000000e+03,2.110000000000000000e+03,2.110000000000000000e+03,2.110000000000000000e+03,2.110000000000000000e+03,2.110000000000000000e+03,2.110000000000000000e+03,2.110000000000000000e+03,2.110000000000000000e+03,2.110000000000000000e+03,2.110000000000000000e+03,2.110000000000000000e+03,2.110000000000000000e+03,2.110000000000000000e+03,2.110000000000000000e+03,2.110000000000000000e+03,2.110000000000000000e+03,2.110000000000000000e+03,2.110000000000000000e+03,2.110000000000000000e+03,2.110000000000000000e+03,2.110000000000000000e+03,2.110000000000000000e+03,2.110000000000000000e+03,2.110000000000000000e+03,2.110000000000000000e+03,2.110000000000000000e+03,2.110000000000000000e+03,2.110000000000000000e+03,2.110000000000000000e+03,2.110000000000000000e+03,2.110000000000000000e+03,2.110000000000000000e+03,2.110000000000000000e+03,2.110000000000000000e+03,2.110000000000000000e+03,2.110000000000000000e+03,2.110000000000000000e+03,2.110000000000000000e+03,2.110000000000000000e+03,2.110000000000000000e+03,2.110000000000000000e+03,2.110000000000000000e+03,2.110000000000000000e+03,2.110000000000000000e+03,2.110000000000000000e+03,2.110000000000000000e+03,2.110000000000000000e+03,2.110000000000000000e+03,2.110000000000000000e+03,2.110000000000000000e+03,2.110000000000000000e+03,2.110000000000000000e+03,2.110000000000000000e+03,2.110000000000000000e+03,2.110000000000000000e+03,2.110000000000000000e+03,2.110000000000000000e+03,2.110000000000000000e+03,2.110000000000000000e+03,2.110000000000000000e+03,2.110000000000000000e+03,2.110000000000000000e+03,2.110000000000000000e+03,2.110000000000000000e+03,2.110000000000000000e+03,2.110000000000000000e+03,2.110000000000000000e+03,2.110000000000000000e+03,2.110000000000000000e+03,2.110000000000000000e+03,2.110000000000000000e+03,2.110000000000000000e+03,2.110000000000000000e+03,2.110000000000000000e+03,2.110000000000000000e+03,2.110000000000000000e+03,2.110000000000000000e+03,2.110000000000000000e+03,2.110000000000000000e+03,2.110000000000000000e+03,2.110000000000000000e+03,2.110000000000000000e+03,2.110000000000000000e+03,2.110000000000000000e+03,2.110000000000000000e+03,2.111000000000000000e+03,2.111000000000000000e+03,2.111000000000000000e+03,2.111000000000000000e+03,2.111000000000000000e+03,2.111000000000000000e+03,2.111000000000000000e+03,2.111000000000000000e+03,2.111000000000000000e+03,2.111000000000000000e+03,2.111000000000000000e+03,2.111000000000000000e+03,2.111000000000000000e+03,2.111000000000000000e+03,2.111000000000000000e+03,2.111000000000000000e+03,2.111000000000000000e+03,2.111000000000000000e+03,2.111000000000000000e+03,2.111000000000000000e+03,2.111000000000000000e+03,2.111000000000000000e+03,2.111000000000000000e+03,2.111000000000000000e+03,2.111000000000000000e+03,2.111000000000000000e+03,2.111000000000000000e+03,2.111000000000000000e+03,2.111000000000000000e+03,2.111000000000000000e+03,2.111000000000000000e+03,2.111000000000000000e+03,2.111000000000000000e+03,2.111000000000000000e+03,2.111000000000000000e+03,2.111000000000000000e+03,2.111000000000000000e+03,2.111000000000000000e+03,2.111000000000000000e+03,2.111000000000000000e+03,2.111000000000000000e+03,2.111000000000000000e+03,2.111000000000000000e+03,2.111000000000000000e+03,2.111000000000000000e+03,2.111000000000000000e+03,2.111000000000000000e+03,2.111000000000000000e+03,2.111000000000000000e+03,2.111000000000000000e+03,2.111000000000000000e+03,2.111000000000000000e+03,2.111000000000000000e+03,2.111000000000000000e+03,2.111000000000000000e+03,2.111000000000000000e+03,2.111000000000000000e+03,2.111000000000000000e+03,2.111000000000000000e+03,2.111000000000000000e+03,2.111000000000000000e+03,2.111000000000000000e+03,2.111000000000000000e+03,2.111000000000000000e+03,2.111000000000000000e+03,2.111000000000000000e+03,2.111000000000000000e+03,2.111000000000000000e+03,2.111000000000000000e+03,2.111000000000000000e+03,2.111000000000000000e+03,2.111000000000000000e+03,2.111000000000000000e+03,2.111000000000000000e+03,2.111000000000000000e+03,2.111000000000000000e+03,2.111000000000000000e+03,2.111000000000000000e+03,2.111000000000000000e+03,2.111000000000000000e+03,2.111000000000000000e+03,2.111000000000000000e+03,2.111000000000000000e+03,2.111000000000000000e+03,2.111000000000000000e+03,2.111000000000000000e+03,2.111000000000000000e+03,2.111000000000000000e+03,2.111000000000000000e+03,2.111000000000000000e+03,2.111000000000000000e+03,2.111000000000000000e+03,2.111000000000000000e+03,2.111000000000000000e+03,2.111000000000000000e+03,2.111000000000000000e+03,2.111000000000000000e+03,2.111000000000000000e+03,2.111000000000000000e+03,2.111000000000000000e+03,2.111000000000000000e+03,2.111000000000000000e+03,2.111000000000000000e+03,2.111000000000000000e+03,2.111000000000000000e+03,2.111000000000000000e+03,2.111000000000000000e+03,2.111000000000000000e+03,2.111000000000000000e+03,2.111000000000000000e+03,2.111000000000000000e+03,2.111000000000000000e+03,2.111000000000000000e+03,2.111000000000000000e+03,2.111000000000000000e+03,2.111000000000000000e+03,2.111000000000000000e+03,2.111000000000000000e+03,2.111000000000000000e+03,2.111000000000000000e+03,2.111000000000000000e+03,2.111000000000000000e+03,2.111000000000000000e+03,2.111000000000000000e+03,2.111000000000000000e+03,2.111000000000000000e+03,2.111000000000000000e+03,2.112000000000000000e+03,2.112000000000000000e+03,2.112000000000000000e+03,2.112000000000000000e+03,2.112000000000000000e+03,2.112000000000000000e+03,2.112000000000000000e+03,2.112000000000000000e+03,2.112000000000000000e+03,2.112000000000000000e+03,2.112000000000000000e+03,2.112000000000000000e+03,2.112000000000000000e+03,2.112000000000000000e+03,2.112000000000000000e+03,2.112000000000000000e+03,2.112000000000000000e+03,2.112000000000000000e+03,2.112000000000000000e+03,2.112000000000000000e+03,2.112000000000000000e+03,2.112000000000000000e+03,2.112000000000000000e+03,2.112000000000000000e+03,2.112000000000000000e+03,2.112000000000000000e+03,2.112000000000000000e+03,2.112000000000000000e+03,2.112000000000000000e+03,2.112000000000000000e+03,2.112000000000000000e+03,2.112000000000000000e+03,2.112000000000000000e+03,2.112000000000000000e+03,2.112000000000000000e+03,2.112000000000000000e+03,2.112000000000000000e+03,2.112000000000000000e+03,2.112000000000000000e+03,2.112000000000000000e+03,2.112000000000000000e+03,2.112000000000000000e+03,2.112000000000000000e+03,2.112000000000000000e+03,2.112000000000000000e+03,2.112000000000000000e+03,2.112000000000000000e+03,2.112000000000000000e+03,2.112000000000000000e+03,2.112000000000000000e+03,2.112000000000000000e+03,2.112000000000000000e+03,2.112000000000000000e+03,2.112000000000000000e+03,2.112000000000000000e+03,2.112000000000000000e+03,2.112000000000000000e+03,2.112000000000000000e+03,2.112000000000000000e+03,2.112000000000000000e+03,2.112000000000000000e+03,2.112000000000000000e+03,2.112000000000000000e+03,2.112000000000000000e+03,2.112000000000000000e+03,2.112000000000000000e+03,2.112000000000000000e+03,2.112000000000000000e+03,2.112000000000000000e+03,2.112000000000000000e+03,2.112000000000000000e+03,2.112000000000000000e+03,2.112000000000000000e+03,2.112000000000000000e+03,2.112000000000000000e+03,2.112000000000000000e+03,2.112000000000000000e+03,2.112000000000000000e+03,2.112000000000000000e+03,2.112000000000000000e+03,2.112000000000000000e+03,2.112000000000000000e+03,2.112000000000000000e+03,2.112000000000000000e+03,2.112000000000000000e+03,2.112000000000000000e+03,2.112000000000000000e+03,2.112000000000000000e+03,2.112000000000000000e+03,2.112000000000000000e+03,2.112000000000000000e+03,2.112000000000000000e+03,2.112000000000000000e+03,2.112000000000000000e+03,2.112000000000000000e+03,2.112000000000000000e+03,2.112000000000000000e+03,2.112000000000000000e+03,2.112000000000000000e+03,2.112000000000000000e+03,2.112000000000000000e+03,2.112000000000000000e+03,2.112000000000000000e+03,2.112000000000000000e+03,2.112000000000000000e+03,2.112000000000000000e+03,2.112000000000000000e+03,2.112000000000000000e+03,2.112000000000000000e+03,2.112000000000000000e+03,2.112000000000000000e+03,2.112000000000000000e+03,2.112000000000000000e+03,2.112000000000000000e+03,2.112000000000000000e+03,2.112000000000000000e+03,2.112000000000000000e+03,2.112000000000000000e+03,2.112000000000000000e+03,2.112000000000000000e+03,2.112000000000000000e+03,2.112000000000000000e+03,2.112000000000000000e+03,2.112000000000000000e+03,2.112000000000000000e+03,2.112000000000000000e+03,2.113000000000000000e+03,2.113000000000000000e+03,2.113000000000000000e+03,2.113000000000000000e+03,2.113000000000000000e+03,2.113000000000000000e+03,2.113000000000000000e+03,2.113000000000000000e+03,2.113000000000000000e+03,2.113000000000000000e+03,2.113000000000000000e+03,2.113000000000000000e+03,2.113000000000000000e+03,2.113000000000000000e+03,2.113000000000000000e+03,2.113000000000000000e+03,2.113000000000000000e+03,2.113000000000000000e+03,2.113000000000000000e+03,2.113000000000000000e+03,2.113000000000000000e+03,2.113000000000000000e+03,2.113000000000000000e+03,2.113000000000000000e+03,2.113000000000000000e+03,2.113000000000000000e+03,2.113000000000000000e+03,2.113000000000000000e+03,2.113000000000000000e+03,2.113000000000000000e+03,2.113000000000000000e+03,2.113000000000000000e+03,2.113000000000000000e+03,2.113000000000000000e+03,2.113000000000000000e+03,2.113000000000000000e+03,2.113000000000000000e+03,2.113000000000000000e+03,2.113000000000000000e+03,2.113000000000000000e+03,2.113000000000000000e+03,2.113000000000000000e+03,2.113000000000000000e+03,2.113000000000000000e+03,2.113000000000000000e+03,2.113000000000000000e+03,2.113000000000000000e+03,2.113000000000000000e+03,2.113000000000000000e+03,2.113000000000000000e+03,2.113000000000000000e+03,2.113000000000000000e+03,2.113000000000000000e+03,2.113000000000000000e+03,2.113000000000000000e+03,2.113000000000000000e+03,2.113000000000000000e+03,2.113000000000000000e+03,2.113000000000000000e+03,2.113000000000000000e+03,2.113000000000000000e+03,2.113000000000000000e+03,2.113000000000000000e+03,2.113000000000000000e+03,2.113000000000000000e+03,2.113000000000000000e+03,2.113000000000000000e+03,2.113000000000000000e+03,2.113000000000000000e+03,2.113000000000000000e+03,2.113000000000000000e+03,2.113000000000000000e+03,2.113000000000000000e+03,2.113000000000000000e+03,2.113000000000000000e+03,2.113000000000000000e+03,2.113000000000000000e+03,2.113000000000000000e+03,2.113000000000000000e+03,2.113000000000000000e+03,2.113000000000000000e+03,2.113000000000000000e+03,2.113000000000000000e+03,2.113000000000000000e+03,2.113000000000000000e+03,2.113000000000000000e+03,2.113000000000000000e+03,2.113000000000000000e+03,2.113000000000000000e+03,2.113000000000000000e+03,2.113000000000000000e+03,2.113000000000000000e+03,2.113000000000000000e+03,2.113000000000000000e+03,2.113000000000000000e+03,2.113000000000000000e+03,2.113000000000000000e+03,2.113000000000000000e+03,2.113000000000000000e+03,2.113000000000000000e+03,2.113000000000000000e+03,2.113000000000000000e+03,2.113000000000000000e+03,2.113000000000000000e+03,2.113000000000000000e+03,2.113000000000000000e+03,2.113000000000000000e+03,2.113000000000000000e+03,2.113000000000000000e+03,2.113000000000000000e+03,2.113000000000000000e+03,2.113000000000000000e+03,2.113000000000000000e+03,2.113000000000000000e+03,2.113000000000000000e+03,2.113000000000000000e+03,2.113000000000000000e+03,2.113000000000000000e+03,2.113000000000000000e+03,2.113000000000000000e+03,2.113000000000000000e+03,2.113000000000000000e+03,2.113000000000000000e+03,2.113000000000000000e+03,2.113000000000000000e+03,2.113000000000000000e+03,2.113000000000000000e+03,2.114000000000000000e+03,2.114000000000000000e+03,2.114000000000000000e+03,2.114000000000000000e+03,2.114000000000000000e+03,2.114000000000000000e+03,2.114000000000000000e+03,2.114000000000000000e+03,2.114000000000000000e+03,2.114000000000000000e+03,2.114000000000000000e+03,2.114000000000000000e+03,2.114000000000000000e+03,2.114000000000000000e+03,2.114000000000000000e+03,2.114000000000000000e+03,2.114000000000000000e+03,2.114000000000000000e+03,2.114000000000000000e+03,2.114000000000000000e+03,2.114000000000000000e+03,2.114000000000000000e+03,2.114000000000000000e+03,2.114000000000000000e+03,2.114000000000000000e+03,2.114000000000000000e+03,2.114000000000000000e+03,2.114000000000000000e+03,2.114000000000000000e+03,2.114000000000000000e+03,2.114000000000000000e+03,2.114000000000000000e+03,2.114000000000000000e+03,2.114000000000000000e+03,2.114000000000000000e+03,2.114000000000000000e+03,2.114000000000000000e+03,2.114000000000000000e+03,2.114000000000000000e+03,2.114000000000000000e+03,2.114000000000000000e+03,2.114000000000000000e+03,2.114000000000000000e+03,2.114000000000000000e+03,2.114000000000000000e+03,2.114000000000000000e+03,2.114000000000000000e+03,2.114000000000000000e+03,2.114000000000000000e+03,2.114000000000000000e+03,2.114000000000000000e+03,2.114000000000000000e+03,2.114000000000000000e+03,2.114000000000000000e+03,2.114000000000000000e+03,2.114000000000000000e+03,2.114000000000000000e+03,2.114000000000000000e+03,2.114000000000000000e+03,2.114000000000000000e+03,2.114000000000000000e+03,2.114000000000000000e+03,2.114000000000000000e+03,2.114000000000000000e+03,2.114000000000000000e+03,2.114000000000000000e+03,2.114000000000000000e+03,2.114000000000000000e+03,2.114000000000000000e+03,2.114000000000000000e+03,2.114000000000000000e+03,2.114000000000000000e+03,2.114000000000000000e+03,2.114000000000000000e+03,2.114000000000000000e+03,2.114000000000000000e+03,2.114000000000000000e+03,2.114000000000000000e+03,2.114000000000000000e+03,2.114000000000000000e+03,2.114000000000000000e+03,2.114000000000000000e+03,2.114000000000000000e+03,2.114000000000000000e+03,2.114000000000000000e+03,2.114000000000000000e+03,2.114000000000000000e+03,2.114000000000000000e+03,2.114000000000000000e+03,2.114000000000000000e+03,2.114000000000000000e+03,2.114000000000000000e+03,2.114000000000000000e+03,2.114000000000000000e+03,2.114000000000000000e+03,2.114000000000000000e+03,2.114000000000000000e+03,2.114000000000000000e+03,2.114000000000000000e+03,2.114000000000000000e+03,2.114000000000000000e+03,2.114000000000000000e+03,2.114000000000000000e+03,2.114000000000000000e+03,2.114000000000000000e+03,2.114000000000000000e+03,2.114000000000000000e+03,2.114000000000000000e+03,2.114000000000000000e+03,2.114000000000000000e+03,2.114000000000000000e+03,2.114000000000000000e+03,2.114000000000000000e+03,2.114000000000000000e+03,2.114000000000000000e+03,2.114000000000000000e+03,2.114000000000000000e+03,2.114000000000000000e+03,2.114000000000000000e+03,2.114000000000000000e+03,2.114000000000000000e+03,2.114000000000000000e+03,2.114000000000000000e+03,2.114000000000000000e+03,2.114000000000000000e+03,2.114000000000000000e+03,2.115000000000000000e+03,2.115000000000000000e+03,2.115000000000000000e+03,2.115000000000000000e+03,2.115000000000000000e+03,2.115000000000000000e+03,2.115000000000000000e+03,2.115000000000000000e+03,2.115000000000000000e+03,2.115000000000000000e+03,2.115000000000000000e+03,2.115000000000000000e+03,2.115000000000000000e+03,2.115000000000000000e+03,2.115000000000000000e+03,2.115000000000000000e+03,2.115000000000000000e+03,2.115000000000000000e+03,2.115000000000000000e+03,2.115000000000000000e+03,2.115000000000000000e+03,2.115000000000000000e+03,2.115000000000000000e+03,2.115000000000000000e+03,2.115000000000000000e+03,2.115000000000000000e+03,2.115000000000000000e+03,2.115000000000000000e+03,2.115000000000000000e+03,2.115000000000000000e+03,2.115000000000000000e+03,2.115000000000000000e+03,2.115000000000000000e+03,2.115000000000000000e+03,2.115000000000000000e+03,2.115000000000000000e+03,2.115000000000000000e+03,2.115000000000000000e+03,2.115000000000000000e+03,2.115000000000000000e+03,2.115000000000000000e+03,2.115000000000000000e+03,2.115000000000000000e+03,2.115000000000000000e+03,2.115000000000000000e+03,2.115000000000000000e+03,2.115000000000000000e+03,2.115000000000000000e+03,2.115000000000000000e+03,2.115000000000000000e+03,2.115000000000000000e+03,2.115000000000000000e+03,2.115000000000000000e+03,2.115000000000000000e+03,2.115000000000000000e+03,2.115000000000000000e+03,2.115000000000000000e+03,2.115000000000000000e+03,2.115000000000000000e+03,2.115000000000000000e+03,2.115000000000000000e+03,2.115000000000000000e+03,2.115000000000000000e+03,2.115000000000000000e+03,2.115000000000000000e+03,2.115000000000000000e+03,2.115000000000000000e+03,2.115000000000000000e+03,2.115000000000000000e+03,2.115000000000000000e+03,2.115000000000000000e+03,2.115000000000000000e+03,2.115000000000000000e+03,2.115000000000000000e+03,2.115000000000000000e+03,2.115000000000000000e+03,2.115000000000000000e+03,2.115000000000000000e+03,2.115000000000000000e+03,2.115000000000000000e+03,2.115000000000000000e+03,2.115000000000000000e+03,2.115000000000000000e+03,2.115000000000000000e+03,2.115000000000000000e+03,2.115000000000000000e+03,2.115000000000000000e+03,2.115000000000000000e+03,2.115000000000000000e+03,2.115000000000000000e+03,2.115000000000000000e+03,2.115000000000000000e+03,2.115000000000000000e+03,2.115000000000000000e+03,2.115000000000000000e+03,2.115000000000000000e+03,2.115000000000000000e+03,2.115000000000000000e+03,2.115000000000000000e+03,2.115000000000000000e+03,2.115000000000000000e+03,2.115000000000000000e+03,2.115000000000000000e+03,2.115000000000000000e+03,2.115000000000000000e+03,2.115000000000000000e+03,2.115000000000000000e+03,2.115000000000000000e+03,2.115000000000000000e+03,2.115000000000000000e+03,2.115000000000000000e+03,2.115000000000000000e+03,2.115000000000000000e+03,2.115000000000000000e+03,2.115000000000000000e+03,2.115000000000000000e+03,2.115000000000000000e+03,2.115000000000000000e+03,2.115000000000000000e+03,2.115000000000000000e+03,2.115000000000000000e+03,2.115000000000000000e+03,2.115000000000000000e+03,2.115000000000000000e+03,2.115000000000000000e+03,2.115000000000000000e+03,2.116000000000000000e+03,2.116000000000000000e+03,2.116000000000000000e+03,2.116000000000000000e+03,2.116000000000000000e+03,2.116000000000000000e+03,2.116000000000000000e+03,2.116000000000000000e+03,2.116000000000000000e+03,2.116000000000000000e+03,2.116000000000000000e+03,2.116000000000000000e+03,2.116000000000000000e+03,2.116000000000000000e+03,2.116000000000000000e+03,2.116000000000000000e+03,2.116000000000000000e+03,2.116000000000000000e+03,2.116000000000000000e+03,2.116000000000000000e+03,2.116000000000000000e+03,2.116000000000000000e+03,2.116000000000000000e+03,2.116000000000000000e+03,2.116000000000000000e+03,2.116000000000000000e+03,2.116000000000000000e+03,2.116000000000000000e+03,2.116000000000000000e+03,2.116000000000000000e+03,2.116000000000000000e+03,2.116000000000000000e+03,2.116000000000000000e+03,2.116000000000000000e+03,2.116000000000000000e+03,2.116000000000000000e+03,2.116000000000000000e+03,2.116000000000000000e+03,2.116000000000000000e+03,2.116000000000000000e+03,2.116000000000000000e+03,2.116000000000000000e+03,2.116000000000000000e+03,2.116000000000000000e+03,2.116000000000000000e+03,2.116000000000000000e+03,2.116000000000000000e+03,2.116000000000000000e+03,2.116000000000000000e+03,2.116000000000000000e+03,2.116000000000000000e+03,2.116000000000000000e+03,2.116000000000000000e+03,2.116000000000000000e+03,2.116000000000000000e+03,2.116000000000000000e+03,2.116000000000000000e+03,2.116000000000000000e+03,2.116000000000000000e+03,2.116000000000000000e+03,2.116000000000000000e+03,2.116000000000000000e+03,2.116000000000000000e+03,2.116000000000000000e+03,2.116000000000000000e+03,2.116000000000000000e+03,2.116000000000000000e+03,2.116000000000000000e+03,2.116000000000000000e+03,2.116000000000000000e+03,2.116000000000000000e+03,2.116000000000000000e+03,2.116000000000000000e+03,2.116000000000000000e+03,2.116000000000000000e+03,2.116000000000000000e+03,2.116000000000000000e+03,2.116000000000000000e+03,2.116000000000000000e+03,2.116000000000000000e+03,2.116000000000000000e+03,2.116000000000000000e+03,2.116000000000000000e+03,2.116000000000000000e+03,2.116000000000000000e+03,2.116000000000000000e+03,2.116000000000000000e+03,2.116000000000000000e+03,2.116000000000000000e+03,2.116000000000000000e+03,2.116000000000000000e+03,2.116000000000000000e+03,2.116000000000000000e+03,2.116000000000000000e+03,2.116000000000000000e+03,2.116000000000000000e+03,2.116000000000000000e+03,2.116000000000000000e+03,2.116000000000000000e+03,2.116000000000000000e+03,2.116000000000000000e+03,2.116000000000000000e+03,2.116000000000000000e+03,2.116000000000000000e+03,2.116000000000000000e+03,2.116000000000000000e+03,2.116000000000000000e+03,2.116000000000000000e+03,2.116000000000000000e+03,2.116000000000000000e+03,2.116000000000000000e+03,2.116000000000000000e+03,2.116000000000000000e+03,2.116000000000000000e+03,2.116000000000000000e+03,2.116000000000000000e+03,2.116000000000000000e+03,2.116000000000000000e+03,2.116000000000000000e+03,2.116000000000000000e+03,2.116000000000000000e+03,2.116000000000000000e+03,2.116000000000000000e+03,2.116000000000000000e+03,2.116000000000000000e+03,2.116000000000000000e+03,2.117000000000000000e+03,2.117000000000000000e+03,2.117000000000000000e+03,2.117000000000000000e+03,2.117000000000000000e+03,2.117000000000000000e+03,2.117000000000000000e+03,2.117000000000000000e+03,2.117000000000000000e+03,2.117000000000000000e+03,2.117000000000000000e+03,2.117000000000000000e+03,2.117000000000000000e+03,2.117000000000000000e+03,2.117000000000000000e+03,2.117000000000000000e+03,2.117000000000000000e+03,2.117000000000000000e+03,2.117000000000000000e+03,2.117000000000000000e+03,2.117000000000000000e+03,2.117000000000000000e+03,2.117000000000000000e+03,2.117000000000000000e+03,2.117000000000000000e+03,2.117000000000000000e+03,2.117000000000000000e+03,2.117000000000000000e+03,2.117000000000000000e+03,2.117000000000000000e+03,2.117000000000000000e+03,2.117000000000000000e+03,2.117000000000000000e+03,2.117000000000000000e+03,2.117000000000000000e+03,2.117000000000000000e+03,2.117000000000000000e+03,2.117000000000000000e+03,2.117000000000000000e+03,2.117000000000000000e+03,2.117000000000000000e+03,2.117000000000000000e+03,2.117000000000000000e+03,2.117000000000000000e+03,2.117000000000000000e+03,2.117000000000000000e+03,2.117000000000000000e+03,2.117000000000000000e+03,2.117000000000000000e+03,2.117000000000000000e+03,2.117000000000000000e+03,2.117000000000000000e+03,2.117000000000000000e+03,2.117000000000000000e+03,2.117000000000000000e+03,2.117000000000000000e+03,2.117000000000000000e+03,2.117000000000000000e+03,2.117000000000000000e+03,2.117000000000000000e+03,2.117000000000000000e+03,2.117000000000000000e+03,2.117000000000000000e+03,2.117000000000000000e+03,2.117000000000000000e+03,2.117000000000000000e+03,2.117000000000000000e+03,2.117000000000000000e+03,2.117000000000000000e+03,2.117000000000000000e+03,2.117000000000000000e+03,2.117000000000000000e+03,2.117000000000000000e+03,2.117000000000000000e+03,2.117000000000000000e+03,2.117000000000000000e+03,2.117000000000000000e+03,2.117000000000000000e+03,2.117000000000000000e+03,2.117000000000000000e+03,2.117000000000000000e+03,2.117000000000000000e+03,2.117000000000000000e+03,2.117000000000000000e+03,2.117000000000000000e+03,2.117000000000000000e+03,2.117000000000000000e+03,2.117000000000000000e+03,2.117000000000000000e+03,2.117000000000000000e+03,2.117000000000000000e+03,2.117000000000000000e+03,2.117000000000000000e+03,2.117000000000000000e+03,2.117000000000000000e+03,2.117000000000000000e+03,2.117000000000000000e+03,2.117000000000000000e+03,2.117000000000000000e+03,2.117000000000000000e+03,2.117000000000000000e+03,2.117000000000000000e+03,2.117000000000000000e+03,2.117000000000000000e+03,2.117000000000000000e+03,2.117000000000000000e+03,2.117000000000000000e+03,2.117000000000000000e+03,2.117000000000000000e+03,2.117000000000000000e+03,2.117000000000000000e+03,2.117000000000000000e+03,2.117000000000000000e+03,2.117000000000000000e+03,2.117000000000000000e+03,2.117000000000000000e+03,2.117000000000000000e+03,2.117000000000000000e+03,2.117000000000000000e+03,2.117000000000000000e+03,2.117000000000000000e+03,2.117000000000000000e+03,2.117000000000000000e+03,2.117000000000000000e+03,2.117000000000000000e+03,2.117000000000000000e+03,2.118000000000000000e+03,2.118000000000000000e+03,2.118000000000000000e+03,2.118000000000000000e+03,2.118000000000000000e+03,2.118000000000000000e+03,2.118000000000000000e+03,2.118000000000000000e+03,2.118000000000000000e+03,2.118000000000000000e+03,2.118000000000000000e+03,2.118000000000000000e+03,2.118000000000000000e+03,2.118000000000000000e+03,2.118000000000000000e+03,2.118000000000000000e+03,2.118000000000000000e+03,2.118000000000000000e+03,2.118000000000000000e+03,2.118000000000000000e+03,2.118000000000000000e+03,2.118000000000000000e+03,2.118000000000000000e+03,2.118000000000000000e+03,2.118000000000000000e+03,2.118000000000000000e+03,2.118000000000000000e+03,2.118000000000000000e+03,2.118000000000000000e+03,2.118000000000000000e+03,2.118000000000000000e+03,2.118000000000000000e+03,2.118000000000000000e+03,2.118000000000000000e+03,2.118000000000000000e+03,2.118000000000000000e+03,2.118000000000000000e+03,2.118000000000000000e+03,2.118000000000000000e+03,2.118000000000000000e+03,2.118000000000000000e+03,2.118000000000000000e+03,2.118000000000000000e+03,2.118000000000000000e+03,2.118000000000000000e+03,2.118000000000000000e+03,2.118000000000000000e+03,2.118000000000000000e+03,2.118000000000000000e+03,2.118000000000000000e+03,2.118000000000000000e+03,2.118000000000000000e+03,2.118000000000000000e+03,2.118000000000000000e+03,2.118000000000000000e+03,2.118000000000000000e+03,2.118000000000000000e+03,2.118000000000000000e+03,2.118000000000000000e+03,2.118000000000000000e+03,2.118000000000000000e+03,2.118000000000000000e+03,2.118000000000000000e+03,2.118000000000000000e+03,2.118000000000000000e+03,2.118000000000000000e+03,2.118000000000000000e+03,2.118000000000000000e+03,2.118000000000000000e+03,2.118000000000000000e+03,2.118000000000000000e+03,2.118000000000000000e+03,2.118000000000000000e+03,2.118000000000000000e+03,2.118000000000000000e+03,2.118000000000000000e+03,2.118000000000000000e+03,2.118000000000000000e+03,2.118000000000000000e+03,2.118000000000000000e+03,2.118000000000000000e+03,2.118000000000000000e+03,2.118000000000000000e+03,2.118000000000000000e+03,2.118000000000000000e+03,2.118000000000000000e+03,2.118000000000000000e+03,2.118000000000000000e+03,2.118000000000000000e+03,2.118000000000000000e+03,2.118000000000000000e+03,2.118000000000000000e+03,2.118000000000000000e+03,2.118000000000000000e+03,2.118000000000000000e+03,2.118000000000000000e+03,2.118000000000000000e+03,2.118000000000000000e+03,2.118000000000000000e+03,2.118000000000000000e+03,2.118000000000000000e+03,2.118000000000000000e+03,2.118000000000000000e+03,2.118000000000000000e+03,2.118000000000000000e+03,2.118000000000000000e+03,2.118000000000000000e+03,2.118000000000000000e+03,2.118000000000000000e+03,2.118000000000000000e+03,2.118000000000000000e+03,2.118000000000000000e+03,2.118000000000000000e+03,2.118000000000000000e+03,2.118000000000000000e+03,2.118000000000000000e+03,2.118000000000000000e+03,2.118000000000000000e+03,2.118000000000000000e+03,2.118000000000000000e+03,2.118000000000000000e+03,2.118000000000000000e+03,2.118000000000000000e+03,2.118000000000000000e+03,2.118000000000000000e+03,2.118000000000000000e+03,2.119000000000000000e+03,2.119000000000000000e+03,2.119000000000000000e+03,2.119000000000000000e+03,2.119000000000000000e+03,2.119000000000000000e+03,2.119000000000000000e+03,2.119000000000000000e+03,2.119000000000000000e+03,2.119000000000000000e+03,2.119000000000000000e+03,2.119000000000000000e+03,2.119000000000000000e+03,2.119000000000000000e+03,2.119000000000000000e+03,2.119000000000000000e+03,2.119000000000000000e+03,2.119000000000000000e+03,2.119000000000000000e+03,2.119000000000000000e+03,2.119000000000000000e+03,2.119000000000000000e+03,2.119000000000000000e+03,2.119000000000000000e+03,2.119000000000000000e+03,2.119000000000000000e+03,2.119000000000000000e+03,2.119000000000000000e+03,2.119000000000000000e+03,2.119000000000000000e+03,2.119000000000000000e+03,2.119000000000000000e+03,2.119000000000000000e+03,2.119000000000000000e+03,2.119000000000000000e+03,2.119000000000000000e+03,2.119000000000000000e+03,2.119000000000000000e+03,2.119000000000000000e+03,2.119000000000000000e+03,2.119000000000000000e+03,2.119000000000000000e+03,2.119000000000000000e+03,2.119000000000000000e+03,2.119000000000000000e+03,2.119000000000000000e+03,2.119000000000000000e+03,2.119000000000000000e+03,2.119000000000000000e+03,2.119000000000000000e+03,2.119000000000000000e+03,2.119000000000000000e+03,2.119000000000000000e+03,2.119000000000000000e+03,2.119000000000000000e+03,2.119000000000000000e+03,2.119000000000000000e+03,2.119000000000000000e+03,2.119000000000000000e+03,2.119000000000000000e+03,2.119000000000000000e+03,2.119000000000000000e+03,2.119000000000000000e+03,2.119000000000000000e+03,2.119000000000000000e+03,2.119000000000000000e+03,2.119000000000000000e+03,2.119000000000000000e+03,2.119000000000000000e+03,2.119000000000000000e+03,2.119000000000000000e+03,2.119000000000000000e+03,2.119000000000000000e+03,2.119000000000000000e+03,2.119000000000000000e+03,2.119000000000000000e+03,2.119000000000000000e+03,2.119000000000000000e+03,2.119000000000000000e+03,2.119000000000000000e+03,2.119000000000000000e+03,2.119000000000000000e+03,2.119000000000000000e+03,2.119000000000000000e+03,2.119000000000000000e+03,2.119000000000000000e+03,2.119000000000000000e+03,2.119000000000000000e+03,2.119000000000000000e+03,2.119000000000000000e+03,2.119000000000000000e+03,2.119000000000000000e+03,2.119000000000000000e+03,2.119000000000000000e+03,2.119000000000000000e+03,2.119000000000000000e+03,2.119000000000000000e+03,2.119000000000000000e+03,2.119000000000000000e+03,2.119000000000000000e+03,2.119000000000000000e+03,2.119000000000000000e+03,2.119000000000000000e+03,2.119000000000000000e+03,2.119000000000000000e+03,2.119000000000000000e+03,2.119000000000000000e+03,2.119000000000000000e+03,2.119000000000000000e+03,2.119000000000000000e+03,2.119000000000000000e+03,2.119000000000000000e+03,2.119000000000000000e+03,2.119000000000000000e+03,2.119000000000000000e+03,2.119000000000000000e+03,2.119000000000000000e+03,2.119000000000000000e+03,2.119000000000000000e+03,2.119000000000000000e+03,2.119000000000000000e+03,2.119000000000000000e+03,2.119000000000000000e+03,2.119000000000000000e+03,2.119000000000000000e+03,2.120000000000000000e+03,2.120000000000000000e+03,2.120000000000000000e+03,2.120000000000000000e+03,2.120000000000000000e+03,2.120000000000000000e+03,2.120000000000000000e+03,2.120000000000000000e+03,2.120000000000000000e+03,2.120000000000000000e+03,2.120000000000000000e+03,2.120000000000000000e+03,2.120000000000000000e+03,2.120000000000000000e+03,2.120000000000000000e+03,2.120000000000000000e+03,2.120000000000000000e+03,2.120000000000000000e+03,2.120000000000000000e+03,2.120000000000000000e+03,2.120000000000000000e+03,2.120000000000000000e+03,2.120000000000000000e+03,2.120000000000000000e+03,2.120000000000000000e+03,2.120000000000000000e+03,2.120000000000000000e+03,2.120000000000000000e+03,2.120000000000000000e+03,2.120000000000000000e+03,2.120000000000000000e+03,2.120000000000000000e+03,2.120000000000000000e+03,2.120000000000000000e+03,2.120000000000000000e+03,2.120000000000000000e+03,2.120000000000000000e+03,2.120000000000000000e+03,2.120000000000000000e+03,2.120000000000000000e+03,2.120000000000000000e+03,2.120000000000000000e+03,2.120000000000000000e+03,2.120000000000000000e+03,2.120000000000000000e+03,2.120000000000000000e+03,2.120000000000000000e+03,2.120000000000000000e+03,2.120000000000000000e+03,2.120000000000000000e+03,2.120000000000000000e+03,2.120000000000000000e+03,2.120000000000000000e+03,2.120000000000000000e+03,2.120000000000000000e+03,2.120000000000000000e+03,2.120000000000000000e+03,2.120000000000000000e+03,2.120000000000000000e+03,2.120000000000000000e+03,2.120000000000000000e+03,2.120000000000000000e+03,2.120000000000000000e+03,2.120000000000000000e+03,2.120000000000000000e+03,2.120000000000000000e+03,2.120000000000000000e+03,2.120000000000000000e+03,2.120000000000000000e+03,2.120000000000000000e+03,2.120000000000000000e+03,2.120000000000000000e+03,2.120000000000000000e+03,2.120000000000000000e+03,2.120000000000000000e+03,2.120000000000000000e+03,2.120000000000000000e+03,2.120000000000000000e+03,2.120000000000000000e+03,2.120000000000000000e+03,2.120000000000000000e+03,2.120000000000000000e+03,2.120000000000000000e+03,2.120000000000000000e+03,2.120000000000000000e+03,2.120000000000000000e+03,2.120000000000000000e+03,2.120000000000000000e+03,2.120000000000000000e+03,2.120000000000000000e+03,2.120000000000000000e+03,2.120000000000000000e+03,2.120000000000000000e+03,2.120000000000000000e+03,2.120000000000000000e+03,2.120000000000000000e+03,2.120000000000000000e+03,2.120000000000000000e+03,2.120000000000000000e+03,2.120000000000000000e+03,2.120000000000000000e+03,2.120000000000000000e+03,2.120000000000000000e+03,2.120000000000000000e+03,2.120000000000000000e+03,2.120000000000000000e+03,2.120000000000000000e+03,2.120000000000000000e+03,2.120000000000000000e+03,2.120000000000000000e+03,2.120000000000000000e+03,2.120000000000000000e+03,2.120000000000000000e+03,2.120000000000000000e+03,2.120000000000000000e+03,2.120000000000000000e+03,2.120000000000000000e+03,2.120000000000000000e+03,2.120000000000000000e+03,2.120000000000000000e+03,2.120000000000000000e+03,2.120000000000000000e+03,2.120000000000000000e+03,2.120000000000000000e+03,2.120000000000000000e+03,2.120000000000000000e+03,2.121000000000000000e+03,2.121000000000000000e+03,2.121000000000000000e+03,2.121000000000000000e+03,2.121000000000000000e+03,2.121000000000000000e+03,2.121000000000000000e+03,2.121000000000000000e+03,2.121000000000000000e+03,2.121000000000000000e+03,2.121000000000000000e+03,2.121000000000000000e+03,2.121000000000000000e+03,2.121000000000000000e+03,2.121000000000000000e+03,2.121000000000000000e+03,2.121000000000000000e+03,2.121000000000000000e+03,2.121000000000000000e+03,2.121000000000000000e+03,2.121000000000000000e+03,2.121000000000000000e+03,2.121000000000000000e+03,2.121000000000000000e+03,2.121000000000000000e+03,2.121000000000000000e+03,2.121000000000000000e+03,2.121000000000000000e+03,2.121000000000000000e+03,2.121000000000000000e+03,2.121000000000000000e+03,2.121000000000000000e+03,2.121000000000000000e+03,2.121000000000000000e+03,2.121000000000000000e+03,2.121000000000000000e+03,2.121000000000000000e+03,2.121000000000000000e+03,2.121000000000000000e+03,2.121000000000000000e+03,2.121000000000000000e+03,2.121000000000000000e+03,2.121000000000000000e+03,2.121000000000000000e+03,2.121000000000000000e+03,2.121000000000000000e+03,2.121000000000000000e+03,2.121000000000000000e+03,2.121000000000000000e+03,2.121000000000000000e+03,2.121000000000000000e+03,2.121000000000000000e+03,2.121000000000000000e+03,2.121000000000000000e+03,2.121000000000000000e+03,2.121000000000000000e+03,2.121000000000000000e+03,2.121000000000000000e+03,2.121000000000000000e+03,2.121000000000000000e+03,2.121000000000000000e+03,2.121000000000000000e+03,2.121000000000000000e+03,2.121000000000000000e+03,2.121000000000000000e+03,2.121000000000000000e+03,2.121000000000000000e+03,2.121000000000000000e+03,2.121000000000000000e+03,2.121000000000000000e+03,2.121000000000000000e+03,2.121000000000000000e+03,2.121000000000000000e+03,2.121000000000000000e+03,2.121000000000000000e+03,2.121000000000000000e+03,2.121000000000000000e+03,2.121000000000000000e+03,2.121000000000000000e+03,2.121000000000000000e+03,2.121000000000000000e+03,2.121000000000000000e+03,2.121000000000000000e+03,2.121000000000000000e+03,2.121000000000000000e+03,2.121000000000000000e+03,2.121000000000000000e+03,2.121000000000000000e+03,2.121000000000000000e+03,2.121000000000000000e+03,2.121000000000000000e+03,2.121000000000000000e+03,2.121000000000000000e+03,2.121000000000000000e+03,2.121000000000000000e+03,2.121000000000000000e+03,2.121000000000000000e+03,2.121000000000000000e+03,2.121000000000000000e+03,2.121000000000000000e+03,2.121000000000000000e+03,2.121000000000000000e+03,2.121000000000000000e+03,2.121000000000000000e+03,2.121000000000000000e+03,2.121000000000000000e+03,2.121000000000000000e+03,2.121000000000000000e+03,2.121000000000000000e+03,2.121000000000000000e+03,2.121000000000000000e+03,2.121000000000000000e+03,2.121000000000000000e+03,2.121000000000000000e+03,2.121000000000000000e+03,2.121000000000000000e+03,2.121000000000000000e+03,2.121000000000000000e+03,2.121000000000000000e+03,2.121000000000000000e+03,2.121000000000000000e+03,2.121000000000000000e+03,2.121000000000000000e+03,2.121000000000000000e+03,2.121000000000000000e+03,2.122000000000000000e+03,2.122000000000000000e+03,2.122000000000000000e+03,2.122000000000000000e+03,2.122000000000000000e+03,2.122000000000000000e+03,2.122000000000000000e+03,2.122000000000000000e+03,2.122000000000000000e+03,2.122000000000000000e+03,2.122000000000000000e+03,2.122000000000000000e+03,2.122000000000000000e+03,2.122000000000000000e+03,2.122000000000000000e+03,2.122000000000000000e+03,2.122000000000000000e+03,2.122000000000000000e+03,2.122000000000000000e+03,2.122000000000000000e+03,2.122000000000000000e+03,2.122000000000000000e+03,2.122000000000000000e+03,2.122000000000000000e+03,2.122000000000000000e+03,2.122000000000000000e+03,2.122000000000000000e+03,2.122000000000000000e+03,2.122000000000000000e+03,2.122000000000000000e+03,2.122000000000000000e+03,2.122000000000000000e+03,2.122000000000000000e+03,2.122000000000000000e+03,2.122000000000000000e+03,2.122000000000000000e+03,2.122000000000000000e+03,2.122000000000000000e+03,2.122000000000000000e+03,2.122000000000000000e+03,2.122000000000000000e+03,2.122000000000000000e+03,2.122000000000000000e+03,2.122000000000000000e+03,2.122000000000000000e+03,2.122000000000000000e+03,2.122000000000000000e+03,2.122000000000000000e+03,2.122000000000000000e+03,2.122000000000000000e+03,2.122000000000000000e+03,2.122000000000000000e+03,2.122000000000000000e+03,2.122000000000000000e+03,2.122000000000000000e+03,2.122000000000000000e+03,2.122000000000000000e+03,2.122000000000000000e+03,2.122000000000000000e+03,2.122000000000000000e+03,2.122000000000000000e+03,2.122000000000000000e+03,2.122000000000000000e+03,2.122000000000000000e+03,2.122000000000000000e+03,2.122000000000000000e+03,2.122000000000000000e+03,2.122000000000000000e+03,2.122000000000000000e+03,2.122000000000000000e+03,2.122000000000000000e+03,2.122000000000000000e+03,2.122000000000000000e+03,2.122000000000000000e+03,2.122000000000000000e+03,2.122000000000000000e+03,2.122000000000000000e+03,2.122000000000000000e+03,2.122000000000000000e+03,2.122000000000000000e+03,2.122000000000000000e+03,2.122000000000000000e+03,2.122000000000000000e+03,2.122000000000000000e+03,2.122000000000000000e+03,2.122000000000000000e+03,2.122000000000000000e+03,2.122000000000000000e+03,2.122000000000000000e+03,2.122000000000000000e+03,2.122000000000000000e+03,2.122000000000000000e+03,2.122000000000000000e+03,2.122000000000000000e+03,2.122000000000000000e+03,2.122000000000000000e+03,2.122000000000000000e+03,2.122000000000000000e+03,2.122000000000000000e+03,2.122000000000000000e+03,2.122000000000000000e+03,2.122000000000000000e+03,2.122000000000000000e+03,2.122000000000000000e+03,2.122000000000000000e+03,2.122000000000000000e+03,2.122000000000000000e+03,2.122000000000000000e+03,2.122000000000000000e+03,2.122000000000000000e+03,2.122000000000000000e+03,2.122000000000000000e+03,2.122000000000000000e+03,2.122000000000000000e+03,2.122000000000000000e+03,2.122000000000000000e+03,2.122000000000000000e+03,2.122000000000000000e+03,2.122000000000000000e+03,2.122000000000000000e+03,2.122000000000000000e+03,2.122000000000000000e+03,2.122000000000000000e+03,2.122000000000000000e+03,2.122000000000000000e+03,2.122000000000000000e+03,2.123000000000000000e+03,2.123000000000000000e+03,2.123000000000000000e+03,2.123000000000000000e+03,2.123000000000000000e+03,2.123000000000000000e+03,2.123000000000000000e+03,2.123000000000000000e+03,2.123000000000000000e+03,2.123000000000000000e+03,2.123000000000000000e+03,2.123000000000000000e+03,2.123000000000000000e+03,2.123000000000000000e+03,2.123000000000000000e+03,2.123000000000000000e+03,2.123000000000000000e+03,2.123000000000000000e+03,2.123000000000000000e+03,2.123000000000000000e+03,2.123000000000000000e+03,2.123000000000000000e+03,2.123000000000000000e+03,2.123000000000000000e+03,2.123000000000000000e+03,2.123000000000000000e+03,2.123000000000000000e+03,2.123000000000000000e+03,2.123000000000000000e+03,2.123000000000000000e+03,2.123000000000000000e+03,2.123000000000000000e+03,2.123000000000000000e+03,2.123000000000000000e+03,2.123000000000000000e+03,2.123000000000000000e+03,2.123000000000000000e+03,2.123000000000000000e+03,2.123000000000000000e+03,2.123000000000000000e+03,2.123000000000000000e+03,2.123000000000000000e+03,2.123000000000000000e+03,2.123000000000000000e+03,2.123000000000000000e+03,2.123000000000000000e+03,2.123000000000000000e+03,2.123000000000000000e+03,2.123000000000000000e+03,2.123000000000000000e+03,2.123000000000000000e+03,2.123000000000000000e+03,2.123000000000000000e+03,2.123000000000000000e+03,2.123000000000000000e+03,2.123000000000000000e+03,2.123000000000000000e+03,2.123000000000000000e+03,2.123000000000000000e+03,2.123000000000000000e+03,2.123000000000000000e+03,2.123000000000000000e+03,2.123000000000000000e+03,2.123000000000000000e+03,2.123000000000000000e+03,2.123000000000000000e+03,2.123000000000000000e+03,2.123000000000000000e+03,2.123000000000000000e+03,2.123000000000000000e+03,2.123000000000000000e+03,2.123000000000000000e+03,2.123000000000000000e+03,2.123000000000000000e+03,2.123000000000000000e+03,2.123000000000000000e+03,2.123000000000000000e+03,2.123000000000000000e+03,2.123000000000000000e+03,2.123000000000000000e+03,2.123000000000000000e+03,2.123000000000000000e+03,2.123000000000000000e+03,2.123000000000000000e+03,2.123000000000000000e+03,2.123000000000000000e+03,2.123000000000000000e+03,2.123000000000000000e+03,2.123000000000000000e+03,2.123000000000000000e+03,2.123000000000000000e+03,2.123000000000000000e+03,2.123000000000000000e+03,2.123000000000000000e+03,2.123000000000000000e+03,2.123000000000000000e+03,2.123000000000000000e+03,2.123000000000000000e+03,2.123000000000000000e+03,2.123000000000000000e+03,2.123000000000000000e+03,2.123000000000000000e+03,2.123000000000000000e+03,2.123000000000000000e+03,2.123000000000000000e+03,2.123000000000000000e+03,2.123000000000000000e+03,2.123000000000000000e+03,2.123000000000000000e+03,2.123000000000000000e+03,2.123000000000000000e+03,2.123000000000000000e+03,2.123000000000000000e+03,2.123000000000000000e+03,2.123000000000000000e+03,2.123000000000000000e+03,2.123000000000000000e+03,2.123000000000000000e+03,2.123000000000000000e+03,2.123000000000000000e+03,2.123000000000000000e+03,2.123000000000000000e+03,2.123000000000000000e+03,2.123000000000000000e+03,2.123000000000000000e+03,2.124000000000000000e+03,2.124000000000000000e+03,2.124000000000000000e+03,2.124000000000000000e+03,2.124000000000000000e+03,2.124000000000000000e+03,2.124000000000000000e+03,2.124000000000000000e+03,2.124000000000000000e+03,2.124000000000000000e+03,2.124000000000000000e+03,2.124000000000000000e+03,2.124000000000000000e+03,2.124000000000000000e+03,2.124000000000000000e+03,2.124000000000000000e+03,2.124000000000000000e+03,2.124000000000000000e+03,2.124000000000000000e+03,2.124000000000000000e+03,2.124000000000000000e+03,2.124000000000000000e+03,2.124000000000000000e+03,2.124000000000000000e+03,2.124000000000000000e+03,2.124000000000000000e+03,2.124000000000000000e+03,2.124000000000000000e+03,2.124000000000000000e+03,2.124000000000000000e+03,2.124000000000000000e+03,2.124000000000000000e+03,2.124000000000000000e+03,2.124000000000000000e+03,2.124000000000000000e+03,2.124000000000000000e+03,2.124000000000000000e+03,2.124000000000000000e+03,2.124000000000000000e+03,2.124000000000000000e+03,2.124000000000000000e+03,2.124000000000000000e+03,2.124000000000000000e+03,2.124000000000000000e+03,2.124000000000000000e+03,2.124000000000000000e+03,2.124000000000000000e+03,2.124000000000000000e+03,2.124000000000000000e+03,2.124000000000000000e+03,2.124000000000000000e+03,2.124000000000000000e+03,2.124000000000000000e+03,2.124000000000000000e+03,2.124000000000000000e+03,2.124000000000000000e+03,2.124000000000000000e+03,2.124000000000000000e+03,2.124000000000000000e+03,2.124000000000000000e+03,2.124000000000000000e+03,2.124000000000000000e+03,2.124000000000000000e+03,2.124000000000000000e+03,2.124000000000000000e+03,2.124000000000000000e+03,2.124000000000000000e+03,2.124000000000000000e+03,2.124000000000000000e+03,2.124000000000000000e+03,2.124000000000000000e+03,2.124000000000000000e+03,2.124000000000000000e+03,2.124000000000000000e+03,2.124000000000000000e+03,2.124000000000000000e+03,2.124000000000000000e+03,2.124000000000000000e+03,2.124000000000000000e+03,2.124000000000000000e+03,2.124000000000000000e+03,2.124000000000000000e+03,2.124000000000000000e+03,2.124000000000000000e+03,2.124000000000000000e+03,2.124000000000000000e+03,2.124000000000000000e+03,2.124000000000000000e+03,2.124000000000000000e+03,2.124000000000000000e+03,2.124000000000000000e+03,2.124000000000000000e+03,2.124000000000000000e+03,2.124000000000000000e+03,2.124000000000000000e+03,2.124000000000000000e+03,2.124000000000000000e+03,2.124000000000000000e+03,2.124000000000000000e+03,2.124000000000000000e+03,2.124000000000000000e+03,2.124000000000000000e+03,2.124000000000000000e+03,2.124000000000000000e+03,2.124000000000000000e+03,2.124000000000000000e+03,2.124000000000000000e+03,2.124000000000000000e+03,2.124000000000000000e+03,2.124000000000000000e+03,2.124000000000000000e+03,2.124000000000000000e+03,2.124000000000000000e+03,2.124000000000000000e+03,2.124000000000000000e+03,2.124000000000000000e+03,2.124000000000000000e+03,2.124000000000000000e+03,2.124000000000000000e+03,2.124000000000000000e+03,2.124000000000000000e+03,2.124000000000000000e+03,2.124000000000000000e+03,2.124000000000000000e+03,2.124000000000000000e+03,2.125000000000000000e+03,2.125000000000000000e+03,2.125000000000000000e+03,2.125000000000000000e+03,2.125000000000000000e+03,2.125000000000000000e+03,2.125000000000000000e+03,2.125000000000000000e+03,2.125000000000000000e+03,2.125000000000000000e+03,2.125000000000000000e+03,2.125000000000000000e+03,2.125000000000000000e+03,2.125000000000000000e+03,2.125000000000000000e+03,2.125000000000000000e+03,2.125000000000000000e+03,2.125000000000000000e+03,2.125000000000000000e+03,2.125000000000000000e+03,2.125000000000000000e+03,2.125000000000000000e+03,2.125000000000000000e+03,2.125000000000000000e+03,2.125000000000000000e+03,2.125000000000000000e+03,2.125000000000000000e+03,2.125000000000000000e+03,2.125000000000000000e+03,2.125000000000000000e+03,2.125000000000000000e+03,2.125000000000000000e+03,2.125000000000000000e+03,2.125000000000000000e+03,2.125000000000000000e+03,2.125000000000000000e+03,2.125000000000000000e+03,2.125000000000000000e+03,2.125000000000000000e+03,2.125000000000000000e+03,2.125000000000000000e+03,2.125000000000000000e+03,2.125000000000000000e+03,2.125000000000000000e+03,2.125000000000000000e+03,2.125000000000000000e+03,2.125000000000000000e+03,2.125000000000000000e+03,2.125000000000000000e+03,2.125000000000000000e+03,2.125000000000000000e+03,2.125000000000000000e+03,2.125000000000000000e+03,2.125000000000000000e+03,2.125000000000000000e+03,2.125000000000000000e+03,2.125000000000000000e+03,2.125000000000000000e+03,2.125000000000000000e+03,2.125000000000000000e+03,2.125000000000000000e+03,2.125000000000000000e+03,2.125000000000000000e+03,2.125000000000000000e+03,2.125000000000000000e+03,2.125000000000000000e+03,2.125000000000000000e+03,2.125000000000000000e+03,2.125000000000000000e+03,2.125000000000000000e+03,2.125000000000000000e+03,2.125000000000000000e+03,2.125000000000000000e+03,2.125000000000000000e+03,2.125000000000000000e+03,2.125000000000000000e+03,2.125000000000000000e+03,2.125000000000000000e+03,2.125000000000000000e+03,2.125000000000000000e+03,2.125000000000000000e+03,2.125000000000000000e+03,2.125000000000000000e+03,2.125000000000000000e+03,2.125000000000000000e+03,2.125000000000000000e+03,2.125000000000000000e+03,2.125000000000000000e+03,2.125000000000000000e+03,2.125000000000000000e+03,2.125000000000000000e+03,2.125000000000000000e+03,2.125000000000000000e+03,2.125000000000000000e+03,2.125000000000000000e+03,2.125000000000000000e+03,2.125000000000000000e+03,2.125000000000000000e+03,2.125000000000000000e+03,2.125000000000000000e+03,2.125000000000000000e+03,2.125000000000000000e+03,2.125000000000000000e+03,2.125000000000000000e+03,2.125000000000000000e+03,2.125000000000000000e+03,2.125000000000000000e+03,2.125000000000000000e+03,2.125000000000000000e+03,2.125000000000000000e+03,2.125000000000000000e+03,2.125000000000000000e+03,2.125000000000000000e+03,2.125000000000000000e+03,2.125000000000000000e+03,2.125000000000000000e+03,2.125000000000000000e+03,2.125000000000000000e+03,2.125000000000000000e+03,2.125000000000000000e+03,2.125000000000000000e+03,2.125000000000000000e+03,2.125000000000000000e+03,2.125000000000000000e+03,2.125000000000000000e+03,2.126000000000000000e+03,2.126000000000000000e+03,2.126000000000000000e+03,2.126000000000000000e+03,2.126000000000000000e+03,2.126000000000000000e+03,2.126000000000000000e+03,2.126000000000000000e+03,2.126000000000000000e+03,2.126000000000000000e+03,2.126000000000000000e+03,2.126000000000000000e+03,2.126000000000000000e+03,2.126000000000000000e+03,2.126000000000000000e+03,2.126000000000000000e+03,2.126000000000000000e+03,2.126000000000000000e+03,2.126000000000000000e+03,2.126000000000000000e+03,2.126000000000000000e+03,2.126000000000000000e+03,2.126000000000000000e+03,2.126000000000000000e+03,2.126000000000000000e+03,2.126000000000000000e+03,2.126000000000000000e+03,2.126000000000000000e+03,2.126000000000000000e+03,2.126000000000000000e+03,2.126000000000000000e+03,2.126000000000000000e+03,2.126000000000000000e+03,2.126000000000000000e+03,2.126000000000000000e+03,2.126000000000000000e+03,2.126000000000000000e+03,2.126000000000000000e+03,2.126000000000000000e+03,2.126000000000000000e+03,2.126000000000000000e+03,2.126000000000000000e+03,2.126000000000000000e+03,2.126000000000000000e+03,2.126000000000000000e+03,2.126000000000000000e+03,2.126000000000000000e+03,2.126000000000000000e+03,2.126000000000000000e+03,2.126000000000000000e+03,2.126000000000000000e+03,2.126000000000000000e+03,2.126000000000000000e+03,2.126000000000000000e+03,2.126000000000000000e+03,2.126000000000000000e+03,2.126000000000000000e+03,2.126000000000000000e+03,2.126000000000000000e+03,2.126000000000000000e+03,2.126000000000000000e+03,2.126000000000000000e+03,2.126000000000000000e+03,2.126000000000000000e+03,2.126000000000000000e+03,2.126000000000000000e+03,2.126000000000000000e+03,2.126000000000000000e+03,2.126000000000000000e+03,2.126000000000000000e+03,2.126000000000000000e+03,2.126000000000000000e+03,2.126000000000000000e+03,2.126000000000000000e+03,2.126000000000000000e+03,2.126000000000000000e+03,2.126000000000000000e+03,2.126000000000000000e+03,2.126000000000000000e+03,2.126000000000000000e+03,2.126000000000000000e+03,2.126000000000000000e+03,2.126000000000000000e+03,2.126000000000000000e+03,2.126000000000000000e+03,2.126000000000000000e+03,2.126000000000000000e+03,2.126000000000000000e+03,2.126000000000000000e+03,2.126000000000000000e+03,2.126000000000000000e+03,2.126000000000000000e+03,2.126000000000000000e+03,2.126000000000000000e+03,2.126000000000000000e+03,2.126000000000000000e+03,2.126000000000000000e+03,2.126000000000000000e+03,2.126000000000000000e+03,2.126000000000000000e+03,2.126000000000000000e+03,2.126000000000000000e+03,2.126000000000000000e+03,2.126000000000000000e+03,2.126000000000000000e+03,2.126000000000000000e+03,2.126000000000000000e+03,2.126000000000000000e+03,2.126000000000000000e+03,2.126000000000000000e+03,2.126000000000000000e+03,2.126000000000000000e+03,2.126000000000000000e+03,2.126000000000000000e+03,2.126000000000000000e+03,2.126000000000000000e+03,2.126000000000000000e+03,2.126000000000000000e+03,2.126000000000000000e+03,2.126000000000000000e+03,2.126000000000000000e+03,2.126000000000000000e+03,2.126000000000000000e+03,2.126000000000000000e+03,2.126000000000000000e+03,2.127000000000000000e+03,2.127000000000000000e+03,2.127000000000000000e+03,2.127000000000000000e+03,2.127000000000000000e+03,2.127000000000000000e+03,2.127000000000000000e+03,2.127000000000000000e+03,2.127000000000000000e+03,2.127000000000000000e+03,2.127000000000000000e+03,2.127000000000000000e+03,2.127000000000000000e+03,2.127000000000000000e+03,2.127000000000000000e+03,2.127000000000000000e+03,2.127000000000000000e+03,2.127000000000000000e+03,2.127000000000000000e+03,2.127000000000000000e+03,2.127000000000000000e+03,2.127000000000000000e+03,2.127000000000000000e+03,2.127000000000000000e+03,2.127000000000000000e+03,2.127000000000000000e+03,2.127000000000000000e+03,2.127000000000000000e+03,2.127000000000000000e+03,2.127000000000000000e+03,2.127000000000000000e+03,2.127000000000000000e+03,2.127000000000000000e+03,2.127000000000000000e+03,2.127000000000000000e+03,2.127000000000000000e+03,2.127000000000000000e+03,2.127000000000000000e+03,2.127000000000000000e+03,2.127000000000000000e+03,2.127000000000000000e+03,2.127000000000000000e+03,2.127000000000000000e+03,2.127000000000000000e+03,2.127000000000000000e+03,2.127000000000000000e+03,2.127000000000000000e+03,2.127000000000000000e+03,2.127000000000000000e+03,2.127000000000000000e+03,2.127000000000000000e+03,2.127000000000000000e+03,2.127000000000000000e+03,2.127000000000000000e+03,2.127000000000000000e+03,2.127000000000000000e+03,2.127000000000000000e+03,2.127000000000000000e+03,2.127000000000000000e+03,2.127000000000000000e+03,2.127000000000000000e+03,2.127000000000000000e+03,2.127000000000000000e+03,2.127000000000000000e+03,2.127000000000000000e+03,2.127000000000000000e+03,2.127000000000000000e+03,2.127000000000000000e+03,2.127000000000000000e+03,2.127000000000000000e+03,2.127000000000000000e+03,2.127000000000000000e+03,2.127000000000000000e+03,2.127000000000000000e+03,2.127000000000000000e+03,2.127000000000000000e+03,2.127000000000000000e+03,2.127000000000000000e+03,2.127000000000000000e+03,2.127000000000000000e+03,2.127000000000000000e+03,2.127000000000000000e+03,2.127000000000000000e+03,2.127000000000000000e+03,2.127000000000000000e+03,2.127000000000000000e+03,2.127000000000000000e+03,2.127000000000000000e+03,2.127000000000000000e+03,2.127000000000000000e+03,2.127000000000000000e+03,2.127000000000000000e+03,2.127000000000000000e+03,2.127000000000000000e+03,2.127000000000000000e+03,2.127000000000000000e+03,2.127000000000000000e+03,2.127000000000000000e+03,2.127000000000000000e+03,2.127000000000000000e+03,2.127000000000000000e+03,2.127000000000000000e+03,2.127000000000000000e+03,2.127000000000000000e+03,2.127000000000000000e+03,2.127000000000000000e+03,2.127000000000000000e+03,2.127000000000000000e+03,2.127000000000000000e+03,2.127000000000000000e+03,2.127000000000000000e+03,2.127000000000000000e+03,2.127000000000000000e+03,2.127000000000000000e+03,2.127000000000000000e+03,2.127000000000000000e+03,2.127000000000000000e+03,2.127000000000000000e+03,2.127000000000000000e+03,2.127000000000000000e+03,2.127000000000000000e+03,2.127000000000000000e+03,2.127000000000000000e+03,2.127000000000000000e+03,2.127000000000000000e+03,2.127000000000000000e+03,2.128000000000000000e+03,2.128000000000000000e+03,2.128000000000000000e+03,2.128000000000000000e+03,2.128000000000000000e+03,2.128000000000000000e+03,2.128000000000000000e+03,2.128000000000000000e+03,2.128000000000000000e+03,2.128000000000000000e+03,2.128000000000000000e+03,2.128000000000000000e+03,2.128000000000000000e+03,2.128000000000000000e+03,2.128000000000000000e+03,2.128000000000000000e+03,2.128000000000000000e+03,2.128000000000000000e+03,2.128000000000000000e+03,2.128000000000000000e+03,2.128000000000000000e+03,2.128000000000000000e+03,2.128000000000000000e+03,2.128000000000000000e+03,2.128000000000000000e+03,2.128000000000000000e+03,2.128000000000000000e+03,2.128000000000000000e+03,2.128000000000000000e+03,2.128000000000000000e+03,2.128000000000000000e+03,2.128000000000000000e+03,2.128000000000000000e+03,2.128000000000000000e+03,2.128000000000000000e+03,2.128000000000000000e+03,2.128000000000000000e+03,2.128000000000000000e+03,2.128000000000000000e+03,2.128000000000000000e+03,2.128000000000000000e+03,2.128000000000000000e+03,2.128000000000000000e+03,2.128000000000000000e+03,2.128000000000000000e+03,2.128000000000000000e+03,2.128000000000000000e+03,2.128000000000000000e+03,2.128000000000000000e+03,2.128000000000000000e+03,2.128000000000000000e+03,2.128000000000000000e+03,2.128000000000000000e+03,2.128000000000000000e+03,2.128000000000000000e+03,2.128000000000000000e+03,2.128000000000000000e+03,2.128000000000000000e+03,2.128000000000000000e+03,2.128000000000000000e+03,2.128000000000000000e+03,2.128000000000000000e+03,2.128000000000000000e+03,2.128000000000000000e+03,2.128000000000000000e+03,2.128000000000000000e+03,2.128000000000000000e+03,2.128000000000000000e+03,2.128000000000000000e+03,2.128000000000000000e+03,2.128000000000000000e+03,2.128000000000000000e+03,2.128000000000000000e+03,2.128000000000000000e+03,2.128000000000000000e+03,2.128000000000000000e+03,2.128000000000000000e+03,2.128000000000000000e+03,2.128000000000000000e+03,2.128000000000000000e+03,2.128000000000000000e+03,2.128000000000000000e+03,2.128000000000000000e+03,2.128000000000000000e+03,2.128000000000000000e+03,2.128000000000000000e+03,2.128000000000000000e+03,2.128000000000000000e+03,2.128000000000000000e+03,2.128000000000000000e+03,2.128000000000000000e+03,2.128000000000000000e+03,2.128000000000000000e+03,2.128000000000000000e+03,2.128000000000000000e+03,2.128000000000000000e+03,2.128000000000000000e+03,2.128000000000000000e+03,2.128000000000000000e+03,2.128000000000000000e+03,2.128000000000000000e+03,2.128000000000000000e+03,2.128000000000000000e+03,2.128000000000000000e+03,2.128000000000000000e+03,2.128000000000000000e+03,2.128000000000000000e+03,2.128000000000000000e+03,2.128000000000000000e+03,2.128000000000000000e+03,2.128000000000000000e+03,2.128000000000000000e+03,2.128000000000000000e+03,2.128000000000000000e+03,2.128000000000000000e+03,2.128000000000000000e+03,2.128000000000000000e+03,2.128000000000000000e+03,2.128000000000000000e+03,2.128000000000000000e+03,2.128000000000000000e+03,2.128000000000000000e+03,2.128000000000000000e+03,2.128000000000000000e+03,2.128000000000000000e+03,2.128000000000000000e+03,2.129000000000000000e+03,2.129000000000000000e+03,2.129000000000000000e+03,2.129000000000000000e+03,2.129000000000000000e+03,2.129000000000000000e+03,2.129000000000000000e+03,2.129000000000000000e+03,2.129000000000000000e+03,2.129000000000000000e+03,2.129000000000000000e+03,2.129000000000000000e+03,2.129000000000000000e+03,2.129000000000000000e+03,2.129000000000000000e+03,2.129000000000000000e+03,2.129000000000000000e+03,2.129000000000000000e+03,2.129000000000000000e+03,2.129000000000000000e+03,2.129000000000000000e+03,2.129000000000000000e+03,2.129000000000000000e+03,2.129000000000000000e+03,2.129000000000000000e+03,2.129000000000000000e+03,2.129000000000000000e+03,2.129000000000000000e+03,2.129000000000000000e+03,2.129000000000000000e+03,2.129000000000000000e+03,2.129000000000000000e+03,2.129000000000000000e+03,2.129000000000000000e+03,2.129000000000000000e+03,2.129000000000000000e+03,2.129000000000000000e+03,2.129000000000000000e+03,2.129000000000000000e+03,2.129000000000000000e+03,2.129000000000000000e+03,2.129000000000000000e+03,2.129000000000000000e+03,2.129000000000000000e+03,2.129000000000000000e+03,2.129000000000000000e+03,2.129000000000000000e+03,2.129000000000000000e+03,2.129000000000000000e+03,2.129000000000000000e+03,2.129000000000000000e+03,2.129000000000000000e+03,2.129000000000000000e+03,2.129000000000000000e+03,2.129000000000000000e+03,2.129000000000000000e+03,2.129000000000000000e+03,2.129000000000000000e+03,2.129000000000000000e+03,2.129000000000000000e+03,2.129000000000000000e+03,2.129000000000000000e+03,2.129000000000000000e+03,2.129000000000000000e+03,2.129000000000000000e+03,2.129000000000000000e+03,2.129000000000000000e+03,2.129000000000000000e+03,2.129000000000000000e+03,2.129000000000000000e+03,2.129000000000000000e+03,2.129000000000000000e+03,2.129000000000000000e+03,2.129000000000000000e+03,2.129000000000000000e+03,2.129000000000000000e+03,2.129000000000000000e+03,2.129000000000000000e+03,2.129000000000000000e+03,2.129000000000000000e+03,2.129000000000000000e+03,2.129000000000000000e+03,2.129000000000000000e+03,2.129000000000000000e+03,2.129000000000000000e+03,2.129000000000000000e+03,2.129000000000000000e+03,2.129000000000000000e+03,2.129000000000000000e+03,2.129000000000000000e+03,2.129000000000000000e+03,2.129000000000000000e+03,2.129000000000000000e+03,2.129000000000000000e+03,2.129000000000000000e+03,2.129000000000000000e+03,2.129000000000000000e+03,2.129000000000000000e+03,2.129000000000000000e+03,2.129000000000000000e+03,2.129000000000000000e+03,2.129000000000000000e+03,2.129000000000000000e+03,2.129000000000000000e+03,2.129000000000000000e+03,2.129000000000000000e+03,2.129000000000000000e+03,2.129000000000000000e+03,2.129000000000000000e+03,2.129000000000000000e+03,2.129000000000000000e+03,2.129000000000000000e+03,2.129000000000000000e+03,2.129000000000000000e+03,2.129000000000000000e+03,2.129000000000000000e+03,2.129000000000000000e+03,2.129000000000000000e+03,2.129000000000000000e+03,2.129000000000000000e+03,2.129000000000000000e+03,2.129000000000000000e+03,2.129000000000000000e+03,2.129000000000000000e+03,2.129000000000000000e+03,2.129000000000000000e+03,2.130000000000000000e+03,2.130000000000000000e+03,2.130000000000000000e+03,2.130000000000000000e+03,2.130000000000000000e+03,2.130000000000000000e+03,2.130000000000000000e+03,2.130000000000000000e+03,2.130000000000000000e+03,2.130000000000000000e+03,2.130000000000000000e+03,2.130000000000000000e+03,2.130000000000000000e+03,2.130000000000000000e+03,2.130000000000000000e+03,2.130000000000000000e+03,2.130000000000000000e+03,2.130000000000000000e+03,2.130000000000000000e+03,2.130000000000000000e+03,2.130000000000000000e+03,2.130000000000000000e+03,2.130000000000000000e+03,2.130000000000000000e+03,2.130000000000000000e+03,2.130000000000000000e+03,2.130000000000000000e+03,2.130000000000000000e+03,2.130000000000000000e+03,2.130000000000000000e+03,2.130000000000000000e+03,2.130000000000000000e+03,2.130000000000000000e+03,2.130000000000000000e+03,2.130000000000000000e+03,2.130000000000000000e+03,2.130000000000000000e+03,2.130000000000000000e+03,2.130000000000000000e+03,2.130000000000000000e+03,2.130000000000000000e+03,2.130000000000000000e+03,2.130000000000000000e+03,2.130000000000000000e+03,2.130000000000000000e+03,2.130000000000000000e+03,2.130000000000000000e+03,2.130000000000000000e+03,2.130000000000000000e+03,2.130000000000000000e+03,2.130000000000000000e+03,2.130000000000000000e+03,2.130000000000000000e+03,2.130000000000000000e+03,2.130000000000000000e+03,2.130000000000000000e+03,2.130000000000000000e+03,2.130000000000000000e+03,2.130000000000000000e+03,2.130000000000000000e+03,2.130000000000000000e+03,2.130000000000000000e+03,2.130000000000000000e+03,2.130000000000000000e+03,2.130000000000000000e+03,2.130000000000000000e+03,2.130000000000000000e+03,2.130000000000000000e+03,2.130000000000000000e+03,2.130000000000000000e+03,2.130000000000000000e+03,2.130000000000000000e+03,2.130000000000000000e+03,2.130000000000000000e+03,2.130000000000000000e+03,2.130000000000000000e+03,2.130000000000000000e+03,2.130000000000000000e+03,2.130000000000000000e+03,2.130000000000000000e+03,2.130000000000000000e+03,2.130000000000000000e+03,2.130000000000000000e+03,2.130000000000000000e+03,2.130000000000000000e+03,2.130000000000000000e+03,2.130000000000000000e+03,2.130000000000000000e+03,2.130000000000000000e+03,2.130000000000000000e+03,2.130000000000000000e+03,2.130000000000000000e+03,2.130000000000000000e+03,2.130000000000000000e+03,2.130000000000000000e+03,2.130000000000000000e+03,2.130000000000000000e+03,2.130000000000000000e+03,2.130000000000000000e+03,2.130000000000000000e+03,2.130000000000000000e+03,2.130000000000000000e+03,2.130000000000000000e+03,2.130000000000000000e+03,2.130000000000000000e+03,2.130000000000000000e+03,2.130000000000000000e+03,2.130000000000000000e+03,2.130000000000000000e+03,2.130000000000000000e+03,2.130000000000000000e+03,2.130000000000000000e+03,2.130000000000000000e+03,2.130000000000000000e+03,2.130000000000000000e+03,2.130000000000000000e+03,2.130000000000000000e+03,2.130000000000000000e+03,2.130000000000000000e+03,2.130000000000000000e+03,2.130000000000000000e+03,2.130000000000000000e+03,2.130000000000000000e+03,2.130000000000000000e+03,2.130000000000000000e+03,2.130000000000000000e+03,2.131000000000000000e+03,2.131000000000000000e+03,2.131000000000000000e+03,2.131000000000000000e+03,2.131000000000000000e+03,2.131000000000000000e+03,2.131000000000000000e+03,2.131000000000000000e+03,2.131000000000000000e+03,2.131000000000000000e+03,2.131000000000000000e+03,2.131000000000000000e+03,2.131000000000000000e+03,2.131000000000000000e+03,2.131000000000000000e+03,2.131000000000000000e+03,2.131000000000000000e+03,2.131000000000000000e+03,2.131000000000000000e+03,2.131000000000000000e+03,2.131000000000000000e+03,2.131000000000000000e+03,2.131000000000000000e+03,2.131000000000000000e+03,2.131000000000000000e+03,2.131000000000000000e+03,2.131000000000000000e+03,2.131000000000000000e+03,2.131000000000000000e+03,2.131000000000000000e+03,2.131000000000000000e+03,2.131000000000000000e+03,2.131000000000000000e+03,2.131000000000000000e+03,2.131000000000000000e+03,2.131000000000000000e+03,2.131000000000000000e+03,2.131000000000000000e+03,2.131000000000000000e+03,2.131000000000000000e+03,2.131000000000000000e+03,2.131000000000000000e+03,2.131000000000000000e+03,2.131000000000000000e+03,2.131000000000000000e+03,2.131000000000000000e+03,2.131000000000000000e+03,2.131000000000000000e+03,2.131000000000000000e+03,2.131000000000000000e+03,2.131000000000000000e+03,2.131000000000000000e+03,2.131000000000000000e+03,2.131000000000000000e+03,2.131000000000000000e+03,2.131000000000000000e+03,2.131000000000000000e+03,2.131000000000000000e+03,2.131000000000000000e+03,2.131000000000000000e+03,2.131000000000000000e+03,2.131000000000000000e+03,2.131000000000000000e+03,2.131000000000000000e+03,2.131000000000000000e+03,2.131000000000000000e+03,2.131000000000000000e+03,2.131000000000000000e+03,2.131000000000000000e+03,2.131000000000000000e+03,2.131000000000000000e+03,2.131000000000000000e+03,2.131000000000000000e+03,2.131000000000000000e+03,2.131000000000000000e+03,2.131000000000000000e+03,2.131000000000000000e+03,2.131000000000000000e+03,2.131000000000000000e+03,2.131000000000000000e+03,2.131000000000000000e+03,2.131000000000000000e+03,2.131000000000000000e+03,2.131000000000000000e+03,2.131000000000000000e+03,2.131000000000000000e+03,2.131000000000000000e+03,2.131000000000000000e+03,2.131000000000000000e+03,2.131000000000000000e+03,2.131000000000000000e+03,2.131000000000000000e+03,2.131000000000000000e+03,2.131000000000000000e+03,2.131000000000000000e+03,2.131000000000000000e+03,2.131000000000000000e+03,2.131000000000000000e+03,2.131000000000000000e+03,2.131000000000000000e+03,2.131000000000000000e+03,2.131000000000000000e+03,2.131000000000000000e+03,2.131000000000000000e+03,2.131000000000000000e+03,2.131000000000000000e+03,2.131000000000000000e+03,2.131000000000000000e+03,2.131000000000000000e+03,2.131000000000000000e+03,2.131000000000000000e+03,2.131000000000000000e+03,2.131000000000000000e+03,2.131000000000000000e+03,2.131000000000000000e+03,2.131000000000000000e+03,2.131000000000000000e+03,2.131000000000000000e+03,2.131000000000000000e+03,2.131000000000000000e+03,2.131000000000000000e+03,2.131000000000000000e+03,2.131000000000000000e+03,2.131000000000000000e+03,2.131000000000000000e+03,2.132000000000000000e+03,2.132000000000000000e+03,2.132000000000000000e+03,2.132000000000000000e+03,2.132000000000000000e+03,2.132000000000000000e+03,2.132000000000000000e+03,2.132000000000000000e+03,2.132000000000000000e+03,2.132000000000000000e+03,2.132000000000000000e+03,2.132000000000000000e+03,2.132000000000000000e+03,2.132000000000000000e+03,2.132000000000000000e+03,2.132000000000000000e+03,2.132000000000000000e+03,2.132000000000000000e+03,2.132000000000000000e+03,2.132000000000000000e+03,2.132000000000000000e+03,2.132000000000000000e+03,2.132000000000000000e+03,2.132000000000000000e+03,2.132000000000000000e+03,2.132000000000000000e+03,2.132000000000000000e+03,2.132000000000000000e+03,2.132000000000000000e+03,2.132000000000000000e+03,2.132000000000000000e+03,2.132000000000000000e+03,2.132000000000000000e+03,2.132000000000000000e+03,2.132000000000000000e+03,2.132000000000000000e+03,2.132000000000000000e+03,2.132000000000000000e+03,2.132000000000000000e+03,2.132000000000000000e+03,2.132000000000000000e+03,2.132000000000000000e+03,2.132000000000000000e+03,2.132000000000000000e+03,2.132000000000000000e+03,2.132000000000000000e+03,2.132000000000000000e+03,2.132000000000000000e+03,2.132000000000000000e+03,2.132000000000000000e+03,2.132000000000000000e+03,2.132000000000000000e+03,2.132000000000000000e+03,2.132000000000000000e+03,2.132000000000000000e+03,2.132000000000000000e+03,2.132000000000000000e+03,2.132000000000000000e+03,2.132000000000000000e+03,2.132000000000000000e+03,2.132000000000000000e+03,2.132000000000000000e+03,2.132000000000000000e+03,2.132000000000000000e+03,2.132000000000000000e+03,2.132000000000000000e+03,2.132000000000000000e+03,2.132000000000000000e+03,2.132000000000000000e+03,2.132000000000000000e+03,2.132000000000000000e+03,2.132000000000000000e+03,2.132000000000000000e+03,2.132000000000000000e+03,2.132000000000000000e+03,2.132000000000000000e+03,2.132000000000000000e+03,2.132000000000000000e+03,2.132000000000000000e+03,2.132000000000000000e+03,2.132000000000000000e+03,2.132000000000000000e+03,2.132000000000000000e+03,2.132000000000000000e+03,2.132000000000000000e+03,2.132000000000000000e+03,2.132000000000000000e+03,2.132000000000000000e+03,2.132000000000000000e+03,2.132000000000000000e+03,2.132000000000000000e+03,2.132000000000000000e+03,2.132000000000000000e+03,2.132000000000000000e+03,2.132000000000000000e+03,2.132000000000000000e+03,2.132000000000000000e+03,2.132000000000000000e+03,2.132000000000000000e+03,2.132000000000000000e+03,2.132000000000000000e+03,2.132000000000000000e+03,2.132000000000000000e+03,2.132000000000000000e+03,2.132000000000000000e+03,2.132000000000000000e+03,2.132000000000000000e+03,2.132000000000000000e+03,2.132000000000000000e+03,2.132000000000000000e+03,2.132000000000000000e+03,2.132000000000000000e+03,2.132000000000000000e+03,2.132000000000000000e+03,2.132000000000000000e+03,2.132000000000000000e+03,2.132000000000000000e+03,2.132000000000000000e+03,2.132000000000000000e+03,2.132000000000000000e+03,2.132000000000000000e+03,2.132000000000000000e+03,2.132000000000000000e+03,2.132000000000000000e+03,2.132000000000000000e+03,2.132000000000000000e+03,2.133000000000000000e+03,2.133000000000000000e+03,2.133000000000000000e+03,2.133000000000000000e+03,2.133000000000000000e+03,2.133000000000000000e+03,2.133000000000000000e+03,2.133000000000000000e+03,2.133000000000000000e+03,2.133000000000000000e+03,2.133000000000000000e+03,2.133000000000000000e+03,2.133000000000000000e+03,2.133000000000000000e+03,2.133000000000000000e+03,2.133000000000000000e+03,2.133000000000000000e+03,2.133000000000000000e+03,2.133000000000000000e+03,2.133000000000000000e+03,2.133000000000000000e+03,2.133000000000000000e+03,2.133000000000000000e+03,2.133000000000000000e+03,2.133000000000000000e+03,2.133000000000000000e+03,2.133000000000000000e+03,2.133000000000000000e+03,2.133000000000000000e+03,2.133000000000000000e+03,2.133000000000000000e+03,2.133000000000000000e+03,2.133000000000000000e+03,2.133000000000000000e+03,2.133000000000000000e+03,2.133000000000000000e+03,2.133000000000000000e+03,2.133000000000000000e+03,2.133000000000000000e+03,2.133000000000000000e+03,2.133000000000000000e+03,2.133000000000000000e+03,2.133000000000000000e+03,2.133000000000000000e+03,2.133000000000000000e+03,2.133000000000000000e+03,2.133000000000000000e+03,2.133000000000000000e+03,2.133000000000000000e+03,2.133000000000000000e+03,2.133000000000000000e+03,2.133000000000000000e+03,2.133000000000000000e+03,2.133000000000000000e+03,2.133000000000000000e+03,2.133000000000000000e+03,2.133000000000000000e+03,2.133000000000000000e+03,2.133000000000000000e+03,2.133000000000000000e+03,2.133000000000000000e+03,2.133000000000000000e+03,2.133000000000000000e+03,2.133000000000000000e+03,2.133000000000000000e+03,2.133000000000000000e+03,2.133000000000000000e+03,2.133000000000000000e+03,2.133000000000000000e+03,2.133000000000000000e+03,2.133000000000000000e+03,2.133000000000000000e+03,2.133000000000000000e+03,2.133000000000000000e+03,2.133000000000000000e+03,2.133000000000000000e+03,2.133000000000000000e+03,2.133000000000000000e+03,2.133000000000000000e+03,2.133000000000000000e+03,2.133000000000000000e+03,2.133000000000000000e+03,2.133000000000000000e+03,2.133000000000000000e+03,2.133000000000000000e+03,2.133000000000000000e+03,2.133000000000000000e+03,2.133000000000000000e+03,2.133000000000000000e+03,2.133000000000000000e+03,2.133000000000000000e+03,2.133000000000000000e+03,2.133000000000000000e+03,2.133000000000000000e+03,2.133000000000000000e+03,2.133000000000000000e+03,2.133000000000000000e+03,2.133000000000000000e+03,2.133000000000000000e+03,2.133000000000000000e+03,2.133000000000000000e+03,2.133000000000000000e+03,2.133000000000000000e+03,2.133000000000000000e+03,2.133000000000000000e+03,2.133000000000000000e+03,2.133000000000000000e+03,2.133000000000000000e+03,2.133000000000000000e+03,2.133000000000000000e+03,2.133000000000000000e+03,2.133000000000000000e+03,2.133000000000000000e+03,2.133000000000000000e+03,2.133000000000000000e+03,2.133000000000000000e+03,2.133000000000000000e+03,2.133000000000000000e+03,2.133000000000000000e+03,2.133000000000000000e+03,2.133000000000000000e+03,2.133000000000000000e+03,2.133000000000000000e+03,2.133000000000000000e+03,2.133000000000000000e+03,2.133000000000000000e+03,2.134000000000000000e+03,2.134000000000000000e+03,2.134000000000000000e+03,2.134000000000000000e+03,2.134000000000000000e+03,2.134000000000000000e+03,2.134000000000000000e+03,2.134000000000000000e+03,2.134000000000000000e+03,2.134000000000000000e+03,2.134000000000000000e+03,2.134000000000000000e+03,2.134000000000000000e+03,2.134000000000000000e+03,2.134000000000000000e+03,2.134000000000000000e+03,2.134000000000000000e+03,2.134000000000000000e+03,2.134000000000000000e+03,2.134000000000000000e+03,2.134000000000000000e+03,2.134000000000000000e+03,2.134000000000000000e+03,2.134000000000000000e+03,2.134000000000000000e+03,2.134000000000000000e+03,2.134000000000000000e+03,2.134000000000000000e+03,2.134000000000000000e+03,2.134000000000000000e+03,2.134000000000000000e+03,2.134000000000000000e+03,2.134000000000000000e+03,2.134000000000000000e+03,2.134000000000000000e+03,2.134000000000000000e+03,2.134000000000000000e+03,2.134000000000000000e+03,2.134000000000000000e+03,2.134000000000000000e+03,2.134000000000000000e+03,2.134000000000000000e+03,2.134000000000000000e+03,2.134000000000000000e+03,2.134000000000000000e+03,2.134000000000000000e+03,2.134000000000000000e+03,2.134000000000000000e+03,2.134000000000000000e+03,2.134000000000000000e+03,2.134000000000000000e+03,2.134000000000000000e+03,2.134000000000000000e+03,2.134000000000000000e+03,2.134000000000000000e+03,2.134000000000000000e+03,2.134000000000000000e+03,2.134000000000000000e+03,2.134000000000000000e+03,2.134000000000000000e+03,2.134000000000000000e+03,2.134000000000000000e+03,2.134000000000000000e+03,2.134000000000000000e+03,2.134000000000000000e+03,2.134000000000000000e+03,2.134000000000000000e+03,2.134000000000000000e+03,2.134000000000000000e+03,2.134000000000000000e+03,2.134000000000000000e+03,2.134000000000000000e+03,2.134000000000000000e+03,2.134000000000000000e+03,2.134000000000000000e+03,2.134000000000000000e+03,2.134000000000000000e+03,2.134000000000000000e+03,2.134000000000000000e+03,2.134000000000000000e+03,2.134000000000000000e+03,2.134000000000000000e+03,2.134000000000000000e+03,2.134000000000000000e+03,2.134000000000000000e+03,2.134000000000000000e+03,2.134000000000000000e+03,2.134000000000000000e+03,2.134000000000000000e+03,2.134000000000000000e+03,2.134000000000000000e+03,2.134000000000000000e+03,2.134000000000000000e+03,2.134000000000000000e+03,2.134000000000000000e+03,2.134000000000000000e+03,2.134000000000000000e+03,2.134000000000000000e+03,2.134000000000000000e+03,2.134000000000000000e+03,2.134000000000000000e+03,2.134000000000000000e+03,2.134000000000000000e+03,2.134000000000000000e+03,2.134000000000000000e+03,2.134000000000000000e+03,2.134000000000000000e+03,2.134000000000000000e+03,2.134000000000000000e+03,2.134000000000000000e+03,2.134000000000000000e+03,2.134000000000000000e+03,2.134000000000000000e+03,2.134000000000000000e+03,2.134000000000000000e+03,2.134000000000000000e+03,2.134000000000000000e+03,2.134000000000000000e+03,2.134000000000000000e+03,2.134000000000000000e+03,2.134000000000000000e+03,2.134000000000000000e+03,2.134000000000000000e+03,2.134000000000000000e+03,2.134000000000000000e+03,2.135000000000000000e+03,2.135000000000000000e+03,2.135000000000000000e+03,2.135000000000000000e+03,2.135000000000000000e+03,2.135000000000000000e+03,2.135000000000000000e+03,2.135000000000000000e+03,2.135000000000000000e+03,2.135000000000000000e+03,2.135000000000000000e+03,2.135000000000000000e+03,2.135000000000000000e+03,2.135000000000000000e+03,2.135000000000000000e+03,2.135000000000000000e+03,2.135000000000000000e+03,2.135000000000000000e+03,2.135000000000000000e+03,2.135000000000000000e+03,2.135000000000000000e+03,2.135000000000000000e+03,2.135000000000000000e+03,2.135000000000000000e+03,2.135000000000000000e+03,2.135000000000000000e+03,2.135000000000000000e+03,2.135000000000000000e+03,2.135000000000000000e+03,2.135000000000000000e+03,2.135000000000000000e+03,2.135000000000000000e+03,2.135000000000000000e+03,2.135000000000000000e+03,2.135000000000000000e+03,2.135000000000000000e+03,2.135000000000000000e+03,2.135000000000000000e+03,2.135000000000000000e+03,2.135000000000000000e+03,2.135000000000000000e+03,2.135000000000000000e+03,2.135000000000000000e+03,2.135000000000000000e+03,2.135000000000000000e+03,2.135000000000000000e+03,2.135000000000000000e+03,2.135000000000000000e+03,2.135000000000000000e+03,2.135000000000000000e+03,2.135000000000000000e+03,2.135000000000000000e+03,2.135000000000000000e+03,2.135000000000000000e+03,2.135000000000000000e+03,2.135000000000000000e+03,2.135000000000000000e+03,2.135000000000000000e+03,2.135000000000000000e+03,2.135000000000000000e+03,2.135000000000000000e+03,2.135000000000000000e+03,2.135000000000000000e+03,2.135000000000000000e+03,2.135000000000000000e+03,2.135000000000000000e+03,2.135000000000000000e+03,2.135000000000000000e+03,2.135000000000000000e+03,2.135000000000000000e+03,2.135000000000000000e+03,2.135000000000000000e+03,2.135000000000000000e+03,2.135000000000000000e+03,2.135000000000000000e+03,2.135000000000000000e+03,2.135000000000000000e+03,2.135000000000000000e+03,2.135000000000000000e+03,2.135000000000000000e+03,2.135000000000000000e+03,2.135000000000000000e+03,2.135000000000000000e+03,2.135000000000000000e+03,2.135000000000000000e+03,2.135000000000000000e+03,2.135000000000000000e+03,2.135000000000000000e+03,2.135000000000000000e+03,2.135000000000000000e+03,2.135000000000000000e+03,2.135000000000000000e+03,2.135000000000000000e+03,2.135000000000000000e+03,2.135000000000000000e+03,2.135000000000000000e+03,2.135000000000000000e+03,2.135000000000000000e+03,2.135000000000000000e+03,2.135000000000000000e+03,2.135000000000000000e+03,2.135000000000000000e+03,2.135000000000000000e+03,2.135000000000000000e+03,2.135000000000000000e+03,2.135000000000000000e+03,2.135000000000000000e+03,2.135000000000000000e+03,2.135000000000000000e+03,2.135000000000000000e+03,2.135000000000000000e+03,2.135000000000000000e+03,2.135000000000000000e+03,2.135000000000000000e+03,2.135000000000000000e+03,2.135000000000000000e+03,2.135000000000000000e+03,2.135000000000000000e+03,2.135000000000000000e+03,2.135000000000000000e+03,2.135000000000000000e+03,2.135000000000000000e+03,2.135000000000000000e+03,2.135000000000000000e+03,2.135000000000000000e+03,2.136000000000000000e+03,2.136000000000000000e+03,2.136000000000000000e+03,2.136000000000000000e+03,2.136000000000000000e+03,2.136000000000000000e+03,2.136000000000000000e+03,2.136000000000000000e+03,2.136000000000000000e+03,2.136000000000000000e+03,2.136000000000000000e+03,2.136000000000000000e+03,2.136000000000000000e+03,2.136000000000000000e+03,2.136000000000000000e+03,2.136000000000000000e+03,2.136000000000000000e+03,2.136000000000000000e+03,2.136000000000000000e+03,2.136000000000000000e+03,2.136000000000000000e+03,2.136000000000000000e+03,2.136000000000000000e+03,2.136000000000000000e+03,2.136000000000000000e+03,2.136000000000000000e+03,2.136000000000000000e+03,2.136000000000000000e+03,2.136000000000000000e+03,2.136000000000000000e+03,2.136000000000000000e+03,2.136000000000000000e+03,2.136000000000000000e+03,2.136000000000000000e+03,2.136000000000000000e+03,2.136000000000000000e+03,2.136000000000000000e+03,2.136000000000000000e+03,2.136000000000000000e+03,2.136000000000000000e+03,2.136000000000000000e+03,2.136000000000000000e+03,2.136000000000000000e+03,2.136000000000000000e+03,2.136000000000000000e+03,2.136000000000000000e+03,2.136000000000000000e+03,2.136000000000000000e+03,2.136000000000000000e+03,2.136000000000000000e+03,2.136000000000000000e+03,2.136000000000000000e+03,2.136000000000000000e+03,2.136000000000000000e+03,2.136000000000000000e+03,2.136000000000000000e+03,2.136000000000000000e+03,2.136000000000000000e+03,2.136000000000000000e+03,2.136000000000000000e+03,2.136000000000000000e+03,2.136000000000000000e+03,2.136000000000000000e+03,2.136000000000000000e+03,2.136000000000000000e+03,2.136000000000000000e+03,2.136000000000000000e+03,2.136000000000000000e+03,2.136000000000000000e+03,2.136000000000000000e+03,2.136000000000000000e+03,2.136000000000000000e+03,2.136000000000000000e+03,2.136000000000000000e+03,2.136000000000000000e+03,2.136000000000000000e+03,2.136000000000000000e+03,2.136000000000000000e+03,2.136000000000000000e+03,2.136000000000000000e+03,2.136000000000000000e+03,2.136000000000000000e+03,2.136000000000000000e+03,2.136000000000000000e+03,2.136000000000000000e+03,2.136000000000000000e+03,2.136000000000000000e+03,2.136000000000000000e+03,2.136000000000000000e+03,2.136000000000000000e+03,2.136000000000000000e+03,2.136000000000000000e+03,2.136000000000000000e+03,2.136000000000000000e+03,2.136000000000000000e+03,2.136000000000000000e+03,2.136000000000000000e+03,2.136000000000000000e+03,2.136000000000000000e+03,2.136000000000000000e+03,2.136000000000000000e+03,2.136000000000000000e+03,2.136000000000000000e+03,2.136000000000000000e+03,2.136000000000000000e+03,2.136000000000000000e+03,2.136000000000000000e+03,2.136000000000000000e+03,2.136000000000000000e+03,2.136000000000000000e+03,2.136000000000000000e+03,2.136000000000000000e+03,2.136000000000000000e+03,2.136000000000000000e+03,2.136000000000000000e+03,2.136000000000000000e+03,2.136000000000000000e+03,2.136000000000000000e+03,2.136000000000000000e+03,2.136000000000000000e+03,2.136000000000000000e+03,2.136000000000000000e+03,2.136000000000000000e+03,2.136000000000000000e+03,2.136000000000000000e+03,2.137000000000000000e+03,2.137000000000000000e+03,2.137000000000000000e+03,2.137000000000000000e+03,2.137000000000000000e+03,2.137000000000000000e+03,2.137000000000000000e+03,2.137000000000000000e+03,2.137000000000000000e+03,2.137000000000000000e+03,2.137000000000000000e+03,2.137000000000000000e+03,2.137000000000000000e+03,2.137000000000000000e+03,2.137000000000000000e+03,2.137000000000000000e+03,2.137000000000000000e+03,2.137000000000000000e+03,2.137000000000000000e+03,2.137000000000000000e+03,2.137000000000000000e+03,2.137000000000000000e+03,2.137000000000000000e+03,2.137000000000000000e+03,2.137000000000000000e+03,2.137000000000000000e+03,2.137000000000000000e+03,2.137000000000000000e+03,2.137000000000000000e+03,2.137000000000000000e+03,2.137000000000000000e+03,2.137000000000000000e+03,2.137000000000000000e+03,2.137000000000000000e+03,2.137000000000000000e+03,2.137000000000000000e+03,2.137000000000000000e+03,2.137000000000000000e+03,2.137000000000000000e+03,2.137000000000000000e+03,2.137000000000000000e+03,2.137000000000000000e+03,2.137000000000000000e+03,2.137000000000000000e+03,2.137000000000000000e+03,2.137000000000000000e+03,2.137000000000000000e+03,2.137000000000000000e+03,2.137000000000000000e+03,2.137000000000000000e+03,2.137000000000000000e+03,2.137000000000000000e+03,2.137000000000000000e+03,2.137000000000000000e+03,2.137000000000000000e+03,2.137000000000000000e+03,2.137000000000000000e+03,2.137000000000000000e+03,2.137000000000000000e+03,2.137000000000000000e+03,2.137000000000000000e+03,2.137000000000000000e+03,2.137000000000000000e+03,2.137000000000000000e+03,2.137000000000000000e+03,2.137000000000000000e+03,2.137000000000000000e+03,2.137000000000000000e+03,2.137000000000000000e+03,2.137000000000000000e+03,2.137000000000000000e+03,2.137000000000000000e+03,2.137000000000000000e+03,2.137000000000000000e+03,2.137000000000000000e+03,2.137000000000000000e+03,2.137000000000000000e+03,2.137000000000000000e+03,2.137000000000000000e+03,2.137000000000000000e+03,2.137000000000000000e+03,2.137000000000000000e+03,2.137000000000000000e+03,2.137000000000000000e+03,2.137000000000000000e+03,2.137000000000000000e+03,2.137000000000000000e+03,2.137000000000000000e+03,2.137000000000000000e+03,2.137000000000000000e+03,2.137000000000000000e+03,2.137000000000000000e+03,2.137000000000000000e+03,2.137000000000000000e+03,2.137000000000000000e+03,2.137000000000000000e+03,2.137000000000000000e+03,2.137000000000000000e+03,2.137000000000000000e+03,2.137000000000000000e+03,2.137000000000000000e+03,2.137000000000000000e+03,2.137000000000000000e+03,2.137000000000000000e+03,2.137000000000000000e+03,2.137000000000000000e+03,2.137000000000000000e+03,2.137000000000000000e+03,2.137000000000000000e+03,2.137000000000000000e+03,2.137000000000000000e+03,2.137000000000000000e+03,2.137000000000000000e+03,2.137000000000000000e+03,2.137000000000000000e+03,2.137000000000000000e+03,2.137000000000000000e+03,2.137000000000000000e+03,2.137000000000000000e+03,2.137000000000000000e+03,2.137000000000000000e+03,2.137000000000000000e+03,2.137000000000000000e+03,2.137000000000000000e+03,2.137000000000000000e+03,2.138000000000000000e+03,2.138000000000000000e+03,2.138000000000000000e+03,2.138000000000000000e+03,2.138000000000000000e+03,2.138000000000000000e+03,2.138000000000000000e+03,2.138000000000000000e+03,2.138000000000000000e+03,2.138000000000000000e+03,2.138000000000000000e+03,2.138000000000000000e+03,2.138000000000000000e+03,2.138000000000000000e+03,2.138000000000000000e+03,2.138000000000000000e+03,2.138000000000000000e+03,2.138000000000000000e+03,2.138000000000000000e+03,2.138000000000000000e+03,2.138000000000000000e+03,2.138000000000000000e+03,2.138000000000000000e+03,2.138000000000000000e+03,2.138000000000000000e+03,2.138000000000000000e+03,2.138000000000000000e+03,2.138000000000000000e+03,2.138000000000000000e+03,2.138000000000000000e+03,2.138000000000000000e+03,2.138000000000000000e+03,2.138000000000000000e+03,2.138000000000000000e+03,2.138000000000000000e+03,2.138000000000000000e+03,2.138000000000000000e+03,2.138000000000000000e+03,2.138000000000000000e+03,2.138000000000000000e+03,2.138000000000000000e+03,2.138000000000000000e+03,2.138000000000000000e+03,2.138000000000000000e+03,2.138000000000000000e+03,2.138000000000000000e+03,2.138000000000000000e+03,2.138000000000000000e+03,2.138000000000000000e+03,2.138000000000000000e+03,2.138000000000000000e+03,2.138000000000000000e+03,2.138000000000000000e+03,2.138000000000000000e+03,2.138000000000000000e+03,2.138000000000000000e+03,2.138000000000000000e+03,2.138000000000000000e+03,2.138000000000000000e+03,2.138000000000000000e+03,2.138000000000000000e+03,2.138000000000000000e+03,2.138000000000000000e+03,2.138000000000000000e+03,2.138000000000000000e+03,2.138000000000000000e+03,2.138000000000000000e+03,2.138000000000000000e+03,2.138000000000000000e+03,2.138000000000000000e+03,2.138000000000000000e+03,2.138000000000000000e+03,2.138000000000000000e+03,2.138000000000000000e+03,2.138000000000000000e+03,2.138000000000000000e+03,2.138000000000000000e+03,2.138000000000000000e+03,2.138000000000000000e+03,2.138000000000000000e+03,2.138000000000000000e+03,2.138000000000000000e+03,2.138000000000000000e+03,2.138000000000000000e+03,2.138000000000000000e+03,2.138000000000000000e+03,2.138000000000000000e+03,2.138000000000000000e+03,2.138000000000000000e+03,2.138000000000000000e+03,2.138000000000000000e+03,2.138000000000000000e+03,2.138000000000000000e+03,2.138000000000000000e+03,2.138000000000000000e+03,2.138000000000000000e+03,2.138000000000000000e+03,2.138000000000000000e+03,2.138000000000000000e+03,2.138000000000000000e+03,2.138000000000000000e+03,2.138000000000000000e+03,2.138000000000000000e+03,2.138000000000000000e+03,2.138000000000000000e+03,2.138000000000000000e+03,2.138000000000000000e+03,2.138000000000000000e+03,2.138000000000000000e+03,2.138000000000000000e+03,2.138000000000000000e+03,2.138000000000000000e+03,2.138000000000000000e+03,2.138000000000000000e+03,2.138000000000000000e+03,2.138000000000000000e+03,2.138000000000000000e+03,2.138000000000000000e+03,2.138000000000000000e+03,2.138000000000000000e+03,2.138000000000000000e+03,2.138000000000000000e+03,2.138000000000000000e+03,2.138000000000000000e+03,2.138000000000000000e+03,2.138000000000000000e+03,2.139000000000000000e+03,2.139000000000000000e+03,2.139000000000000000e+03,2.139000000000000000e+03,2.139000000000000000e+03,2.139000000000000000e+03,2.139000000000000000e+03,2.139000000000000000e+03,2.139000000000000000e+03,2.139000000000000000e+03,2.139000000000000000e+03,2.139000000000000000e+03,2.139000000000000000e+03,2.139000000000000000e+03,2.139000000000000000e+03,2.139000000000000000e+03,2.139000000000000000e+03,2.139000000000000000e+03,2.139000000000000000e+03,2.139000000000000000e+03,2.139000000000000000e+03,2.139000000000000000e+03,2.139000000000000000e+03,2.139000000000000000e+03,2.139000000000000000e+03,2.139000000000000000e+03,2.139000000000000000e+03,2.139000000000000000e+03,2.139000000000000000e+03,2.139000000000000000e+03,2.139000000000000000e+03,2.139000000000000000e+03,2.139000000000000000e+03,2.139000000000000000e+03,2.139000000000000000e+03,2.139000000000000000e+03,2.139000000000000000e+03,2.139000000000000000e+03,2.139000000000000000e+03,2.139000000000000000e+03,2.139000000000000000e+03,2.139000000000000000e+03,2.139000000000000000e+03,2.139000000000000000e+03,2.139000000000000000e+03,2.139000000000000000e+03,2.139000000000000000e+03,2.139000000000000000e+03,2.139000000000000000e+03,2.139000000000000000e+03,2.139000000000000000e+03,2.139000000000000000e+03,2.139000000000000000e+03,2.139000000000000000e+03,2.139000000000000000e+03,2.139000000000000000e+03,2.139000000000000000e+03,2.139000000000000000e+03,2.139000000000000000e+03,2.139000000000000000e+03,2.139000000000000000e+03,2.139000000000000000e+03,2.139000000000000000e+03,2.139000000000000000e+03,2.139000000000000000e+03,2.139000000000000000e+03,2.139000000000000000e+03,2.139000000000000000e+03,2.139000000000000000e+03,2.139000000000000000e+03,2.139000000000000000e+03,2.139000000000000000e+03,2.139000000000000000e+03,2.139000000000000000e+03,2.139000000000000000e+03,2.139000000000000000e+03,2.139000000000000000e+03,2.139000000000000000e+03,2.139000000000000000e+03,2.139000000000000000e+03,2.139000000000000000e+03,2.139000000000000000e+03,2.139000000000000000e+03,2.139000000000000000e+03,2.139000000000000000e+03,2.139000000000000000e+03,2.139000000000000000e+03,2.139000000000000000e+03,2.139000000000000000e+03,2.139000000000000000e+03,2.139000000000000000e+03,2.139000000000000000e+03,2.139000000000000000e+03,2.139000000000000000e+03,2.139000000000000000e+03,2.139000000000000000e+03,2.139000000000000000e+03,2.139000000000000000e+03,2.139000000000000000e+03,2.139000000000000000e+03,2.139000000000000000e+03,2.139000000000000000e+03,2.139000000000000000e+03,2.139000000000000000e+03,2.139000000000000000e+03,2.139000000000000000e+03,2.139000000000000000e+03,2.139000000000000000e+03,2.139000000000000000e+03,2.139000000000000000e+03,2.139000000000000000e+03,2.139000000000000000e+03,2.139000000000000000e+03,2.139000000000000000e+03,2.139000000000000000e+03,2.139000000000000000e+03,2.139000000000000000e+03,2.139000000000000000e+03,2.139000000000000000e+03,2.139000000000000000e+03,2.139000000000000000e+03,2.139000000000000000e+03,2.139000000000000000e+03,2.139000000000000000e+03,2.139000000000000000e+03,2.139000000000000000e+03,2.140000000000000000e+03,2.140000000000000000e+03,2.140000000000000000e+03,2.140000000000000000e+03,2.140000000000000000e+03,2.140000000000000000e+03,2.140000000000000000e+03,2.140000000000000000e+03,2.140000000000000000e+03,2.140000000000000000e+03,2.140000000000000000e+03,2.140000000000000000e+03,2.140000000000000000e+03,2.140000000000000000e+03,2.140000000000000000e+03,2.140000000000000000e+03,2.140000000000000000e+03,2.140000000000000000e+03,2.140000000000000000e+03,2.140000000000000000e+03,2.140000000000000000e+03,2.140000000000000000e+03,2.140000000000000000e+03,2.140000000000000000e+03,2.140000000000000000e+03,2.140000000000000000e+03,2.140000000000000000e+03,2.140000000000000000e+03,2.140000000000000000e+03,2.140000000000000000e+03,2.140000000000000000e+03,2.140000000000000000e+03,2.140000000000000000e+03,2.140000000000000000e+03,2.140000000000000000e+03,2.140000000000000000e+03,2.140000000000000000e+03,2.140000000000000000e+03,2.140000000000000000e+03,2.140000000000000000e+03,2.140000000000000000e+03,2.140000000000000000e+03,2.140000000000000000e+03,2.140000000000000000e+03,2.140000000000000000e+03,2.140000000000000000e+03,2.140000000000000000e+03,2.140000000000000000e+03,2.140000000000000000e+03,2.140000000000000000e+03,2.140000000000000000e+03,2.140000000000000000e+03,2.140000000000000000e+03,2.140000000000000000e+03,2.140000000000000000e+03,2.140000000000000000e+03,2.140000000000000000e+03,2.140000000000000000e+03,2.140000000000000000e+03,2.140000000000000000e+03,2.140000000000000000e+03,2.140000000000000000e+03,2.140000000000000000e+03,2.140000000000000000e+03,2.140000000000000000e+03,2.140000000000000000e+03,2.140000000000000000e+03,2.140000000000000000e+03,2.140000000000000000e+03,2.140000000000000000e+03,2.140000000000000000e+03,2.140000000000000000e+03,2.140000000000000000e+03,2.140000000000000000e+03,2.140000000000000000e+03,2.140000000000000000e+03,2.140000000000000000e+03,2.140000000000000000e+03,2.140000000000000000e+03,2.140000000000000000e+03,2.140000000000000000e+03,2.140000000000000000e+03,2.140000000000000000e+03,2.140000000000000000e+03,2.140000000000000000e+03,2.140000000000000000e+03,2.140000000000000000e+03,2.140000000000000000e+03,2.140000000000000000e+03,2.140000000000000000e+03,2.140000000000000000e+03,2.140000000000000000e+03,2.140000000000000000e+03,2.140000000000000000e+03,2.140000000000000000e+03,2.140000000000000000e+03,2.140000000000000000e+03,2.140000000000000000e+03,2.140000000000000000e+03,2.140000000000000000e+03,2.140000000000000000e+03,2.140000000000000000e+03,2.140000000000000000e+03,2.140000000000000000e+03,2.140000000000000000e+03,2.140000000000000000e+03,2.140000000000000000e+03,2.140000000000000000e+03,2.140000000000000000e+03,2.140000000000000000e+03,2.140000000000000000e+03,2.140000000000000000e+03,2.140000000000000000e+03,2.140000000000000000e+03,2.140000000000000000e+03,2.140000000000000000e+03,2.140000000000000000e+03,2.140000000000000000e+03,2.140000000000000000e+03,2.140000000000000000e+03,2.140000000000000000e+03,2.140000000000000000e+03,2.140000000000000000e+03,2.140000000000000000e+03,2.140000000000000000e+03,2.141000000000000000e+03,2.141000000000000000e+03,2.141000000000000000e+03,2.141000000000000000e+03,2.141000000000000000e+03,2.141000000000000000e+03,2.141000000000000000e+03,2.141000000000000000e+03,2.141000000000000000e+03,2.141000000000000000e+03,2.141000000000000000e+03,2.141000000000000000e+03,2.141000000000000000e+03,2.141000000000000000e+03,2.141000000000000000e+03,2.141000000000000000e+03,2.141000000000000000e+03,2.141000000000000000e+03,2.141000000000000000e+03,2.141000000000000000e+03,2.141000000000000000e+03,2.141000000000000000e+03,2.141000000000000000e+03,2.141000000000000000e+03,2.141000000000000000e+03,2.141000000000000000e+03,2.141000000000000000e+03,2.141000000000000000e+03,2.141000000000000000e+03,2.141000000000000000e+03,2.141000000000000000e+03,2.141000000000000000e+03,2.141000000000000000e+03,2.141000000000000000e+03,2.141000000000000000e+03,2.141000000000000000e+03,2.141000000000000000e+03,2.141000000000000000e+03,2.141000000000000000e+03,2.141000000000000000e+03,2.141000000000000000e+03,2.141000000000000000e+03,2.141000000000000000e+03,2.141000000000000000e+03,2.141000000000000000e+03,2.141000000000000000e+03,2.141000000000000000e+03,2.141000000000000000e+03,2.141000000000000000e+03,2.141000000000000000e+03,2.141000000000000000e+03,2.141000000000000000e+03,2.141000000000000000e+03,2.141000000000000000e+03,2.141000000000000000e+03,2.141000000000000000e+03,2.141000000000000000e+03,2.141000000000000000e+03,2.141000000000000000e+03,2.141000000000000000e+03,2.141000000000000000e+03,2.141000000000000000e+03,2.141000000000000000e+03,2.141000000000000000e+03,2.141000000000000000e+03,2.141000000000000000e+03,2.141000000000000000e+03,2.141000000000000000e+03,2.141000000000000000e+03,2.141000000000000000e+03,2.141000000000000000e+03,2.141000000000000000e+03,2.141000000000000000e+03,2.141000000000000000e+03,2.141000000000000000e+03,2.141000000000000000e+03,2.141000000000000000e+03,2.141000000000000000e+03,2.141000000000000000e+03,2.141000000000000000e+03,2.141000000000000000e+03,2.141000000000000000e+03,2.141000000000000000e+03,2.141000000000000000e+03,2.141000000000000000e+03,2.141000000000000000e+03,2.141000000000000000e+03,2.141000000000000000e+03,2.141000000000000000e+03,2.141000000000000000e+03,2.141000000000000000e+03,2.141000000000000000e+03,2.141000000000000000e+03,2.141000000000000000e+03,2.141000000000000000e+03,2.141000000000000000e+03,2.141000000000000000e+03,2.141000000000000000e+03,2.141000000000000000e+03,2.141000000000000000e+03,2.141000000000000000e+03,2.141000000000000000e+03,2.141000000000000000e+03,2.141000000000000000e+03,2.141000000000000000e+03,2.141000000000000000e+03,2.141000000000000000e+03,2.141000000000000000e+03,2.141000000000000000e+03,2.141000000000000000e+03,2.141000000000000000e+03,2.141000000000000000e+03,2.141000000000000000e+03,2.141000000000000000e+03,2.141000000000000000e+03,2.141000000000000000e+03,2.141000000000000000e+03,2.141000000000000000e+03,2.141000000000000000e+03,2.141000000000000000e+03,2.141000000000000000e+03,2.141000000000000000e+03,2.141000000000000000e+03,2.141000000000000000e+03,2.141000000000000000e+03,2.141000000000000000e+03,2.142000000000000000e+03,2.142000000000000000e+03,2.142000000000000000e+03,2.142000000000000000e+03,2.142000000000000000e+03,2.142000000000000000e+03,2.142000000000000000e+03,2.142000000000000000e+03,2.142000000000000000e+03,2.142000000000000000e+03,2.142000000000000000e+03,2.142000000000000000e+03,2.142000000000000000e+03,2.142000000000000000e+03,2.142000000000000000e+03,2.142000000000000000e+03,2.142000000000000000e+03,2.142000000000000000e+03,2.142000000000000000e+03,2.142000000000000000e+03,2.142000000000000000e+03,2.142000000000000000e+03,2.142000000000000000e+03,2.142000000000000000e+03,2.142000000000000000e+03,2.142000000000000000e+03,2.142000000000000000e+03,2.142000000000000000e+03,2.142000000000000000e+03,2.142000000000000000e+03,2.142000000000000000e+03,2.142000000000000000e+03,2.142000000000000000e+03,2.142000000000000000e+03,2.142000000000000000e+03,2.142000000000000000e+03,2.142000000000000000e+03,2.142000000000000000e+03,2.142000000000000000e+03,2.142000000000000000e+03,2.142000000000000000e+03,2.142000000000000000e+03,2.142000000000000000e+03,2.142000000000000000e+03,2.142000000000000000e+03,2.142000000000000000e+03,2.142000000000000000e+03,2.142000000000000000e+03,2.142000000000000000e+03,2.142000000000000000e+03,2.142000000000000000e+03,2.142000000000000000e+03,2.142000000000000000e+03,2.142000000000000000e+03,2.142000000000000000e+03,2.142000000000000000e+03,2.142000000000000000e+03,2.142000000000000000e+03,2.142000000000000000e+03,2.142000000000000000e+03,2.142000000000000000e+03,2.142000000000000000e+03,2.142000000000000000e+03,2.142000000000000000e+03,2.142000000000000000e+03,2.142000000000000000e+03,2.142000000000000000e+03,2.142000000000000000e+03,2.142000000000000000e+03,2.142000000000000000e+03,2.142000000000000000e+03,2.142000000000000000e+03,2.142000000000000000e+03,2.142000000000000000e+03,2.142000000000000000e+03,2.142000000000000000e+03,2.142000000000000000e+03,2.142000000000000000e+03,2.142000000000000000e+03,2.142000000000000000e+03,2.142000000000000000e+03,2.142000000000000000e+03,2.142000000000000000e+03,2.142000000000000000e+03,2.142000000000000000e+03,2.142000000000000000e+03,2.142000000000000000e+03,2.142000000000000000e+03,2.142000000000000000e+03,2.142000000000000000e+03,2.142000000000000000e+03,2.142000000000000000e+03,2.142000000000000000e+03,2.142000000000000000e+03,2.142000000000000000e+03,2.142000000000000000e+03,2.142000000000000000e+03,2.142000000000000000e+03,2.142000000000000000e+03,2.142000000000000000e+03,2.142000000000000000e+03,2.142000000000000000e+03,2.142000000000000000e+03,2.142000000000000000e+03,2.142000000000000000e+03,2.142000000000000000e+03,2.142000000000000000e+03,2.142000000000000000e+03,2.142000000000000000e+03,2.142000000000000000e+03,2.142000000000000000e+03,2.142000000000000000e+03,2.142000000000000000e+03,2.142000000000000000e+03,2.142000000000000000e+03,2.142000000000000000e+03,2.142000000000000000e+03,2.142000000000000000e+03,2.142000000000000000e+03,2.142000000000000000e+03,2.142000000000000000e+03,2.142000000000000000e+03,2.142000000000000000e+03,2.142000000000000000e+03,2.142000000000000000e+03,2.143000000000000000e+03,2.143000000000000000e+03,2.143000000000000000e+03,2.143000000000000000e+03,2.143000000000000000e+03,2.143000000000000000e+03,2.143000000000000000e+03,2.143000000000000000e+03,2.143000000000000000e+03,2.143000000000000000e+03,2.143000000000000000e+03,2.143000000000000000e+03,2.143000000000000000e+03,2.143000000000000000e+03,2.143000000000000000e+03,2.143000000000000000e+03,2.143000000000000000e+03,2.143000000000000000e+03,2.143000000000000000e+03,2.143000000000000000e+03,2.143000000000000000e+03,2.143000000000000000e+03,2.143000000000000000e+03,2.143000000000000000e+03,2.143000000000000000e+03,2.143000000000000000e+03,2.143000000000000000e+03,2.143000000000000000e+03,2.143000000000000000e+03,2.143000000000000000e+03,2.143000000000000000e+03,2.143000000000000000e+03,2.143000000000000000e+03,2.143000000000000000e+03,2.143000000000000000e+03,2.143000000000000000e+03,2.143000000000000000e+03,2.143000000000000000e+03,2.143000000000000000e+03,2.143000000000000000e+03,2.143000000000000000e+03,2.143000000000000000e+03,2.143000000000000000e+03,2.143000000000000000e+03,2.143000000000000000e+03,2.143000000000000000e+03,2.143000000000000000e+03,2.143000000000000000e+03,2.143000000000000000e+03,2.143000000000000000e+03,2.143000000000000000e+03,2.143000000000000000e+03,2.143000000000000000e+03,2.143000000000000000e+03,2.143000000000000000e+03,2.143000000000000000e+03,2.143000000000000000e+03,2.143000000000000000e+03,2.143000000000000000e+03,2.143000000000000000e+03,2.143000000000000000e+03,2.143000000000000000e+03,2.143000000000000000e+03,2.143000000000000000e+03,2.143000000000000000e+03,2.143000000000000000e+03,2.143000000000000000e+03,2.143000000000000000e+03,2.143000000000000000e+03,2.143000000000000000e+03,2.143000000000000000e+03,2.143000000000000000e+03,2.143000000000000000e+03,2.143000000000000000e+03,2.143000000000000000e+03,2.143000000000000000e+03,2.143000000000000000e+03,2.143000000000000000e+03,2.143000000000000000e+03,2.143000000000000000e+03,2.143000000000000000e+03,2.143000000000000000e+03,2.143000000000000000e+03,2.143000000000000000e+03,2.143000000000000000e+03,2.143000000000000000e+03,2.143000000000000000e+03,2.143000000000000000e+03,2.143000000000000000e+03,2.143000000000000000e+03,2.143000000000000000e+03,2.143000000000000000e+03,2.143000000000000000e+03,2.143000000000000000e+03,2.143000000000000000e+03,2.143000000000000000e+03,2.143000000000000000e+03,2.143000000000000000e+03,2.143000000000000000e+03,2.143000000000000000e+03,2.143000000000000000e+03,2.143000000000000000e+03,2.143000000000000000e+03,2.143000000000000000e+03,2.143000000000000000e+03,2.143000000000000000e+03,2.143000000000000000e+03,2.143000000000000000e+03,2.143000000000000000e+03,2.143000000000000000e+03,2.143000000000000000e+03,2.143000000000000000e+03,2.143000000000000000e+03,2.143000000000000000e+03,2.143000000000000000e+03,2.143000000000000000e+03,2.143000000000000000e+03,2.143000000000000000e+03,2.143000000000000000e+03,2.143000000000000000e+03,2.143000000000000000e+03,2.143000000000000000e+03,2.143000000000000000e+03,2.143000000000000000e+03,2.143000000000000000e+03,2.143000000000000000e+03,2.144000000000000000e+03,2.144000000000000000e+03,2.144000000000000000e+03,2.144000000000000000e+03,2.144000000000000000e+03,2.144000000000000000e+03,2.144000000000000000e+03,2.144000000000000000e+03,2.144000000000000000e+03,2.144000000000000000e+03,2.144000000000000000e+03,2.144000000000000000e+03,2.144000000000000000e+03,2.144000000000000000e+03,2.144000000000000000e+03,2.144000000000000000e+03,2.144000000000000000e+03,2.144000000000000000e+03,2.144000000000000000e+03,2.144000000000000000e+03,2.144000000000000000e+03,2.144000000000000000e+03,2.144000000000000000e+03,2.144000000000000000e+03,2.144000000000000000e+03,2.144000000000000000e+03,2.144000000000000000e+03,2.144000000000000000e+03,2.144000000000000000e+03,2.144000000000000000e+03,2.144000000000000000e+03,2.144000000000000000e+03,2.144000000000000000e+03,2.144000000000000000e+03,2.144000000000000000e+03,2.144000000000000000e+03,2.144000000000000000e+03,2.144000000000000000e+03,2.144000000000000000e+03,2.144000000000000000e+03,2.144000000000000000e+03,2.144000000000000000e+03,2.144000000000000000e+03,2.144000000000000000e+03,2.144000000000000000e+03,2.144000000000000000e+03,2.144000000000000000e+03,2.144000000000000000e+03,2.144000000000000000e+03,2.144000000000000000e+03,2.144000000000000000e+03,2.144000000000000000e+03,2.144000000000000000e+03,2.144000000000000000e+03,2.144000000000000000e+03,2.144000000000000000e+03,2.144000000000000000e+03,2.144000000000000000e+03,2.144000000000000000e+03,2.144000000000000000e+03,2.144000000000000000e+03,2.144000000000000000e+03,2.144000000000000000e+03,2.144000000000000000e+03,2.144000000000000000e+03,2.144000000000000000e+03,2.144000000000000000e+03,2.144000000000000000e+03,2.144000000000000000e+03,2.144000000000000000e+03,2.144000000000000000e+03,2.144000000000000000e+03,2.144000000000000000e+03,2.144000000000000000e+03,2.144000000000000000e+03,2.144000000000000000e+03,2.144000000000000000e+03,2.144000000000000000e+03,2.144000000000000000e+03,2.144000000000000000e+03,2.144000000000000000e+03,2.144000000000000000e+03,2.144000000000000000e+03,2.144000000000000000e+03,2.144000000000000000e+03,2.144000000000000000e+03,2.144000000000000000e+03,2.144000000000000000e+03,2.144000000000000000e+03,2.144000000000000000e+03,2.144000000000000000e+03,2.144000000000000000e+03,2.144000000000000000e+03,2.144000000000000000e+03,2.144000000000000000e+03,2.144000000000000000e+03,2.144000000000000000e+03,2.144000000000000000e+03,2.144000000000000000e+03,2.144000000000000000e+03,2.144000000000000000e+03,2.144000000000000000e+03,2.144000000000000000e+03,2.144000000000000000e+03,2.144000000000000000e+03,2.144000000000000000e+03,2.144000000000000000e+03,2.144000000000000000e+03,2.144000000000000000e+03,2.144000000000000000e+03,2.144000000000000000e+03,2.144000000000000000e+03,2.144000000000000000e+03,2.144000000000000000e+03,2.144000000000000000e+03,2.144000000000000000e+03,2.144000000000000000e+03,2.144000000000000000e+03,2.144000000000000000e+03,2.144000000000000000e+03,2.144000000000000000e+03,2.144000000000000000e+03,2.144000000000000000e+03,2.144000000000000000e+03,2.144000000000000000e+03,2.144000000000000000e+03,2.145000000000000000e+03,2.145000000000000000e+03,2.145000000000000000e+03,2.145000000000000000e+03,2.145000000000000000e+03,2.145000000000000000e+03,2.145000000000000000e+03,2.145000000000000000e+03,2.145000000000000000e+03,2.145000000000000000e+03,2.145000000000000000e+03,2.145000000000000000e+03,2.145000000000000000e+03,2.145000000000000000e+03,2.145000000000000000e+03,2.145000000000000000e+03,2.145000000000000000e+03,2.145000000000000000e+03,2.145000000000000000e+03,2.145000000000000000e+03,2.145000000000000000e+03,2.145000000000000000e+03,2.145000000000000000e+03,2.145000000000000000e+03,2.145000000000000000e+03,2.145000000000000000e+03,2.145000000000000000e+03,2.145000000000000000e+03,2.145000000000000000e+03,2.145000000000000000e+03,2.145000000000000000e+03,2.145000000000000000e+03,2.145000000000000000e+03,2.145000000000000000e+03,2.145000000000000000e+03,2.145000000000000000e+03,2.145000000000000000e+03,2.145000000000000000e+03,2.145000000000000000e+03,2.145000000000000000e+03,2.145000000000000000e+03,2.145000000000000000e+03,2.145000000000000000e+03,2.145000000000000000e+03,2.145000000000000000e+03,2.145000000000000000e+03,2.145000000000000000e+03,2.145000000000000000e+03,2.145000000000000000e+03,2.145000000000000000e+03,2.145000000000000000e+03,2.145000000000000000e+03,2.145000000000000000e+03,2.145000000000000000e+03,2.145000000000000000e+03,2.145000000000000000e+03,2.145000000000000000e+03,2.145000000000000000e+03,2.145000000000000000e+03,2.145000000000000000e+03,2.145000000000000000e+03,2.145000000000000000e+03,2.145000000000000000e+03,2.145000000000000000e+03,2.145000000000000000e+03,2.145000000000000000e+03,2.145000000000000000e+03,2.145000000000000000e+03,2.145000000000000000e+03,2.145000000000000000e+03,2.145000000000000000e+03,2.145000000000000000e+03,2.145000000000000000e+03,2.145000000000000000e+03,2.145000000000000000e+03,2.145000000000000000e+03,2.145000000000000000e+03,2.145000000000000000e+03,2.145000000000000000e+03,2.145000000000000000e+03,2.145000000000000000e+03,2.145000000000000000e+03,2.145000000000000000e+03,2.145000000000000000e+03,2.145000000000000000e+03,2.145000000000000000e+03,2.145000000000000000e+03,2.145000000000000000e+03,2.145000000000000000e+03,2.145000000000000000e+03,2.145000000000000000e+03,2.145000000000000000e+03,2.145000000000000000e+03,2.145000000000000000e+03,2.145000000000000000e+03,2.145000000000000000e+03,2.145000000000000000e+03,2.145000000000000000e+03,2.145000000000000000e+03,2.145000000000000000e+03,2.145000000000000000e+03,2.145000000000000000e+03,2.145000000000000000e+03,2.145000000000000000e+03,2.145000000000000000e+03,2.145000000000000000e+03,2.145000000000000000e+03,2.145000000000000000e+03,2.145000000000000000e+03,2.145000000000000000e+03,2.145000000000000000e+03,2.145000000000000000e+03,2.145000000000000000e+03,2.145000000000000000e+03,2.145000000000000000e+03,2.145000000000000000e+03,2.145000000000000000e+03,2.145000000000000000e+03,2.145000000000000000e+03,2.145000000000000000e+03,2.145000000000000000e+03,2.145000000000000000e+03,2.145000000000000000e+03,2.145000000000000000e+03,2.145000000000000000e+03,2.145000000000000000e+03,2.146000000000000000e+03,2.146000000000000000e+03,2.146000000000000000e+03,2.146000000000000000e+03,2.146000000000000000e+03,2.146000000000000000e+03,2.146000000000000000e+03,2.146000000000000000e+03,2.146000000000000000e+03,2.146000000000000000e+03,2.146000000000000000e+03,2.146000000000000000e+03,2.146000000000000000e+03,2.146000000000000000e+03,2.146000000000000000e+03,2.146000000000000000e+03,2.146000000000000000e+03,2.146000000000000000e+03,2.146000000000000000e+03,2.146000000000000000e+03,2.146000000000000000e+03,2.146000000000000000e+03,2.146000000000000000e+03,2.146000000000000000e+03,2.146000000000000000e+03,2.146000000000000000e+03,2.146000000000000000e+03,2.146000000000000000e+03,2.146000000000000000e+03,2.146000000000000000e+03,2.146000000000000000e+03,2.146000000000000000e+03,2.146000000000000000e+03,2.146000000000000000e+03,2.146000000000000000e+03,2.146000000000000000e+03,2.146000000000000000e+03,2.146000000000000000e+03,2.146000000000000000e+03,2.146000000000000000e+03,2.146000000000000000e+03,2.146000000000000000e+03,2.146000000000000000e+03,2.146000000000000000e+03,2.146000000000000000e+03,2.146000000000000000e+03,2.146000000000000000e+03,2.146000000000000000e+03,2.146000000000000000e+03,2.146000000000000000e+03,2.146000000000000000e+03,2.146000000000000000e+03,2.146000000000000000e+03,2.146000000000000000e+03,2.146000000000000000e+03,2.146000000000000000e+03,2.146000000000000000e+03,2.146000000000000000e+03,2.146000000000000000e+03,2.146000000000000000e+03,2.146000000000000000e+03,2.146000000000000000e+03,2.146000000000000000e+03,2.146000000000000000e+03,2.146000000000000000e+03,2.146000000000000000e+03,2.146000000000000000e+03,2.146000000000000000e+03,2.146000000000000000e+03,2.146000000000000000e+03,2.146000000000000000e+03,2.146000000000000000e+03,2.146000000000000000e+03,2.146000000000000000e+03,2.146000000000000000e+03,2.146000000000000000e+03,2.146000000000000000e+03,2.146000000000000000e+03,2.146000000000000000e+03,2.146000000000000000e+03,2.146000000000000000e+03,2.146000000000000000e+03,2.146000000000000000e+03,2.146000000000000000e+03,2.146000000000000000e+03,2.146000000000000000e+03,2.146000000000000000e+03,2.146000000000000000e+03,2.146000000000000000e+03,2.146000000000000000e+03,2.146000000000000000e+03,2.146000000000000000e+03,2.146000000000000000e+03,2.146000000000000000e+03,2.146000000000000000e+03,2.146000000000000000e+03,2.146000000000000000e+03,2.146000000000000000e+03,2.146000000000000000e+03,2.146000000000000000e+03,2.146000000000000000e+03,2.146000000000000000e+03,2.146000000000000000e+03,2.146000000000000000e+03,2.146000000000000000e+03,2.146000000000000000e+03,2.146000000000000000e+03,2.146000000000000000e+03,2.146000000000000000e+03,2.146000000000000000e+03,2.146000000000000000e+03,2.146000000000000000e+03,2.146000000000000000e+03,2.146000000000000000e+03,2.146000000000000000e+03,2.146000000000000000e+03,2.146000000000000000e+03,2.146000000000000000e+03,2.146000000000000000e+03,2.146000000000000000e+03,2.146000000000000000e+03,2.146000000000000000e+03,2.146000000000000000e+03,2.146000000000000000e+03,2.146000000000000000e+03,2.146000000000000000e+03,2.147000000000000000e+03,2.147000000000000000e+03,2.147000000000000000e+03,2.147000000000000000e+03,2.147000000000000000e+03,2.147000000000000000e+03,2.147000000000000000e+03,2.147000000000000000e+03,2.147000000000000000e+03,2.147000000000000000e+03,2.147000000000000000e+03,2.147000000000000000e+03,2.147000000000000000e+03,2.147000000000000000e+03,2.147000000000000000e+03,2.147000000000000000e+03,2.147000000000000000e+03,2.147000000000000000e+03,2.147000000000000000e+03,2.147000000000000000e+03,2.147000000000000000e+03,2.147000000000000000e+03,2.147000000000000000e+03,2.147000000000000000e+03,2.147000000000000000e+03,2.147000000000000000e+03,2.147000000000000000e+03,2.147000000000000000e+03,2.147000000000000000e+03,2.147000000000000000e+03,2.147000000000000000e+03,2.147000000000000000e+03,2.147000000000000000e+03,2.147000000000000000e+03,2.147000000000000000e+03,2.147000000000000000e+03,2.147000000000000000e+03,2.147000000000000000e+03,2.147000000000000000e+03,2.147000000000000000e+03,2.147000000000000000e+03,2.147000000000000000e+03,2.147000000000000000e+03,2.147000000000000000e+03,2.147000000000000000e+03,2.147000000000000000e+03,2.147000000000000000e+03,2.147000000000000000e+03,2.147000000000000000e+03,2.147000000000000000e+03,2.147000000000000000e+03,2.147000000000000000e+03,2.147000000000000000e+03,2.147000000000000000e+03,2.147000000000000000e+03,2.147000000000000000e+03,2.147000000000000000e+03,2.147000000000000000e+03,2.147000000000000000e+03,2.147000000000000000e+03,2.147000000000000000e+03,2.147000000000000000e+03,2.147000000000000000e+03,2.147000000000000000e+03,2.147000000000000000e+03,2.147000000000000000e+03,2.147000000000000000e+03,2.147000000000000000e+03,2.147000000000000000e+03,2.147000000000000000e+03,2.147000000000000000e+03,2.147000000000000000e+03,2.147000000000000000e+03,2.147000000000000000e+03,2.147000000000000000e+03,2.147000000000000000e+03,2.147000000000000000e+03,2.147000000000000000e+03,2.147000000000000000e+03,2.147000000000000000e+03,2.147000000000000000e+03,2.147000000000000000e+03,2.147000000000000000e+03,2.147000000000000000e+03,2.147000000000000000e+03,2.147000000000000000e+03,2.147000000000000000e+03,2.147000000000000000e+03,2.147000000000000000e+03,2.147000000000000000e+03,2.147000000000000000e+03,2.147000000000000000e+03,2.147000000000000000e+03,2.147000000000000000e+03,2.147000000000000000e+03,2.147000000000000000e+03,2.147000000000000000e+03,2.147000000000000000e+03,2.147000000000000000e+03,2.147000000000000000e+03,2.147000000000000000e+03,2.147000000000000000e+03,2.147000000000000000e+03,2.147000000000000000e+03,2.147000000000000000e+03,2.147000000000000000e+03,2.147000000000000000e+03,2.147000000000000000e+03,2.147000000000000000e+03,2.147000000000000000e+03,2.147000000000000000e+03,2.147000000000000000e+03,2.147000000000000000e+03,2.147000000000000000e+03,2.147000000000000000e+03,2.147000000000000000e+03,2.147000000000000000e+03,2.147000000000000000e+03,2.147000000000000000e+03,2.147000000000000000e+03,2.147000000000000000e+03,2.147000000000000000e+03,2.147000000000000000e+03,2.147000000000000000e+03,2.147000000000000000e+03,2.147000000000000000e+03,2.148000000000000000e+03,2.148000000000000000e+03,2.148000000000000000e+03,2.148000000000000000e+03,2.148000000000000000e+03,2.148000000000000000e+03,2.148000000000000000e+03,2.148000000000000000e+03,2.148000000000000000e+03,2.148000000000000000e+03,2.148000000000000000e+03,2.148000000000000000e+03,2.148000000000000000e+03,2.148000000000000000e+03,2.148000000000000000e+03,2.148000000000000000e+03,2.148000000000000000e+03,2.148000000000000000e+03,2.148000000000000000e+03,2.148000000000000000e+03,2.148000000000000000e+03,2.148000000000000000e+03,2.148000000000000000e+03,2.148000000000000000e+03,2.148000000000000000e+03,2.148000000000000000e+03,2.148000000000000000e+03,2.148000000000000000e+03,2.148000000000000000e+03,2.148000000000000000e+03,2.148000000000000000e+03,2.148000000000000000e+03,2.148000000000000000e+03,2.148000000000000000e+03,2.148000000000000000e+03,2.148000000000000000e+03,2.148000000000000000e+03,2.148000000000000000e+03,2.148000000000000000e+03,2.148000000000000000e+03,2.148000000000000000e+03,2.148000000000000000e+03,2.148000000000000000e+03,2.148000000000000000e+03,2.148000000000000000e+03,2.148000000000000000e+03,2.148000000000000000e+03,2.148000000000000000e+03,2.148000000000000000e+03,2.148000000000000000e+03,2.148000000000000000e+03,2.148000000000000000e+03,2.148000000000000000e+03,2.148000000000000000e+03,2.148000000000000000e+03,2.148000000000000000e+03,2.148000000000000000e+03,2.148000000000000000e+03,2.148000000000000000e+03,2.148000000000000000e+03,2.148000000000000000e+03,2.148000000000000000e+03,2.148000000000000000e+03,2.148000000000000000e+03,2.148000000000000000e+03,2.148000000000000000e+03,2.148000000000000000e+03,2.148000000000000000e+03,2.148000000000000000e+03,2.148000000000000000e+03,2.148000000000000000e+03,2.148000000000000000e+03,2.148000000000000000e+03,2.148000000000000000e+03,2.148000000000000000e+03,2.148000000000000000e+03,2.148000000000000000e+03,2.148000000000000000e+03,2.148000000000000000e+03,2.148000000000000000e+03,2.148000000000000000e+03,2.148000000000000000e+03,2.148000000000000000e+03,2.148000000000000000e+03,2.148000000000000000e+03,2.148000000000000000e+03,2.148000000000000000e+03,2.148000000000000000e+03,2.148000000000000000e+03,2.148000000000000000e+03,2.148000000000000000e+03,2.148000000000000000e+03,2.148000000000000000e+03,2.148000000000000000e+03,2.148000000000000000e+03,2.148000000000000000e+03,2.148000000000000000e+03,2.148000000000000000e+03,2.148000000000000000e+03,2.148000000000000000e+03,2.148000000000000000e+03,2.148000000000000000e+03,2.148000000000000000e+03,2.148000000000000000e+03,2.148000000000000000e+03,2.148000000000000000e+03,2.148000000000000000e+03,2.148000000000000000e+03,2.148000000000000000e+03,2.148000000000000000e+03,2.148000000000000000e+03,2.148000000000000000e+03,2.148000000000000000e+03,2.148000000000000000e+03,2.148000000000000000e+03,2.148000000000000000e+03,2.148000000000000000e+03,2.148000000000000000e+03,2.148000000000000000e+03,2.148000000000000000e+03,2.148000000000000000e+03,2.148000000000000000e+03,2.148000000000000000e+03,2.148000000000000000e+03,2.148000000000000000e+03,2.149000000000000000e+03,2.149000000000000000e+03,2.149000000000000000e+03,2.149000000000000000e+03,2.149000000000000000e+03,2.149000000000000000e+03,2.149000000000000000e+03,2.149000000000000000e+03,2.149000000000000000e+03,2.149000000000000000e+03,2.149000000000000000e+03,2.149000000000000000e+03,2.149000000000000000e+03,2.149000000000000000e+03,2.149000000000000000e+03,2.149000000000000000e+03,2.149000000000000000e+03,2.149000000000000000e+03,2.149000000000000000e+03,2.149000000000000000e+03,2.149000000000000000e+03,2.149000000000000000e+03,2.149000000000000000e+03,2.149000000000000000e+03,2.149000000000000000e+03,2.149000000000000000e+03,2.149000000000000000e+03,2.149000000000000000e+03,2.149000000000000000e+03,2.149000000000000000e+03,2.149000000000000000e+03,2.149000000000000000e+03,2.149000000000000000e+03,2.149000000000000000e+03,2.149000000000000000e+03,2.149000000000000000e+03,2.149000000000000000e+03,2.149000000000000000e+03,2.149000000000000000e+03,2.149000000000000000e+03,2.149000000000000000e+03,2.149000000000000000e+03,2.149000000000000000e+03,2.149000000000000000e+03,2.149000000000000000e+03,2.149000000000000000e+03,2.149000000000000000e+03,2.149000000000000000e+03,2.149000000000000000e+03,2.149000000000000000e+03,2.149000000000000000e+03,2.149000000000000000e+03,2.149000000000000000e+03,2.149000000000000000e+03,2.149000000000000000e+03,2.149000000000000000e+03,2.149000000000000000e+03,2.149000000000000000e+03,2.149000000000000000e+03,2.149000000000000000e+03,2.149000000000000000e+03,2.149000000000000000e+03,2.149000000000000000e+03,2.149000000000000000e+03,2.149000000000000000e+03,2.149000000000000000e+03,2.149000000000000000e+03,2.149000000000000000e+03,2.149000000000000000e+03,2.149000000000000000e+03,2.149000000000000000e+03,2.149000000000000000e+03,2.149000000000000000e+03,2.149000000000000000e+03,2.149000000000000000e+03,2.149000000000000000e+03,2.149000000000000000e+03,2.149000000000000000e+03,2.149000000000000000e+03,2.149000000000000000e+03,2.149000000000000000e+03,2.149000000000000000e+03,2.149000000000000000e+03,2.149000000000000000e+03,2.149000000000000000e+03,2.149000000000000000e+03,2.149000000000000000e+03,2.149000000000000000e+03,2.149000000000000000e+03,2.149000000000000000e+03,2.149000000000000000e+03,2.149000000000000000e+03,2.149000000000000000e+03,2.149000000000000000e+03,2.149000000000000000e+03,2.149000000000000000e+03,2.149000000000000000e+03,2.149000000000000000e+03,2.149000000000000000e+03,2.149000000000000000e+03,2.149000000000000000e+03,2.149000000000000000e+03,2.149000000000000000e+03,2.149000000000000000e+03,2.149000000000000000e+03,2.149000000000000000e+03,2.149000000000000000e+03,2.149000000000000000e+03,2.149000000000000000e+03,2.149000000000000000e+03,2.149000000000000000e+03,2.149000000000000000e+03,2.149000000000000000e+03,2.149000000000000000e+03,2.149000000000000000e+03,2.149000000000000000e+03,2.149000000000000000e+03,2.149000000000000000e+03,2.149000000000000000e+03,2.149000000000000000e+03,2.149000000000000000e+03,2.149000000000000000e+03,2.149000000000000000e+03,2.149000000000000000e+03,2.149000000000000000e+03,2.149000000000000000e+03,2.150000000000000000e+03,2.150000000000000000e+03,2.150000000000000000e+03,2.150000000000000000e+03,2.150000000000000000e+03,2.150000000000000000e+03,2.150000000000000000e+03,2.150000000000000000e+03,2.150000000000000000e+03,2.150000000000000000e+03,2.150000000000000000e+03,2.150000000000000000e+03,2.150000000000000000e+03,2.150000000000000000e+03,2.150000000000000000e+03,2.150000000000000000e+03,2.150000000000000000e+03,2.150000000000000000e+03,2.150000000000000000e+03,2.150000000000000000e+03,2.150000000000000000e+03,2.150000000000000000e+03,2.150000000000000000e+03,2.150000000000000000e+03,2.150000000000000000e+03,2.150000000000000000e+03,2.150000000000000000e+03,2.150000000000000000e+03,2.150000000000000000e+03,2.150000000000000000e+03,2.150000000000000000e+03,2.150000000000000000e+03,2.150000000000000000e+03,2.150000000000000000e+03,2.150000000000000000e+03,2.150000000000000000e+03,2.150000000000000000e+03,2.150000000000000000e+03,2.150000000000000000e+03,2.150000000000000000e+03,2.150000000000000000e+03,2.150000000000000000e+03,2.150000000000000000e+03,2.150000000000000000e+03,2.150000000000000000e+03,2.150000000000000000e+03,2.150000000000000000e+03,2.150000000000000000e+03,2.150000000000000000e+03,2.150000000000000000e+03,2.150000000000000000e+03,2.150000000000000000e+03,2.150000000000000000e+03,2.150000000000000000e+03,2.150000000000000000e+03,2.150000000000000000e+03,2.150000000000000000e+03,2.150000000000000000e+03,2.150000000000000000e+03,2.150000000000000000e+03,2.150000000000000000e+03,2.150000000000000000e+03,2.150000000000000000e+03,2.150000000000000000e+03,2.150000000000000000e+03,2.150000000000000000e+03,2.150000000000000000e+03,2.150000000000000000e+03,2.150000000000000000e+03,2.150000000000000000e+03,2.150000000000000000e+03,2.150000000000000000e+03,2.150000000000000000e+03,2.150000000000000000e+03,2.150000000000000000e+03,2.150000000000000000e+03,2.150000000000000000e+03,2.150000000000000000e+03,2.150000000000000000e+03,2.150000000000000000e+03,2.150000000000000000e+03,2.150000000000000000e+03,2.150000000000000000e+03,2.150000000000000000e+03,2.150000000000000000e+03,2.150000000000000000e+03,2.150000000000000000e+03,2.150000000000000000e+03,2.150000000000000000e+03,2.150000000000000000e+03,2.150000000000000000e+03,2.150000000000000000e+03,2.150000000000000000e+03,2.150000000000000000e+03,2.150000000000000000e+03,2.150000000000000000e+03,2.150000000000000000e+03,2.150000000000000000e+03,2.150000000000000000e+03,2.150000000000000000e+03,2.150000000000000000e+03,2.150000000000000000e+03,2.150000000000000000e+03,2.150000000000000000e+03,2.150000000000000000e+03,2.150000000000000000e+03,2.150000000000000000e+03,2.150000000000000000e+03,2.150000000000000000e+03,2.150000000000000000e+03,2.150000000000000000e+03,2.150000000000000000e+03,2.150000000000000000e+03,2.150000000000000000e+03,2.150000000000000000e+03,2.150000000000000000e+03,2.150000000000000000e+03,2.150000000000000000e+03,2.150000000000000000e+03,2.150000000000000000e+03,2.150000000000000000e+03,2.150000000000000000e+03,2.150000000000000000e+03,2.150000000000000000e+03,2.150000000000000000e+03,2.150000000000000000e+03,2.151000000000000000e+03,2.151000000000000000e+03,2.151000000000000000e+03,2.151000000000000000e+03,2.151000000000000000e+03,2.151000000000000000e+03,2.151000000000000000e+03,2.151000000000000000e+03,2.151000000000000000e+03,2.151000000000000000e+03,2.151000000000000000e+03,2.151000000000000000e+03,2.151000000000000000e+03,2.151000000000000000e+03,2.151000000000000000e+03,2.151000000000000000e+03,2.151000000000000000e+03,2.151000000000000000e+03,2.151000000000000000e+03,2.151000000000000000e+03,2.151000000000000000e+03,2.151000000000000000e+03,2.151000000000000000e+03,2.151000000000000000e+03,2.151000000000000000e+03,2.151000000000000000e+03,2.151000000000000000e+03,2.151000000000000000e+03,2.151000000000000000e+03,2.151000000000000000e+03,2.151000000000000000e+03,2.151000000000000000e+03,2.151000000000000000e+03,2.151000000000000000e+03,2.151000000000000000e+03,2.151000000000000000e+03,2.151000000000000000e+03,2.151000000000000000e+03,2.151000000000000000e+03,2.151000000000000000e+03,2.151000000000000000e+03,2.151000000000000000e+03,2.151000000000000000e+03,2.151000000000000000e+03,2.151000000000000000e+03,2.151000000000000000e+03,2.151000000000000000e+03,2.151000000000000000e+03,2.151000000000000000e+03,2.151000000000000000e+03,2.151000000000000000e+03,2.151000000000000000e+03,2.151000000000000000e+03,2.151000000000000000e+03,2.151000000000000000e+03,2.151000000000000000e+03,2.151000000000000000e+03,2.151000000000000000e+03,2.151000000000000000e+03,2.151000000000000000e+03,2.151000000000000000e+03,2.151000000000000000e+03,2.151000000000000000e+03,2.151000000000000000e+03,2.151000000000000000e+03,2.151000000000000000e+03,2.151000000000000000e+03,2.151000000000000000e+03,2.151000000000000000e+03,2.151000000000000000e+03,2.151000000000000000e+03,2.151000000000000000e+03,2.151000000000000000e+03,2.151000000000000000e+03,2.151000000000000000e+03,2.151000000000000000e+03,2.151000000000000000e+03,2.151000000000000000e+03,2.151000000000000000e+03,2.151000000000000000e+03,2.151000000000000000e+03,2.151000000000000000e+03,2.151000000000000000e+03,2.151000000000000000e+03,2.151000000000000000e+03,2.151000000000000000e+03,2.151000000000000000e+03,2.151000000000000000e+03,2.151000000000000000e+03,2.151000000000000000e+03,2.151000000000000000e+03,2.151000000000000000e+03,2.151000000000000000e+03,2.151000000000000000e+03,2.151000000000000000e+03,2.151000000000000000e+03,2.151000000000000000e+03,2.151000000000000000e+03,2.151000000000000000e+03,2.151000000000000000e+03,2.151000000000000000e+03,2.151000000000000000e+03,2.151000000000000000e+03,2.151000000000000000e+03,2.151000000000000000e+03,2.151000000000000000e+03,2.151000000000000000e+03,2.151000000000000000e+03,2.151000000000000000e+03,2.151000000000000000e+03,2.151000000000000000e+03,2.151000000000000000e+03,2.151000000000000000e+03,2.151000000000000000e+03,2.151000000000000000e+03,2.151000000000000000e+03,2.151000000000000000e+03,2.151000000000000000e+03,2.151000000000000000e+03,2.151000000000000000e+03,2.151000000000000000e+03,2.151000000000000000e+03,2.151000000000000000e+03,2.151000000000000000e+03,2.151000000000000000e+03,2.152000000000000000e+03,2.152000000000000000e+03,2.152000000000000000e+03,2.152000000000000000e+03,2.152000000000000000e+03,2.152000000000000000e+03,2.152000000000000000e+03,2.152000000000000000e+03,2.152000000000000000e+03,2.152000000000000000e+03,2.152000000000000000e+03,2.152000000000000000e+03,2.152000000000000000e+03,2.152000000000000000e+03,2.152000000000000000e+03,2.152000000000000000e+03,2.152000000000000000e+03,2.152000000000000000e+03,2.152000000000000000e+03,2.152000000000000000e+03,2.152000000000000000e+03,2.152000000000000000e+03,2.152000000000000000e+03,2.152000000000000000e+03,2.152000000000000000e+03,2.152000000000000000e+03,2.152000000000000000e+03,2.152000000000000000e+03,2.152000000000000000e+03,2.152000000000000000e+03,2.152000000000000000e+03,2.152000000000000000e+03,2.152000000000000000e+03,2.152000000000000000e+03,2.152000000000000000e+03,2.152000000000000000e+03,2.152000000000000000e+03,2.152000000000000000e+03,2.152000000000000000e+03,2.152000000000000000e+03,2.152000000000000000e+03,2.152000000000000000e+03,2.152000000000000000e+03,2.152000000000000000e+03,2.152000000000000000e+03,2.152000000000000000e+03,2.152000000000000000e+03,2.152000000000000000e+03,2.152000000000000000e+03,2.152000000000000000e+03,2.152000000000000000e+03,2.152000000000000000e+03,2.152000000000000000e+03,2.152000000000000000e+03,2.152000000000000000e+03,2.152000000000000000e+03,2.152000000000000000e+03,2.152000000000000000e+03,2.152000000000000000e+03,2.152000000000000000e+03,2.152000000000000000e+03,2.152000000000000000e+03,2.152000000000000000e+03,2.152000000000000000e+03,2.152000000000000000e+03,2.152000000000000000e+03,2.152000000000000000e+03,2.152000000000000000e+03,2.152000000000000000e+03,2.152000000000000000e+03,2.152000000000000000e+03,2.152000000000000000e+03,2.152000000000000000e+03,2.152000000000000000e+03,2.152000000000000000e+03,2.152000000000000000e+03,2.152000000000000000e+03,2.152000000000000000e+03,2.152000000000000000e+03,2.152000000000000000e+03,2.152000000000000000e+03,2.152000000000000000e+03,2.152000000000000000e+03,2.152000000000000000e+03,2.152000000000000000e+03,2.152000000000000000e+03,2.152000000000000000e+03,2.152000000000000000e+03,2.152000000000000000e+03,2.152000000000000000e+03,2.152000000000000000e+03,2.152000000000000000e+03,2.152000000000000000e+03,2.152000000000000000e+03,2.152000000000000000e+03,2.152000000000000000e+03,2.152000000000000000e+03,2.152000000000000000e+03,2.152000000000000000e+03,2.152000000000000000e+03,2.152000000000000000e+03,2.152000000000000000e+03,2.152000000000000000e+03,2.152000000000000000e+03,2.152000000000000000e+03,2.152000000000000000e+03,2.152000000000000000e+03,2.152000000000000000e+03,2.152000000000000000e+03,2.152000000000000000e+03,2.152000000000000000e+03,2.152000000000000000e+03,2.152000000000000000e+03,2.152000000000000000e+03,2.152000000000000000e+03,2.152000000000000000e+03,2.152000000000000000e+03,2.152000000000000000e+03,2.152000000000000000e+03,2.152000000000000000e+03,2.152000000000000000e+03,2.152000000000000000e+03,2.152000000000000000e+03,2.152000000000000000e+03,2.152000000000000000e+03,2.152000000000000000e+03,2.153000000000000000e+03,2.153000000000000000e+03,2.153000000000000000e+03,2.153000000000000000e+03,2.153000000000000000e+03,2.153000000000000000e+03,2.153000000000000000e+03,2.153000000000000000e+03,2.153000000000000000e+03,2.153000000000000000e+03,2.153000000000000000e+03,2.153000000000000000e+03,2.153000000000000000e+03,2.153000000000000000e+03,2.153000000000000000e+03,2.153000000000000000e+03,2.153000000000000000e+03,2.153000000000000000e+03,2.153000000000000000e+03,2.153000000000000000e+03,2.153000000000000000e+03,2.153000000000000000e+03,2.153000000000000000e+03,2.153000000000000000e+03,2.153000000000000000e+03,2.153000000000000000e+03,2.153000000000000000e+03,2.153000000000000000e+03,2.153000000000000000e+03,2.153000000000000000e+03,2.153000000000000000e+03,2.153000000000000000e+03,2.153000000000000000e+03,2.153000000000000000e+03,2.153000000000000000e+03,2.153000000000000000e+03,2.153000000000000000e+03,2.153000000000000000e+03,2.153000000000000000e+03,2.153000000000000000e+03,2.153000000000000000e+03,2.153000000000000000e+03,2.153000000000000000e+03,2.153000000000000000e+03,2.153000000000000000e+03,2.153000000000000000e+03,2.153000000000000000e+03,2.153000000000000000e+03,2.153000000000000000e+03,2.153000000000000000e+03,2.153000000000000000e+03,2.153000000000000000e+03,2.153000000000000000e+03,2.153000000000000000e+03,2.153000000000000000e+03,2.153000000000000000e+03,2.153000000000000000e+03,2.153000000000000000e+03,2.153000000000000000e+03,2.153000000000000000e+03,2.153000000000000000e+03,2.153000000000000000e+03,2.153000000000000000e+03,2.153000000000000000e+03,2.153000000000000000e+03,2.153000000000000000e+03,2.153000000000000000e+03,2.153000000000000000e+03,2.153000000000000000e+03,2.153000000000000000e+03,2.153000000000000000e+03,2.153000000000000000e+03,2.153000000000000000e+03,2.153000000000000000e+03,2.153000000000000000e+03,2.153000000000000000e+03,2.153000000000000000e+03,2.153000000000000000e+03,2.153000000000000000e+03,2.153000000000000000e+03,2.153000000000000000e+03,2.153000000000000000e+03,2.153000000000000000e+03,2.153000000000000000e+03,2.153000000000000000e+03,2.153000000000000000e+03,2.153000000000000000e+03,2.153000000000000000e+03,2.153000000000000000e+03,2.153000000000000000e+03,2.153000000000000000e+03,2.153000000000000000e+03,2.153000000000000000e+03,2.153000000000000000e+03,2.153000000000000000e+03,2.153000000000000000e+03,2.153000000000000000e+03,2.153000000000000000e+03,2.153000000000000000e+03,2.153000000000000000e+03,2.153000000000000000e+03,2.153000000000000000e+03,2.153000000000000000e+03,2.153000000000000000e+03,2.153000000000000000e+03,2.153000000000000000e+03,2.153000000000000000e+03,2.153000000000000000e+03,2.153000000000000000e+03,2.153000000000000000e+03,2.153000000000000000e+03,2.153000000000000000e+03,2.153000000000000000e+03,2.153000000000000000e+03,2.153000000000000000e+03,2.153000000000000000e+03,2.153000000000000000e+03,2.153000000000000000e+03,2.153000000000000000e+03,2.153000000000000000e+03,2.153000000000000000e+03,2.153000000000000000e+03,2.153000000000000000e+03,2.153000000000000000e+03,2.153000000000000000e+03,2.153000000000000000e+03,2.153000000000000000e+03,2.154000000000000000e+03,2.154000000000000000e+03,2.154000000000000000e+03,2.154000000000000000e+03,2.154000000000000000e+03,2.154000000000000000e+03,2.154000000000000000e+03,2.154000000000000000e+03,2.154000000000000000e+03,2.154000000000000000e+03,2.154000000000000000e+03,2.154000000000000000e+03,2.154000000000000000e+03,2.154000000000000000e+03,2.154000000000000000e+03,2.154000000000000000e+03,2.154000000000000000e+03,2.154000000000000000e+03,2.154000000000000000e+03,2.154000000000000000e+03,2.154000000000000000e+03,2.154000000000000000e+03,2.154000000000000000e+03,2.154000000000000000e+03,2.154000000000000000e+03,2.154000000000000000e+03,2.154000000000000000e+03,2.154000000000000000e+03,2.154000000000000000e+03,2.154000000000000000e+03,2.154000000000000000e+03,2.154000000000000000e+03,2.154000000000000000e+03,2.154000000000000000e+03,2.154000000000000000e+03,2.154000000000000000e+03,2.154000000000000000e+03,2.154000000000000000e+03,2.154000000000000000e+03,2.154000000000000000e+03,2.154000000000000000e+03,2.154000000000000000e+03,2.154000000000000000e+03,2.154000000000000000e+03,2.154000000000000000e+03,2.154000000000000000e+03,2.154000000000000000e+03,2.154000000000000000e+03,2.154000000000000000e+03,2.154000000000000000e+03,2.154000000000000000e+03,2.154000000000000000e+03,2.154000000000000000e+03,2.154000000000000000e+03,2.154000000000000000e+03,2.154000000000000000e+03,2.154000000000000000e+03,2.154000000000000000e+03,2.154000000000000000e+03,2.154000000000000000e+03,2.154000000000000000e+03,2.154000000000000000e+03,2.154000000000000000e+03,2.154000000000000000e+03,2.154000000000000000e+03,2.154000000000000000e+03,2.154000000000000000e+03,2.154000000000000000e+03,2.154000000000000000e+03,2.154000000000000000e+03,2.154000000000000000e+03,2.154000000000000000e+03,2.154000000000000000e+03,2.154000000000000000e+03,2.154000000000000000e+03,2.154000000000000000e+03,2.154000000000000000e+03,2.154000000000000000e+03,2.154000000000000000e+03,2.154000000000000000e+03,2.154000000000000000e+03,2.154000000000000000e+03,2.154000000000000000e+03,2.154000000000000000e+03,2.154000000000000000e+03,2.154000000000000000e+03,2.154000000000000000e+03,2.154000000000000000e+03,2.154000000000000000e+03,2.154000000000000000e+03,2.154000000000000000e+03,2.154000000000000000e+03,2.154000000000000000e+03,2.154000000000000000e+03,2.154000000000000000e+03,2.154000000000000000e+03,2.154000000000000000e+03,2.154000000000000000e+03,2.154000000000000000e+03,2.154000000000000000e+03,2.154000000000000000e+03,2.154000000000000000e+03,2.154000000000000000e+03,2.154000000000000000e+03,2.154000000000000000e+03,2.154000000000000000e+03,2.154000000000000000e+03,2.154000000000000000e+03,2.154000000000000000e+03,2.154000000000000000e+03,2.154000000000000000e+03,2.154000000000000000e+03,2.154000000000000000e+03,2.154000000000000000e+03,2.154000000000000000e+03,2.154000000000000000e+03,2.154000000000000000e+03,2.154000000000000000e+03,2.154000000000000000e+03,2.154000000000000000e+03,2.154000000000000000e+03,2.154000000000000000e+03,2.154000000000000000e+03,2.154000000000000000e+03,2.154000000000000000e+03,2.154000000000000000e+03,2.155000000000000000e+03,2.155000000000000000e+03,2.155000000000000000e+03,2.155000000000000000e+03,2.155000000000000000e+03,2.155000000000000000e+03,2.155000000000000000e+03,2.155000000000000000e+03,2.155000000000000000e+03,2.155000000000000000e+03,2.155000000000000000e+03,2.155000000000000000e+03,2.155000000000000000e+03,2.155000000000000000e+03,2.155000000000000000e+03,2.155000000000000000e+03,2.155000000000000000e+03,2.155000000000000000e+03,2.155000000000000000e+03,2.155000000000000000e+03,2.155000000000000000e+03,2.155000000000000000e+03,2.155000000000000000e+03,2.155000000000000000e+03,2.155000000000000000e+03,2.155000000000000000e+03,2.155000000000000000e+03,2.155000000000000000e+03,2.155000000000000000e+03,2.155000000000000000e+03,2.155000000000000000e+03,2.155000000000000000e+03,2.155000000000000000e+03,2.155000000000000000e+03,2.155000000000000000e+03,2.155000000000000000e+03,2.155000000000000000e+03,2.155000000000000000e+03,2.155000000000000000e+03,2.155000000000000000e+03,2.155000000000000000e+03,2.155000000000000000e+03,2.155000000000000000e+03,2.155000000000000000e+03,2.155000000000000000e+03,2.155000000000000000e+03,2.155000000000000000e+03,2.155000000000000000e+03,2.155000000000000000e+03,2.155000000000000000e+03,2.155000000000000000e+03,2.155000000000000000e+03,2.155000000000000000e+03,2.155000000000000000e+03,2.155000000000000000e+03,2.155000000000000000e+03,2.155000000000000000e+03,2.155000000000000000e+03,2.155000000000000000e+03,2.155000000000000000e+03,2.155000000000000000e+03,2.155000000000000000e+03,2.155000000000000000e+03,2.155000000000000000e+03,2.155000000000000000e+03,2.155000000000000000e+03,2.155000000000000000e+03,2.155000000000000000e+03,2.155000000000000000e+03,2.155000000000000000e+03,2.155000000000000000e+03,2.155000000000000000e+03,2.155000000000000000e+03,2.155000000000000000e+03,2.155000000000000000e+03,2.155000000000000000e+03,2.155000000000000000e+03,2.155000000000000000e+03,2.155000000000000000e+03,2.155000000000000000e+03,2.155000000000000000e+03,2.155000000000000000e+03,2.155000000000000000e+03,2.155000000000000000e+03,2.155000000000000000e+03,2.155000000000000000e+03,2.155000000000000000e+03,2.155000000000000000e+03,2.155000000000000000e+03,2.155000000000000000e+03,2.155000000000000000e+03,2.155000000000000000e+03,2.155000000000000000e+03,2.155000000000000000e+03,2.155000000000000000e+03,2.155000000000000000e+03,2.155000000000000000e+03,2.155000000000000000e+03,2.155000000000000000e+03,2.155000000000000000e+03,2.155000000000000000e+03,2.155000000000000000e+03,2.155000000000000000e+03,2.155000000000000000e+03,2.155000000000000000e+03,2.155000000000000000e+03,2.155000000000000000e+03,2.155000000000000000e+03,2.155000000000000000e+03,2.155000000000000000e+03,2.155000000000000000e+03,2.155000000000000000e+03,2.155000000000000000e+03,2.155000000000000000e+03,2.155000000000000000e+03,2.155000000000000000e+03,2.155000000000000000e+03,2.155000000000000000e+03,2.155000000000000000e+03,2.155000000000000000e+03,2.155000000000000000e+03,2.155000000000000000e+03,2.155000000000000000e+03,2.155000000000000000e+03,2.155000000000000000e+03,2.155000000000000000e+03,2.155000000000000000e+03,2.156000000000000000e+03,2.156000000000000000e+03,2.156000000000000000e+03,2.156000000000000000e+03,2.156000000000000000e+03,2.156000000000000000e+03,2.156000000000000000e+03,2.156000000000000000e+03,2.156000000000000000e+03,2.156000000000000000e+03,2.156000000000000000e+03,2.156000000000000000e+03,2.156000000000000000e+03,2.156000000000000000e+03,2.156000000000000000e+03,2.156000000000000000e+03,2.156000000000000000e+03,2.156000000000000000e+03,2.156000000000000000e+03,2.156000000000000000e+03,2.156000000000000000e+03,2.156000000000000000e+03,2.156000000000000000e+03,2.156000000000000000e+03,2.156000000000000000e+03,2.156000000000000000e+03,2.156000000000000000e+03,2.156000000000000000e+03,2.156000000000000000e+03,2.156000000000000000e+03,2.156000000000000000e+03,2.156000000000000000e+03,2.156000000000000000e+03,2.156000000000000000e+03,2.156000000000000000e+03,2.156000000000000000e+03,2.156000000000000000e+03,2.156000000000000000e+03,2.156000000000000000e+03,2.156000000000000000e+03,2.156000000000000000e+03,2.156000000000000000e+03,2.156000000000000000e+03,2.156000000000000000e+03,2.156000000000000000e+03,2.156000000000000000e+03,2.156000000000000000e+03,2.156000000000000000e+03,2.156000000000000000e+03,2.156000000000000000e+03,2.156000000000000000e+03,2.156000000000000000e+03,2.156000000000000000e+03,2.156000000000000000e+03,2.156000000000000000e+03,2.156000000000000000e+03,2.156000000000000000e+03,2.156000000000000000e+03,2.156000000000000000e+03,2.156000000000000000e+03,2.156000000000000000e+03,2.156000000000000000e+03,2.156000000000000000e+03,2.156000000000000000e+03,2.156000000000000000e+03,2.156000000000000000e+03,2.156000000000000000e+03,2.156000000000000000e+03,2.156000000000000000e+03,2.156000000000000000e+03,2.156000000000000000e+03,2.156000000000000000e+03,2.156000000000000000e+03,2.156000000000000000e+03,2.156000000000000000e+03,2.156000000000000000e+03,2.156000000000000000e+03,2.156000000000000000e+03,2.156000000000000000e+03,2.156000000000000000e+03,2.156000000000000000e+03,2.156000000000000000e+03,2.156000000000000000e+03,2.156000000000000000e+03,2.156000000000000000e+03,2.156000000000000000e+03,2.156000000000000000e+03,2.156000000000000000e+03,2.156000000000000000e+03,2.156000000000000000e+03,2.156000000000000000e+03,2.156000000000000000e+03,2.156000000000000000e+03,2.156000000000000000e+03,2.156000000000000000e+03,2.156000000000000000e+03,2.156000000000000000e+03,2.156000000000000000e+03,2.156000000000000000e+03,2.156000000000000000e+03,2.156000000000000000e+03,2.156000000000000000e+03,2.156000000000000000e+03,2.156000000000000000e+03,2.156000000000000000e+03,2.156000000000000000e+03,2.156000000000000000e+03,2.156000000000000000e+03,2.156000000000000000e+03,2.156000000000000000e+03,2.156000000000000000e+03,2.156000000000000000e+03,2.156000000000000000e+03,2.156000000000000000e+03,2.156000000000000000e+03,2.156000000000000000e+03,2.156000000000000000e+03,2.156000000000000000e+03,2.156000000000000000e+03,2.156000000000000000e+03,2.156000000000000000e+03,2.156000000000000000e+03,2.156000000000000000e+03,2.156000000000000000e+03,2.156000000000000000e+03,2.156000000000000000e+03,2.156000000000000000e+03,2.157000000000000000e+03,2.157000000000000000e+03,2.157000000000000000e+03,2.157000000000000000e+03,2.157000000000000000e+03,2.157000000000000000e+03,2.157000000000000000e+03,2.157000000000000000e+03,2.157000000000000000e+03,2.157000000000000000e+03,2.157000000000000000e+03,2.157000000000000000e+03,2.157000000000000000e+03,2.157000000000000000e+03,2.157000000000000000e+03,2.157000000000000000e+03,2.157000000000000000e+03,2.157000000000000000e+03,2.157000000000000000e+03,2.157000000000000000e+03,2.157000000000000000e+03,2.157000000000000000e+03,2.157000000000000000e+03,2.157000000000000000e+03,2.157000000000000000e+03,2.157000000000000000e+03,2.157000000000000000e+03,2.157000000000000000e+03,2.157000000000000000e+03,2.157000000000000000e+03,2.157000000000000000e+03,2.157000000000000000e+03,2.157000000000000000e+03,2.157000000000000000e+03,2.157000000000000000e+03,2.157000000000000000e+03,2.157000000000000000e+03,2.157000000000000000e+03,2.157000000000000000e+03,2.157000000000000000e+03,2.157000000000000000e+03,2.157000000000000000e+03,2.157000000000000000e+03,2.157000000000000000e+03,2.157000000000000000e+03,2.157000000000000000e+03,2.157000000000000000e+03,2.157000000000000000e+03,2.157000000000000000e+03,2.157000000000000000e+03,2.157000000000000000e+03,2.157000000000000000e+03,2.157000000000000000e+03,2.157000000000000000e+03,2.157000000000000000e+03,2.157000000000000000e+03,2.157000000000000000e+03,2.157000000000000000e+03,2.157000000000000000e+03,2.157000000000000000e+03,2.157000000000000000e+03,2.157000000000000000e+03,2.157000000000000000e+03,2.157000000000000000e+03,2.157000000000000000e+03,2.157000000000000000e+03,2.157000000000000000e+03,2.157000000000000000e+03,2.157000000000000000e+03,2.157000000000000000e+03,2.157000000000000000e+03,2.157000000000000000e+03,2.157000000000000000e+03,2.157000000000000000e+03,2.157000000000000000e+03,2.157000000000000000e+03,2.157000000000000000e+03,2.157000000000000000e+03,2.157000000000000000e+03,2.157000000000000000e+03,2.157000000000000000e+03,2.157000000000000000e+03,2.157000000000000000e+03,2.157000000000000000e+03,2.157000000000000000e+03,2.157000000000000000e+03,2.157000000000000000e+03,2.157000000000000000e+03,2.157000000000000000e+03,2.157000000000000000e+03,2.157000000000000000e+03,2.157000000000000000e+03,2.157000000000000000e+03,2.157000000000000000e+03,2.157000000000000000e+03,2.157000000000000000e+03,2.157000000000000000e+03,2.157000000000000000e+03,2.157000000000000000e+03,2.157000000000000000e+03,2.157000000000000000e+03,2.157000000000000000e+03,2.157000000000000000e+03,2.157000000000000000e+03,2.157000000000000000e+03,2.157000000000000000e+03,2.157000000000000000e+03,2.157000000000000000e+03,2.157000000000000000e+03,2.157000000000000000e+03,2.157000000000000000e+03,2.157000000000000000e+03,2.157000000000000000e+03,2.157000000000000000e+03,2.157000000000000000e+03,2.157000000000000000e+03,2.157000000000000000e+03,2.157000000000000000e+03,2.157000000000000000e+03,2.157000000000000000e+03,2.157000000000000000e+03,2.157000000000000000e+03,2.157000000000000000e+03,2.157000000000000000e+03,2.157000000000000000e+03,2.157000000000000000e+03,2.157000000000000000e+03,2.158000000000000000e+03,2.158000000000000000e+03,2.158000000000000000e+03,2.158000000000000000e+03,2.158000000000000000e+03,2.158000000000000000e+03,2.158000000000000000e+03,2.158000000000000000e+03,2.158000000000000000e+03,2.158000000000000000e+03,2.158000000000000000e+03,2.158000000000000000e+03,2.158000000000000000e+03,2.158000000000000000e+03,2.158000000000000000e+03,2.158000000000000000e+03,2.158000000000000000e+03,2.158000000000000000e+03,2.158000000000000000e+03,2.158000000000000000e+03,2.158000000000000000e+03,2.158000000000000000e+03,2.158000000000000000e+03,2.158000000000000000e+03,2.158000000000000000e+03,2.158000000000000000e+03,2.158000000000000000e+03,2.158000000000000000e+03,2.158000000000000000e+03,2.158000000000000000e+03,2.158000000000000000e+03,2.158000000000000000e+03,2.158000000000000000e+03,2.158000000000000000e+03,2.158000000000000000e+03,2.158000000000000000e+03,2.158000000000000000e+03,2.158000000000000000e+03,2.158000000000000000e+03,2.158000000000000000e+03,2.158000000000000000e+03,2.158000000000000000e+03,2.158000000000000000e+03,2.158000000000000000e+03,2.158000000000000000e+03,2.158000000000000000e+03,2.158000000000000000e+03,2.158000000000000000e+03,2.158000000000000000e+03,2.158000000000000000e+03,2.158000000000000000e+03,2.158000000000000000e+03,2.158000000000000000e+03,2.158000000000000000e+03,2.158000000000000000e+03,2.158000000000000000e+03,2.158000000000000000e+03,2.158000000000000000e+03,2.158000000000000000e+03,2.158000000000000000e+03,2.158000000000000000e+03,2.158000000000000000e+03,2.158000000000000000e+03,2.158000000000000000e+03,2.158000000000000000e+03,2.158000000000000000e+03,2.158000000000000000e+03,2.158000000000000000e+03,2.158000000000000000e+03,2.158000000000000000e+03,2.158000000000000000e+03,2.158000000000000000e+03,2.158000000000000000e+03,2.158000000000000000e+03,2.158000000000000000e+03,2.158000000000000000e+03,2.158000000000000000e+03,2.158000000000000000e+03,2.158000000000000000e+03,2.158000000000000000e+03,2.158000000000000000e+03,2.158000000000000000e+03,2.158000000000000000e+03,2.158000000000000000e+03,2.158000000000000000e+03,2.158000000000000000e+03,2.158000000000000000e+03,2.158000000000000000e+03,2.158000000000000000e+03,2.158000000000000000e+03,2.158000000000000000e+03,2.158000000000000000e+03,2.158000000000000000e+03,2.158000000000000000e+03,2.158000000000000000e+03,2.158000000000000000e+03,2.158000000000000000e+03,2.158000000000000000e+03,2.158000000000000000e+03,2.158000000000000000e+03,2.158000000000000000e+03,2.158000000000000000e+03,2.158000000000000000e+03,2.158000000000000000e+03,2.158000000000000000e+03,2.158000000000000000e+03,2.158000000000000000e+03,2.158000000000000000e+03,2.158000000000000000e+03,2.158000000000000000e+03,2.158000000000000000e+03,2.158000000000000000e+03,2.158000000000000000e+03,2.158000000000000000e+03,2.158000000000000000e+03,2.158000000000000000e+03,2.158000000000000000e+03,2.158000000000000000e+03,2.158000000000000000e+03,2.158000000000000000e+03,2.158000000000000000e+03,2.158000000000000000e+03,2.158000000000000000e+03,2.158000000000000000e+03,2.158000000000000000e+03,2.158000000000000000e+03,2.158000000000000000e+03,2.159000000000000000e+03,2.159000000000000000e+03,2.159000000000000000e+03,2.159000000000000000e+03,2.159000000000000000e+03,2.159000000000000000e+03,2.159000000000000000e+03,2.159000000000000000e+03,2.159000000000000000e+03,2.159000000000000000e+03,2.159000000000000000e+03,2.159000000000000000e+03,2.159000000000000000e+03,2.159000000000000000e+03,2.159000000000000000e+03,2.159000000000000000e+03,2.159000000000000000e+03,2.159000000000000000e+03,2.159000000000000000e+03,2.159000000000000000e+03,2.159000000000000000e+03,2.159000000000000000e+03,2.159000000000000000e+03,2.159000000000000000e+03,2.159000000000000000e+03,2.159000000000000000e+03,2.159000000000000000e+03,2.159000000000000000e+03,2.159000000000000000e+03,2.159000000000000000e+03,2.159000000000000000e+03,2.159000000000000000e+03,2.159000000000000000e+03,2.159000000000000000e+03,2.159000000000000000e+03,2.159000000000000000e+03,2.159000000000000000e+03,2.159000000000000000e+03,2.159000000000000000e+03,2.159000000000000000e+03,2.159000000000000000e+03,2.159000000000000000e+03,2.159000000000000000e+03,2.159000000000000000e+03,2.159000000000000000e+03,2.159000000000000000e+03,2.159000000000000000e+03,2.159000000000000000e+03,2.159000000000000000e+03,2.159000000000000000e+03,2.159000000000000000e+03,2.159000000000000000e+03,2.159000000000000000e+03,2.159000000000000000e+03,2.159000000000000000e+03,2.159000000000000000e+03,2.159000000000000000e+03,2.159000000000000000e+03,2.159000000000000000e+03,2.159000000000000000e+03,2.159000000000000000e+03,2.159000000000000000e+03,2.159000000000000000e+03,2.159000000000000000e+03,2.159000000000000000e+03,2.159000000000000000e+03,2.159000000000000000e+03,2.159000000000000000e+03,2.159000000000000000e+03,2.159000000000000000e+03,2.159000000000000000e+03,2.159000000000000000e+03,2.159000000000000000e+03,2.159000000000000000e+03,2.159000000000000000e+03,2.159000000000000000e+03,2.159000000000000000e+03,2.159000000000000000e+03,2.159000000000000000e+03,2.159000000000000000e+03,2.159000000000000000e+03,2.159000000000000000e+03,2.159000000000000000e+03,2.159000000000000000e+03,2.159000000000000000e+03,2.159000000000000000e+03,2.159000000000000000e+03,2.159000000000000000e+03,2.159000000000000000e+03,2.159000000000000000e+03,2.159000000000000000e+03,2.159000000000000000e+03,2.159000000000000000e+03,2.159000000000000000e+03,2.159000000000000000e+03,2.159000000000000000e+03,2.159000000000000000e+03,2.159000000000000000e+03,2.159000000000000000e+03,2.159000000000000000e+03,2.159000000000000000e+03,2.159000000000000000e+03,2.159000000000000000e+03,2.159000000000000000e+03,2.159000000000000000e+03,2.159000000000000000e+03,2.159000000000000000e+03,2.159000000000000000e+03,2.159000000000000000e+03,2.159000000000000000e+03,2.159000000000000000e+03,2.159000000000000000e+03,2.159000000000000000e+03,2.159000000000000000e+03,2.159000000000000000e+03,2.159000000000000000e+03,2.159000000000000000e+03,2.159000000000000000e+03,2.159000000000000000e+03,2.159000000000000000e+03,2.159000000000000000e+03,2.159000000000000000e+03,2.159000000000000000e+03,2.159000000000000000e+03,2.159000000000000000e+03,2.159000000000000000e+03,2.160000000000000000e+03,2.160000000000000000e+03,2.160000000000000000e+03,2.160000000000000000e+03,2.160000000000000000e+03,2.160000000000000000e+03,2.160000000000000000e+03,2.160000000000000000e+03,2.160000000000000000e+03,2.160000000000000000e+03,2.160000000000000000e+03,2.160000000000000000e+03,2.160000000000000000e+03,2.160000000000000000e+03,2.160000000000000000e+03,2.160000000000000000e+03,2.160000000000000000e+03,2.160000000000000000e+03,2.160000000000000000e+03,2.160000000000000000e+03,2.160000000000000000e+03,2.160000000000000000e+03,2.160000000000000000e+03,2.160000000000000000e+03,2.160000000000000000e+03,2.160000000000000000e+03,2.160000000000000000e+03,2.160000000000000000e+03,2.160000000000000000e+03,2.160000000000000000e+03,2.160000000000000000e+03,2.160000000000000000e+03,2.160000000000000000e+03,2.160000000000000000e+03,2.160000000000000000e+03,2.160000000000000000e+03,2.160000000000000000e+03,2.160000000000000000e+03,2.160000000000000000e+03,2.160000000000000000e+03,2.160000000000000000e+03,2.160000000000000000e+03,2.160000000000000000e+03,2.160000000000000000e+03,2.160000000000000000e+03,2.160000000000000000e+03,2.160000000000000000e+03,2.160000000000000000e+03,2.160000000000000000e+03,2.160000000000000000e+03,2.160000000000000000e+03,2.160000000000000000e+03,2.160000000000000000e+03,2.160000000000000000e+03,2.160000000000000000e+03,2.160000000000000000e+03,2.160000000000000000e+03,2.160000000000000000e+03,2.160000000000000000e+03,2.160000000000000000e+03,2.160000000000000000e+03,2.160000000000000000e+03,2.160000000000000000e+03,2.160000000000000000e+03,2.160000000000000000e+03,2.160000000000000000e+03,2.160000000000000000e+03,2.160000000000000000e+03,2.160000000000000000e+03,2.160000000000000000e+03,2.160000000000000000e+03,2.160000000000000000e+03,2.160000000000000000e+03,2.160000000000000000e+03,2.160000000000000000e+03,2.160000000000000000e+03,2.160000000000000000e+03,2.160000000000000000e+03,2.160000000000000000e+03,2.160000000000000000e+03,2.160000000000000000e+03,2.160000000000000000e+03,2.160000000000000000e+03,2.160000000000000000e+03,2.160000000000000000e+03,2.160000000000000000e+03,2.160000000000000000e+03,2.160000000000000000e+03,2.160000000000000000e+03,2.160000000000000000e+03,2.160000000000000000e+03,2.160000000000000000e+03,2.160000000000000000e+03,2.160000000000000000e+03,2.160000000000000000e+03,2.160000000000000000e+03,2.160000000000000000e+03,2.160000000000000000e+03,2.160000000000000000e+03,2.160000000000000000e+03,2.160000000000000000e+03,2.160000000000000000e+03,2.160000000000000000e+03,2.160000000000000000e+03,2.160000000000000000e+03,2.160000000000000000e+03,2.160000000000000000e+03,2.160000000000000000e+03,2.160000000000000000e+03,2.160000000000000000e+03,2.160000000000000000e+03,2.160000000000000000e+03,2.160000000000000000e+03,2.160000000000000000e+03,2.160000000000000000e+03,2.160000000000000000e+03,2.160000000000000000e+03,2.160000000000000000e+03,2.160000000000000000e+03,2.160000000000000000e+03,2.160000000000000000e+03,2.160000000000000000e+03,2.160000000000000000e+03,2.160000000000000000e+03,2.160000000000000000e+03,2.160000000000000000e+03,2.161000000000000000e+03,2.161000000000000000e+03,2.161000000000000000e+03,2.161000000000000000e+03,2.161000000000000000e+03,2.161000000000000000e+03,2.161000000000000000e+03,2.161000000000000000e+03,2.161000000000000000e+03,2.161000000000000000e+03,2.161000000000000000e+03,2.161000000000000000e+03,2.161000000000000000e+03,2.161000000000000000e+03,2.161000000000000000e+03,2.161000000000000000e+03,2.161000000000000000e+03,2.161000000000000000e+03,2.161000000000000000e+03,2.161000000000000000e+03,2.161000000000000000e+03,2.161000000000000000e+03,2.161000000000000000e+03,2.161000000000000000e+03,2.161000000000000000e+03,2.161000000000000000e+03,2.161000000000000000e+03,2.161000000000000000e+03,2.161000000000000000e+03,2.161000000000000000e+03,2.161000000000000000e+03,2.161000000000000000e+03,2.161000000000000000e+03,2.161000000000000000e+03,2.161000000000000000e+03,2.161000000000000000e+03,2.161000000000000000e+03,2.161000000000000000e+03,2.161000000000000000e+03,2.161000000000000000e+03,2.161000000000000000e+03,2.161000000000000000e+03,2.161000000000000000e+03,2.161000000000000000e+03,2.161000000000000000e+03,2.161000000000000000e+03,2.161000000000000000e+03,2.161000000000000000e+03,2.161000000000000000e+03,2.161000000000000000e+03,2.161000000000000000e+03,2.161000000000000000e+03,2.161000000000000000e+03,2.161000000000000000e+03,2.161000000000000000e+03,2.161000000000000000e+03,2.161000000000000000e+03,2.161000000000000000e+03,2.161000000000000000e+03,2.161000000000000000e+03,2.161000000000000000e+03,2.161000000000000000e+03,2.161000000000000000e+03,2.161000000000000000e+03,2.161000000000000000e+03,2.161000000000000000e+03,2.161000000000000000e+03,2.161000000000000000e+03,2.161000000000000000e+03,2.161000000000000000e+03,2.161000000000000000e+03,2.161000000000000000e+03,2.161000000000000000e+03,2.161000000000000000e+03,2.161000000000000000e+03,2.161000000000000000e+03,2.161000000000000000e+03,2.161000000000000000e+03,2.161000000000000000e+03,2.161000000000000000e+03,2.161000000000000000e+03,2.161000000000000000e+03,2.161000000000000000e+03,2.161000000000000000e+03,2.161000000000000000e+03,2.161000000000000000e+03,2.161000000000000000e+03,2.161000000000000000e+03,2.161000000000000000e+03,2.161000000000000000e+03,2.161000000000000000e+03,2.161000000000000000e+03,2.161000000000000000e+03,2.161000000000000000e+03,2.161000000000000000e+03,2.161000000000000000e+03,2.161000000000000000e+03,2.161000000000000000e+03,2.161000000000000000e+03,2.161000000000000000e+03,2.161000000000000000e+03,2.161000000000000000e+03,2.161000000000000000e+03,2.161000000000000000e+03,2.161000000000000000e+03,2.161000000000000000e+03,2.161000000000000000e+03,2.161000000000000000e+03,2.161000000000000000e+03,2.161000000000000000e+03,2.161000000000000000e+03,2.161000000000000000e+03,2.161000000000000000e+03,2.161000000000000000e+03,2.161000000000000000e+03,2.161000000000000000e+03,2.161000000000000000e+03,2.161000000000000000e+03,2.161000000000000000e+03,2.161000000000000000e+03,2.161000000000000000e+03,2.161000000000000000e+03,2.161000000000000000e+03,2.161000000000000000e+03,2.161000000000000000e+03,2.162000000000000000e+03,2.162000000000000000e+03,2.162000000000000000e+03,2.162000000000000000e+03,2.162000000000000000e+03,2.162000000000000000e+03,2.162000000000000000e+03,2.162000000000000000e+03,2.162000000000000000e+03,2.162000000000000000e+03,2.162000000000000000e+03,2.162000000000000000e+03,2.162000000000000000e+03,2.162000000000000000e+03,2.162000000000000000e+03,2.162000000000000000e+03,2.162000000000000000e+03,2.162000000000000000e+03,2.162000000000000000e+03,2.162000000000000000e+03,2.162000000000000000e+03,2.162000000000000000e+03,2.162000000000000000e+03,2.162000000000000000e+03,2.162000000000000000e+03,2.162000000000000000e+03,2.162000000000000000e+03,2.162000000000000000e+03,2.162000000000000000e+03,2.162000000000000000e+03,2.162000000000000000e+03,2.162000000000000000e+03,2.162000000000000000e+03,2.162000000000000000e+03,2.162000000000000000e+03,2.162000000000000000e+03,2.162000000000000000e+03,2.162000000000000000e+03,2.162000000000000000e+03,2.162000000000000000e+03,2.162000000000000000e+03,2.162000000000000000e+03,2.162000000000000000e+03,2.162000000000000000e+03,2.162000000000000000e+03,2.162000000000000000e+03,2.162000000000000000e+03,2.162000000000000000e+03,2.162000000000000000e+03,2.162000000000000000e+03,2.162000000000000000e+03,2.162000000000000000e+03,2.162000000000000000e+03,2.162000000000000000e+03,2.162000000000000000e+03,2.162000000000000000e+03,2.162000000000000000e+03,2.162000000000000000e+03,2.162000000000000000e+03,2.162000000000000000e+03,2.162000000000000000e+03,2.162000000000000000e+03,2.162000000000000000e+03,2.162000000000000000e+03,2.162000000000000000e+03,2.162000000000000000e+03,2.162000000000000000e+03,2.162000000000000000e+03,2.162000000000000000e+03,2.162000000000000000e+03,2.162000000000000000e+03,2.162000000000000000e+03,2.162000000000000000e+03,2.162000000000000000e+03,2.162000000000000000e+03,2.162000000000000000e+03,2.162000000000000000e+03,2.162000000000000000e+03,2.162000000000000000e+03,2.162000000000000000e+03,2.162000000000000000e+03,2.162000000000000000e+03,2.162000000000000000e+03,2.162000000000000000e+03,2.162000000000000000e+03,2.162000000000000000e+03,2.162000000000000000e+03,2.162000000000000000e+03,2.162000000000000000e+03,2.162000000000000000e+03,2.162000000000000000e+03,2.162000000000000000e+03,2.162000000000000000e+03,2.162000000000000000e+03,2.162000000000000000e+03,2.162000000000000000e+03,2.162000000000000000e+03,2.162000000000000000e+03,2.162000000000000000e+03,2.162000000000000000e+03,2.162000000000000000e+03,2.162000000000000000e+03,2.162000000000000000e+03,2.162000000000000000e+03,2.162000000000000000e+03,2.162000000000000000e+03,2.162000000000000000e+03,2.162000000000000000e+03,2.162000000000000000e+03,2.162000000000000000e+03,2.162000000000000000e+03,2.162000000000000000e+03,2.162000000000000000e+03,2.162000000000000000e+03,2.162000000000000000e+03,2.162000000000000000e+03,2.162000000000000000e+03,2.162000000000000000e+03,2.162000000000000000e+03,2.162000000000000000e+03,2.162000000000000000e+03,2.162000000000000000e+03,2.162000000000000000e+03,2.162000000000000000e+03,2.163000000000000000e+03,2.163000000000000000e+03,2.163000000000000000e+03,2.163000000000000000e+03,2.163000000000000000e+03,2.163000000000000000e+03,2.163000000000000000e+03,2.163000000000000000e+03,2.163000000000000000e+03,2.163000000000000000e+03,2.163000000000000000e+03,2.163000000000000000e+03,2.163000000000000000e+03,2.163000000000000000e+03,2.163000000000000000e+03,2.163000000000000000e+03,2.163000000000000000e+03,2.163000000000000000e+03,2.163000000000000000e+03,2.163000000000000000e+03,2.163000000000000000e+03,2.163000000000000000e+03,2.163000000000000000e+03,2.163000000000000000e+03,2.163000000000000000e+03,2.163000000000000000e+03,2.163000000000000000e+03,2.163000000000000000e+03,2.163000000000000000e+03,2.163000000000000000e+03,2.163000000000000000e+03,2.163000000000000000e+03,2.163000000000000000e+03,2.163000000000000000e+03,2.163000000000000000e+03,2.163000000000000000e+03,2.163000000000000000e+03,2.163000000000000000e+03,2.163000000000000000e+03,2.163000000000000000e+03,2.163000000000000000e+03,2.163000000000000000e+03,2.163000000000000000e+03,2.163000000000000000e+03,2.163000000000000000e+03,2.163000000000000000e+03,2.163000000000000000e+03,2.163000000000000000e+03,2.163000000000000000e+03,2.163000000000000000e+03,2.163000000000000000e+03,2.163000000000000000e+03,2.163000000000000000e+03,2.163000000000000000e+03,2.163000000000000000e+03,2.163000000000000000e+03,2.163000000000000000e+03,2.163000000000000000e+03,2.163000000000000000e+03,2.163000000000000000e+03,2.163000000000000000e+03,2.163000000000000000e+03,2.163000000000000000e+03,2.163000000000000000e+03,2.163000000000000000e+03,2.163000000000000000e+03,2.163000000000000000e+03,2.163000000000000000e+03,2.163000000000000000e+03,2.163000000000000000e+03,2.163000000000000000e+03,2.163000000000000000e+03,2.163000000000000000e+03,2.163000000000000000e+03,2.163000000000000000e+03,2.163000000000000000e+03,2.163000000000000000e+03,2.163000000000000000e+03,2.163000000000000000e+03,2.163000000000000000e+03,2.163000000000000000e+03,2.163000000000000000e+03,2.163000000000000000e+03,2.163000000000000000e+03,2.163000000000000000e+03,2.163000000000000000e+03,2.163000000000000000e+03,2.163000000000000000e+03,2.163000000000000000e+03,2.163000000000000000e+03,2.163000000000000000e+03,2.163000000000000000e+03,2.163000000000000000e+03,2.163000000000000000e+03,2.163000000000000000e+03,2.163000000000000000e+03,2.163000000000000000e+03,2.163000000000000000e+03,2.163000000000000000e+03,2.163000000000000000e+03,2.163000000000000000e+03,2.163000000000000000e+03,2.163000000000000000e+03,2.163000000000000000e+03,2.163000000000000000e+03,2.163000000000000000e+03,2.163000000000000000e+03,2.163000000000000000e+03,2.163000000000000000e+03,2.163000000000000000e+03,2.163000000000000000e+03,2.163000000000000000e+03,2.163000000000000000e+03,2.163000000000000000e+03,2.163000000000000000e+03,2.163000000000000000e+03,2.163000000000000000e+03,2.163000000000000000e+03,2.163000000000000000e+03,2.163000000000000000e+03,2.163000000000000000e+03,2.163000000000000000e+03,2.163000000000000000e+03,2.164000000000000000e+03,2.164000000000000000e+03,2.164000000000000000e+03,2.164000000000000000e+03,2.164000000000000000e+03,2.164000000000000000e+03,2.164000000000000000e+03,2.164000000000000000e+03,2.164000000000000000e+03,2.164000000000000000e+03,2.164000000000000000e+03,2.164000000000000000e+03,2.164000000000000000e+03,2.164000000000000000e+03,2.164000000000000000e+03,2.164000000000000000e+03,2.164000000000000000e+03,2.164000000000000000e+03,2.164000000000000000e+03,2.164000000000000000e+03,2.164000000000000000e+03,2.164000000000000000e+03,2.164000000000000000e+03,2.164000000000000000e+03,2.164000000000000000e+03,2.164000000000000000e+03,2.164000000000000000e+03,2.164000000000000000e+03,2.164000000000000000e+03,2.164000000000000000e+03,2.164000000000000000e+03,2.164000000000000000e+03,2.164000000000000000e+03,2.164000000000000000e+03,2.164000000000000000e+03,2.164000000000000000e+03,2.164000000000000000e+03,2.164000000000000000e+03,2.164000000000000000e+03,2.164000000000000000e+03,2.164000000000000000e+03,2.164000000000000000e+03,2.164000000000000000e+03,2.164000000000000000e+03,2.164000000000000000e+03,2.164000000000000000e+03,2.164000000000000000e+03,2.164000000000000000e+03,2.164000000000000000e+03,2.164000000000000000e+03,2.164000000000000000e+03,2.164000000000000000e+03,2.164000000000000000e+03,2.164000000000000000e+03,2.164000000000000000e+03,2.164000000000000000e+03,2.164000000000000000e+03,2.164000000000000000e+03,2.164000000000000000e+03,2.164000000000000000e+03,2.164000000000000000e+03,2.164000000000000000e+03,2.164000000000000000e+03,2.164000000000000000e+03,2.164000000000000000e+03,2.164000000000000000e+03,2.164000000000000000e+03,2.164000000000000000e+03,2.164000000000000000e+03,2.164000000000000000e+03,2.164000000000000000e+03,2.164000000000000000e+03,2.164000000000000000e+03,2.164000000000000000e+03,2.164000000000000000e+03,2.164000000000000000e+03,2.164000000000000000e+03,2.164000000000000000e+03,2.164000000000000000e+03,2.164000000000000000e+03,2.164000000000000000e+03,2.164000000000000000e+03,2.164000000000000000e+03,2.164000000000000000e+03,2.164000000000000000e+03,2.164000000000000000e+03,2.164000000000000000e+03,2.164000000000000000e+03,2.164000000000000000e+03,2.164000000000000000e+03,2.164000000000000000e+03,2.164000000000000000e+03,2.164000000000000000e+03,2.164000000000000000e+03,2.164000000000000000e+03,2.164000000000000000e+03,2.164000000000000000e+03,2.164000000000000000e+03,2.164000000000000000e+03,2.164000000000000000e+03,2.164000000000000000e+03,2.164000000000000000e+03,2.164000000000000000e+03,2.164000000000000000e+03,2.164000000000000000e+03,2.164000000000000000e+03,2.164000000000000000e+03,2.164000000000000000e+03,2.164000000000000000e+03,2.164000000000000000e+03,2.164000000000000000e+03,2.164000000000000000e+03,2.164000000000000000e+03,2.164000000000000000e+03,2.164000000000000000e+03,2.164000000000000000e+03,2.164000000000000000e+03,2.164000000000000000e+03,2.164000000000000000e+03,2.164000000000000000e+03,2.164000000000000000e+03,2.164000000000000000e+03,2.165000000000000000e+03,2.165000000000000000e+03,2.165000000000000000e+03,2.165000000000000000e+03,2.165000000000000000e+03,2.165000000000000000e+03,2.165000000000000000e+03,2.165000000000000000e+03,2.165000000000000000e+03,2.165000000000000000e+03,2.165000000000000000e+03,2.165000000000000000e+03,2.165000000000000000e+03,2.165000000000000000e+03,2.165000000000000000e+03,2.165000000000000000e+03,2.165000000000000000e+03,2.165000000000000000e+03,2.165000000000000000e+03,2.165000000000000000e+03,2.165000000000000000e+03,2.165000000000000000e+03,2.165000000000000000e+03,2.165000000000000000e+03,2.165000000000000000e+03,2.165000000000000000e+03,2.165000000000000000e+03,2.165000000000000000e+03,2.165000000000000000e+03,2.165000000000000000e+03,2.165000000000000000e+03,2.165000000000000000e+03,2.165000000000000000e+03,2.165000000000000000e+03,2.165000000000000000e+03,2.165000000000000000e+03,2.165000000000000000e+03,2.165000000000000000e+03,2.165000000000000000e+03,2.165000000000000000e+03,2.165000000000000000e+03,2.165000000000000000e+03,2.165000000000000000e+03,2.165000000000000000e+03,2.165000000000000000e+03,2.165000000000000000e+03,2.165000000000000000e+03,2.165000000000000000e+03,2.165000000000000000e+03,2.165000000000000000e+03,2.165000000000000000e+03,2.165000000000000000e+03,2.165000000000000000e+03,2.165000000000000000e+03,2.165000000000000000e+03,2.165000000000000000e+03,2.165000000000000000e+03,2.165000000000000000e+03,2.165000000000000000e+03,2.165000000000000000e+03,2.165000000000000000e+03,2.165000000000000000e+03,2.165000000000000000e+03,2.165000000000000000e+03,2.165000000000000000e+03,2.165000000000000000e+03,2.165000000000000000e+03,2.165000000000000000e+03,2.165000000000000000e+03,2.165000000000000000e+03,2.165000000000000000e+03,2.165000000000000000e+03,2.165000000000000000e+03,2.165000000000000000e+03,2.165000000000000000e+03,2.165000000000000000e+03,2.165000000000000000e+03,2.165000000000000000e+03,2.165000000000000000e+03,2.165000000000000000e+03,2.165000000000000000e+03,2.165000000000000000e+03,2.165000000000000000e+03,2.165000000000000000e+03,2.165000000000000000e+03,2.165000000000000000e+03,2.165000000000000000e+03,2.165000000000000000e+03,2.165000000000000000e+03,2.165000000000000000e+03,2.165000000000000000e+03,2.165000000000000000e+03,2.165000000000000000e+03,2.165000000000000000e+03,2.165000000000000000e+03,2.165000000000000000e+03,2.165000000000000000e+03,2.165000000000000000e+03,2.165000000000000000e+03,2.165000000000000000e+03,2.165000000000000000e+03,2.165000000000000000e+03,2.165000000000000000e+03,2.165000000000000000e+03,2.165000000000000000e+03,2.165000000000000000e+03,2.165000000000000000e+03,2.165000000000000000e+03,2.165000000000000000e+03,2.165000000000000000e+03,2.165000000000000000e+03,2.165000000000000000e+03,2.165000000000000000e+03,2.165000000000000000e+03,2.165000000000000000e+03,2.165000000000000000e+03,2.165000000000000000e+03,2.165000000000000000e+03,2.165000000000000000e+03,2.165000000000000000e+03,2.165000000000000000e+03,2.166000000000000000e+03,2.166000000000000000e+03,2.166000000000000000e+03,2.166000000000000000e+03,2.166000000000000000e+03,2.166000000000000000e+03,2.166000000000000000e+03,2.166000000000000000e+03,2.166000000000000000e+03,2.166000000000000000e+03,2.166000000000000000e+03,2.166000000000000000e+03,2.166000000000000000e+03,2.166000000000000000e+03,2.166000000000000000e+03,2.166000000000000000e+03,2.166000000000000000e+03,2.166000000000000000e+03,2.166000000000000000e+03,2.166000000000000000e+03,2.166000000000000000e+03,2.166000000000000000e+03,2.166000000000000000e+03,2.166000000000000000e+03,2.166000000000000000e+03,2.166000000000000000e+03,2.166000000000000000e+03,2.166000000000000000e+03,2.166000000000000000e+03,2.166000000000000000e+03,2.166000000000000000e+03,2.166000000000000000e+03,2.166000000000000000e+03,2.166000000000000000e+03,2.166000000000000000e+03,2.166000000000000000e+03,2.166000000000000000e+03,2.166000000000000000e+03,2.166000000000000000e+03,2.166000000000000000e+03,2.166000000000000000e+03,2.166000000000000000e+03,2.166000000000000000e+03,2.166000000000000000e+03,2.166000000000000000e+03,2.166000000000000000e+03,2.166000000000000000e+03,2.166000000000000000e+03,2.166000000000000000e+03,2.166000000000000000e+03,2.166000000000000000e+03,2.166000000000000000e+03,2.166000000000000000e+03,2.166000000000000000e+03,2.166000000000000000e+03,2.166000000000000000e+03,2.166000000000000000e+03,2.166000000000000000e+03,2.166000000000000000e+03,2.166000000000000000e+03,2.166000000000000000e+03,2.166000000000000000e+03,2.166000000000000000e+03,2.166000000000000000e+03,2.166000000000000000e+03,2.166000000000000000e+03,2.166000000000000000e+03,2.166000000000000000e+03,2.166000000000000000e+03,2.166000000000000000e+03,2.166000000000000000e+03,2.166000000000000000e+03,2.166000000000000000e+03,2.166000000000000000e+03,2.166000000000000000e+03,2.166000000000000000e+03,2.166000000000000000e+03,2.166000000000000000e+03,2.166000000000000000e+03,2.166000000000000000e+03,2.166000000000000000e+03,2.166000000000000000e+03,2.166000000000000000e+03,2.166000000000000000e+03,2.166000000000000000e+03,2.166000000000000000e+03,2.166000000000000000e+03,2.166000000000000000e+03,2.166000000000000000e+03,2.166000000000000000e+03,2.166000000000000000e+03,2.166000000000000000e+03,2.166000000000000000e+03,2.166000000000000000e+03,2.166000000000000000e+03,2.166000000000000000e+03,2.166000000000000000e+03,2.166000000000000000e+03,2.166000000000000000e+03,2.166000000000000000e+03,2.166000000000000000e+03,2.166000000000000000e+03,2.166000000000000000e+03,2.166000000000000000e+03,2.166000000000000000e+03,2.166000000000000000e+03,2.166000000000000000e+03,2.166000000000000000e+03,2.166000000000000000e+03,2.166000000000000000e+03,2.166000000000000000e+03,2.166000000000000000e+03,2.166000000000000000e+03,2.166000000000000000e+03,2.166000000000000000e+03,2.166000000000000000e+03,2.166000000000000000e+03,2.166000000000000000e+03,2.166000000000000000e+03,2.166000000000000000e+03,2.167000000000000000e+03,2.167000000000000000e+03,2.167000000000000000e+03,2.167000000000000000e+03,2.167000000000000000e+03,2.167000000000000000e+03,2.167000000000000000e+03,2.167000000000000000e+03,2.167000000000000000e+03,2.167000000000000000e+03,2.167000000000000000e+03,2.167000000000000000e+03,2.167000000000000000e+03,2.167000000000000000e+03,2.167000000000000000e+03,2.167000000000000000e+03,2.167000000000000000e+03,2.167000000000000000e+03,2.167000000000000000e+03,2.167000000000000000e+03,2.167000000000000000e+03,2.167000000000000000e+03,2.167000000000000000e+03,2.167000000000000000e+03,2.167000000000000000e+03,2.167000000000000000e+03,2.167000000000000000e+03,2.167000000000000000e+03,2.167000000000000000e+03,2.167000000000000000e+03,2.167000000000000000e+03,2.167000000000000000e+03,2.167000000000000000e+03,2.167000000000000000e+03,2.167000000000000000e+03,2.167000000000000000e+03,2.167000000000000000e+03,2.167000000000000000e+03,2.167000000000000000e+03,2.167000000000000000e+03,2.167000000000000000e+03,2.167000000000000000e+03,2.167000000000000000e+03,2.167000000000000000e+03,2.167000000000000000e+03,2.167000000000000000e+03,2.167000000000000000e+03,2.167000000000000000e+03,2.167000000000000000e+03,2.167000000000000000e+03,2.167000000000000000e+03,2.167000000000000000e+03,2.167000000000000000e+03,2.167000000000000000e+03,2.167000000000000000e+03,2.167000000000000000e+03,2.167000000000000000e+03,2.167000000000000000e+03,2.167000000000000000e+03,2.167000000000000000e+03,2.167000000000000000e+03,2.167000000000000000e+03,2.167000000000000000e+03,2.167000000000000000e+03,2.167000000000000000e+03,2.167000000000000000e+03,2.167000000000000000e+03,2.167000000000000000e+03,2.167000000000000000e+03,2.167000000000000000e+03,2.167000000000000000e+03,2.167000000000000000e+03,2.167000000000000000e+03,2.167000000000000000e+03,2.167000000000000000e+03,2.167000000000000000e+03,2.167000000000000000e+03,2.167000000000000000e+03,2.167000000000000000e+03,2.167000000000000000e+03,2.167000000000000000e+03,2.167000000000000000e+03,2.167000000000000000e+03,2.167000000000000000e+03,2.167000000000000000e+03,2.167000000000000000e+03,2.167000000000000000e+03,2.167000000000000000e+03,2.167000000000000000e+03,2.167000000000000000e+03,2.167000000000000000e+03,2.167000000000000000e+03,2.167000000000000000e+03,2.167000000000000000e+03,2.167000000000000000e+03,2.167000000000000000e+03,2.167000000000000000e+03,2.167000000000000000e+03,2.167000000000000000e+03,2.167000000000000000e+03,2.167000000000000000e+03,2.167000000000000000e+03,2.167000000000000000e+03,2.167000000000000000e+03,2.167000000000000000e+03,2.167000000000000000e+03,2.167000000000000000e+03,2.167000000000000000e+03,2.167000000000000000e+03,2.167000000000000000e+03,2.167000000000000000e+03,2.167000000000000000e+03,2.167000000000000000e+03,2.167000000000000000e+03,2.167000000000000000e+03,2.167000000000000000e+03,2.167000000000000000e+03,2.167000000000000000e+03,2.167000000000000000e+03,2.168000000000000000e+03,2.168000000000000000e+03,2.168000000000000000e+03,2.168000000000000000e+03,2.168000000000000000e+03,2.168000000000000000e+03,2.168000000000000000e+03,2.168000000000000000e+03,2.168000000000000000e+03,2.168000000000000000e+03,2.168000000000000000e+03,2.168000000000000000e+03,2.168000000000000000e+03,2.168000000000000000e+03,2.168000000000000000e+03,2.168000000000000000e+03,2.168000000000000000e+03,2.168000000000000000e+03,2.168000000000000000e+03,2.168000000000000000e+03,2.168000000000000000e+03,2.168000000000000000e+03,2.168000000000000000e+03,2.168000000000000000e+03,2.168000000000000000e+03,2.168000000000000000e+03,2.168000000000000000e+03,2.168000000000000000e+03,2.168000000000000000e+03,2.168000000000000000e+03,2.168000000000000000e+03,2.168000000000000000e+03,2.168000000000000000e+03,2.168000000000000000e+03,2.168000000000000000e+03,2.168000000000000000e+03,2.168000000000000000e+03,2.168000000000000000e+03,2.168000000000000000e+03,2.168000000000000000e+03,2.168000000000000000e+03,2.168000000000000000e+03,2.168000000000000000e+03,2.168000000000000000e+03,2.168000000000000000e+03,2.168000000000000000e+03,2.168000000000000000e+03,2.168000000000000000e+03,2.168000000000000000e+03,2.168000000000000000e+03,2.168000000000000000e+03,2.168000000000000000e+03,2.168000000000000000e+03,2.168000000000000000e+03,2.168000000000000000e+03,2.168000000000000000e+03,2.168000000000000000e+03,2.168000000000000000e+03,2.168000000000000000e+03,2.168000000000000000e+03,2.168000000000000000e+03,2.168000000000000000e+03,2.168000000000000000e+03,2.168000000000000000e+03,2.168000000000000000e+03,2.168000000000000000e+03,2.168000000000000000e+03,2.168000000000000000e+03,2.168000000000000000e+03,2.168000000000000000e+03,2.168000000000000000e+03,2.168000000000000000e+03,2.168000000000000000e+03,2.168000000000000000e+03,2.168000000000000000e+03,2.168000000000000000e+03,2.168000000000000000e+03,2.168000000000000000e+03,2.168000000000000000e+03,2.168000000000000000e+03,2.168000000000000000e+03,2.168000000000000000e+03,2.168000000000000000e+03,2.168000000000000000e+03,2.168000000000000000e+03,2.168000000000000000e+03,2.168000000000000000e+03,2.168000000000000000e+03,2.168000000000000000e+03,2.168000000000000000e+03,2.168000000000000000e+03,2.168000000000000000e+03,2.168000000000000000e+03,2.168000000000000000e+03,2.168000000000000000e+03,2.168000000000000000e+03,2.168000000000000000e+03,2.168000000000000000e+03,2.168000000000000000e+03,2.168000000000000000e+03,2.168000000000000000e+03,2.168000000000000000e+03,2.168000000000000000e+03,2.168000000000000000e+03,2.168000000000000000e+03,2.168000000000000000e+03,2.168000000000000000e+03,2.168000000000000000e+03,2.168000000000000000e+03,2.168000000000000000e+03,2.168000000000000000e+03,2.168000000000000000e+03,2.168000000000000000e+03,2.168000000000000000e+03,2.168000000000000000e+03,2.168000000000000000e+03,2.168000000000000000e+03,2.168000000000000000e+03,2.169000000000000000e+03,2.169000000000000000e+03,2.169000000000000000e+03,2.169000000000000000e+03,2.169000000000000000e+03,2.169000000000000000e+03,2.169000000000000000e+03,2.169000000000000000e+03,2.169000000000000000e+03,2.169000000000000000e+03,2.169000000000000000e+03,2.169000000000000000e+03,2.169000000000000000e+03,2.169000000000000000e+03,2.169000000000000000e+03,2.169000000000000000e+03,2.169000000000000000e+03,2.169000000000000000e+03,2.169000000000000000e+03,2.169000000000000000e+03,2.169000000000000000e+03,2.169000000000000000e+03,2.169000000000000000e+03,2.169000000000000000e+03,2.169000000000000000e+03,2.169000000000000000e+03,2.169000000000000000e+03,2.169000000000000000e+03,2.169000000000000000e+03,2.169000000000000000e+03,2.169000000000000000e+03,2.169000000000000000e+03,2.169000000000000000e+03,2.169000000000000000e+03,2.169000000000000000e+03,2.169000000000000000e+03,2.169000000000000000e+03,2.169000000000000000e+03,2.169000000000000000e+03,2.169000000000000000e+03,2.169000000000000000e+03,2.169000000000000000e+03,2.169000000000000000e+03,2.169000000000000000e+03,2.169000000000000000e+03,2.169000000000000000e+03,2.169000000000000000e+03,2.169000000000000000e+03,2.169000000000000000e+03,2.169000000000000000e+03,2.169000000000000000e+03,2.169000000000000000e+03,2.169000000000000000e+03,2.169000000000000000e+03,2.169000000000000000e+03,2.169000000000000000e+03,2.169000000000000000e+03,2.169000000000000000e+03,2.169000000000000000e+03,2.169000000000000000e+03,2.169000000000000000e+03,2.169000000000000000e+03,2.169000000000000000e+03,2.169000000000000000e+03,2.169000000000000000e+03,2.169000000000000000e+03,2.169000000000000000e+03,2.169000000000000000e+03,2.169000000000000000e+03,2.169000000000000000e+03,2.169000000000000000e+03,2.169000000000000000e+03,2.169000000000000000e+03,2.169000000000000000e+03,2.169000000000000000e+03,2.169000000000000000e+03,2.169000000000000000e+03,2.169000000000000000e+03,2.169000000000000000e+03,2.169000000000000000e+03,2.169000000000000000e+03,2.169000000000000000e+03,2.169000000000000000e+03,2.169000000000000000e+03,2.169000000000000000e+03,2.169000000000000000e+03,2.169000000000000000e+03,2.169000000000000000e+03,2.169000000000000000e+03,2.169000000000000000e+03,2.169000000000000000e+03,2.169000000000000000e+03,2.169000000000000000e+03,2.169000000000000000e+03,2.169000000000000000e+03,2.169000000000000000e+03,2.169000000000000000e+03,2.169000000000000000e+03,2.169000000000000000e+03,2.169000000000000000e+03,2.169000000000000000e+03,2.169000000000000000e+03,2.169000000000000000e+03,2.169000000000000000e+03,2.169000000000000000e+03,2.169000000000000000e+03,2.169000000000000000e+03,2.169000000000000000e+03,2.169000000000000000e+03,2.169000000000000000e+03,2.169000000000000000e+03,2.169000000000000000e+03,2.169000000000000000e+03,2.169000000000000000e+03,2.169000000000000000e+03,2.169000000000000000e+03,2.169000000000000000e+03,2.170000000000000000e+03,2.170000000000000000e+03,2.170000000000000000e+03,2.170000000000000000e+03,2.170000000000000000e+03,2.170000000000000000e+03,2.170000000000000000e+03,2.170000000000000000e+03,2.170000000000000000e+03,2.170000000000000000e+03,2.170000000000000000e+03,2.170000000000000000e+03,2.170000000000000000e+03,2.170000000000000000e+03,2.170000000000000000e+03,2.170000000000000000e+03,2.170000000000000000e+03,2.170000000000000000e+03,2.170000000000000000e+03,2.170000000000000000e+03,2.170000000000000000e+03,2.170000000000000000e+03,2.170000000000000000e+03,2.170000000000000000e+03,2.170000000000000000e+03,2.170000000000000000e+03,2.170000000000000000e+03,2.170000000000000000e+03,2.170000000000000000e+03,2.170000000000000000e+03,2.170000000000000000e+03,2.170000000000000000e+03,2.170000000000000000e+03,2.170000000000000000e+03,2.170000000000000000e+03,2.170000000000000000e+03,2.170000000000000000e+03,2.170000000000000000e+03,2.170000000000000000e+03,2.170000000000000000e+03,2.170000000000000000e+03,2.170000000000000000e+03,2.170000000000000000e+03,2.170000000000000000e+03,2.170000000000000000e+03,2.170000000000000000e+03,2.170000000000000000e+03,2.170000000000000000e+03,2.170000000000000000e+03,2.170000000000000000e+03,2.170000000000000000e+03,2.170000000000000000e+03,2.170000000000000000e+03,2.170000000000000000e+03,2.170000000000000000e+03,2.170000000000000000e+03,2.170000000000000000e+03,2.170000000000000000e+03,2.170000000000000000e+03,2.170000000000000000e+03,2.170000000000000000e+03,2.170000000000000000e+03,2.170000000000000000e+03,2.170000000000000000e+03,2.170000000000000000e+03,2.170000000000000000e+03,2.170000000000000000e+03,2.170000000000000000e+03,2.170000000000000000e+03,2.170000000000000000e+03,2.170000000000000000e+03,2.170000000000000000e+03,2.170000000000000000e+03,2.170000000000000000e+03,2.170000000000000000e+03,2.170000000000000000e+03,2.170000000000000000e+03,2.170000000000000000e+03,2.170000000000000000e+03,2.170000000000000000e+03,2.170000000000000000e+03,2.170000000000000000e+03,2.170000000000000000e+03,2.170000000000000000e+03,2.170000000000000000e+03,2.170000000000000000e+03,2.170000000000000000e+03,2.170000000000000000e+03,2.170000000000000000e+03,2.170000000000000000e+03,2.170000000000000000e+03,2.170000000000000000e+03,2.170000000000000000e+03,2.170000000000000000e+03,2.170000000000000000e+03,2.170000000000000000e+03,2.170000000000000000e+03,2.170000000000000000e+03,2.170000000000000000e+03,2.170000000000000000e+03,2.170000000000000000e+03,2.170000000000000000e+03,2.170000000000000000e+03,2.170000000000000000e+03,2.170000000000000000e+03,2.170000000000000000e+03,2.170000000000000000e+03,2.170000000000000000e+03,2.170000000000000000e+03,2.170000000000000000e+03,2.170000000000000000e+03,2.170000000000000000e+03,2.170000000000000000e+03,2.170000000000000000e+03,2.170000000000000000e+03,2.170000000000000000e+03,2.170000000000000000e+03,2.171000000000000000e+03,2.171000000000000000e+03,2.171000000000000000e+03,2.171000000000000000e+03,2.171000000000000000e+03,2.171000000000000000e+03,2.171000000000000000e+03,2.171000000000000000e+03,2.171000000000000000e+03,2.171000000000000000e+03,2.171000000000000000e+03,2.171000000000000000e+03,2.171000000000000000e+03,2.171000000000000000e+03,2.171000000000000000e+03,2.171000000000000000e+03,2.171000000000000000e+03,2.171000000000000000e+03,2.171000000000000000e+03,2.171000000000000000e+03,2.171000000000000000e+03,2.171000000000000000e+03,2.171000000000000000e+03,2.171000000000000000e+03,2.171000000000000000e+03,2.171000000000000000e+03,2.171000000000000000e+03,2.171000000000000000e+03,2.171000000000000000e+03,2.171000000000000000e+03,2.171000000000000000e+03,2.171000000000000000e+03,2.171000000000000000e+03,2.171000000000000000e+03,2.171000000000000000e+03,2.171000000000000000e+03,2.171000000000000000e+03,2.171000000000000000e+03,2.171000000000000000e+03,2.171000000000000000e+03,2.171000000000000000e+03,2.171000000000000000e+03,2.171000000000000000e+03,2.171000000000000000e+03,2.171000000000000000e+03,2.171000000000000000e+03,2.171000000000000000e+03,2.171000000000000000e+03,2.171000000000000000e+03,2.171000000000000000e+03,2.171000000000000000e+03,2.171000000000000000e+03,2.171000000000000000e+03,2.171000000000000000e+03,2.171000000000000000e+03,2.171000000000000000e+03,2.171000000000000000e+03,2.171000000000000000e+03,2.171000000000000000e+03,2.171000000000000000e+03,2.171000000000000000e+03,2.171000000000000000e+03,2.171000000000000000e+03,2.171000000000000000e+03,2.171000000000000000e+03,2.171000000000000000e+03,2.171000000000000000e+03,2.171000000000000000e+03,2.171000000000000000e+03,2.171000000000000000e+03,2.171000000000000000e+03,2.171000000000000000e+03,2.171000000000000000e+03,2.171000000000000000e+03,2.171000000000000000e+03,2.171000000000000000e+03,2.171000000000000000e+03,2.171000000000000000e+03,2.171000000000000000e+03,2.171000000000000000e+03,2.171000000000000000e+03,2.171000000000000000e+03,2.171000000000000000e+03,2.171000000000000000e+03,2.171000000000000000e+03,2.171000000000000000e+03,2.171000000000000000e+03,2.171000000000000000e+03,2.171000000000000000e+03,2.171000000000000000e+03,2.171000000000000000e+03,2.171000000000000000e+03,2.171000000000000000e+03,2.171000000000000000e+03,2.171000000000000000e+03,2.171000000000000000e+03,2.171000000000000000e+03,2.171000000000000000e+03,2.171000000000000000e+03,2.171000000000000000e+03,2.171000000000000000e+03,2.171000000000000000e+03,2.171000000000000000e+03,2.171000000000000000e+03,2.171000000000000000e+03,2.171000000000000000e+03,2.171000000000000000e+03,2.171000000000000000e+03,2.171000000000000000e+03,2.171000000000000000e+03,2.171000000000000000e+03,2.171000000000000000e+03,2.171000000000000000e+03,2.171000000000000000e+03,2.171000000000000000e+03,2.171000000000000000e+03,2.172000000000000000e+03,2.172000000000000000e+03,2.172000000000000000e+03,2.172000000000000000e+03,2.172000000000000000e+03,2.172000000000000000e+03,2.172000000000000000e+03,2.172000000000000000e+03,2.172000000000000000e+03,2.172000000000000000e+03,2.172000000000000000e+03,2.172000000000000000e+03,2.172000000000000000e+03,2.172000000000000000e+03,2.172000000000000000e+03,2.172000000000000000e+03,2.172000000000000000e+03,2.172000000000000000e+03,2.172000000000000000e+03,2.172000000000000000e+03,2.172000000000000000e+03,2.172000000000000000e+03,2.172000000000000000e+03,2.172000000000000000e+03,2.172000000000000000e+03,2.172000000000000000e+03,2.172000000000000000e+03,2.172000000000000000e+03,2.172000000000000000e+03,2.172000000000000000e+03,2.172000000000000000e+03,2.172000000000000000e+03,2.172000000000000000e+03,2.172000000000000000e+03,2.172000000000000000e+03,2.172000000000000000e+03,2.172000000000000000e+03,2.172000000000000000e+03,2.172000000000000000e+03,2.172000000000000000e+03,2.172000000000000000e+03,2.172000000000000000e+03,2.172000000000000000e+03,2.172000000000000000e+03,2.172000000000000000e+03,2.172000000000000000e+03,2.172000000000000000e+03,2.172000000000000000e+03,2.172000000000000000e+03,2.172000000000000000e+03,2.172000000000000000e+03,2.172000000000000000e+03,2.172000000000000000e+03,2.172000000000000000e+03,2.172000000000000000e+03,2.172000000000000000e+03,2.172000000000000000e+03,2.172000000000000000e+03,2.172000000000000000e+03,2.172000000000000000e+03,2.172000000000000000e+03,2.172000000000000000e+03,2.172000000000000000e+03,2.172000000000000000e+03,2.172000000000000000e+03,2.172000000000000000e+03,2.172000000000000000e+03,2.172000000000000000e+03,2.172000000000000000e+03,2.172000000000000000e+03,2.172000000000000000e+03,2.172000000000000000e+03,2.172000000000000000e+03,2.172000000000000000e+03,2.172000000000000000e+03,2.172000000000000000e+03,2.172000000000000000e+03,2.172000000000000000e+03,2.172000000000000000e+03,2.172000000000000000e+03,2.172000000000000000e+03,2.172000000000000000e+03,2.172000000000000000e+03,2.172000000000000000e+03,2.172000000000000000e+03,2.172000000000000000e+03,2.172000000000000000e+03,2.172000000000000000e+03,2.172000000000000000e+03,2.172000000000000000e+03,2.172000000000000000e+03,2.172000000000000000e+03,2.172000000000000000e+03,2.172000000000000000e+03,2.172000000000000000e+03,2.172000000000000000e+03,2.172000000000000000e+03,2.172000000000000000e+03,2.172000000000000000e+03,2.172000000000000000e+03,2.172000000000000000e+03,2.172000000000000000e+03,2.172000000000000000e+03,2.172000000000000000e+03,2.172000000000000000e+03,2.172000000000000000e+03,2.172000000000000000e+03,2.172000000000000000e+03,2.172000000000000000e+03,2.172000000000000000e+03,2.172000000000000000e+03,2.172000000000000000e+03,2.172000000000000000e+03,2.172000000000000000e+03,2.172000000000000000e+03,2.172000000000000000e+03,2.173000000000000000e+03,2.173000000000000000e+03,2.173000000000000000e+03,2.173000000000000000e+03,2.173000000000000000e+03,2.173000000000000000e+03,2.173000000000000000e+03,2.173000000000000000e+03,2.173000000000000000e+03,2.173000000000000000e+03,2.173000000000000000e+03,2.173000000000000000e+03,2.173000000000000000e+03,2.173000000000000000e+03,2.173000000000000000e+03,2.173000000000000000e+03,2.173000000000000000e+03,2.173000000000000000e+03,2.173000000000000000e+03,2.173000000000000000e+03,2.173000000000000000e+03,2.173000000000000000e+03,2.173000000000000000e+03,2.173000000000000000e+03,2.173000000000000000e+03,2.173000000000000000e+03,2.173000000000000000e+03,2.173000000000000000e+03,2.173000000000000000e+03,2.173000000000000000e+03,2.173000000000000000e+03,2.173000000000000000e+03,2.173000000000000000e+03,2.173000000000000000e+03,2.173000000000000000e+03,2.173000000000000000e+03,2.173000000000000000e+03,2.173000000000000000e+03,2.173000000000000000e+03,2.173000000000000000e+03,2.173000000000000000e+03,2.173000000000000000e+03,2.173000000000000000e+03,2.173000000000000000e+03,2.173000000000000000e+03,2.173000000000000000e+03,2.173000000000000000e+03,2.173000000000000000e+03,2.173000000000000000e+03,2.173000000000000000e+03,2.173000000000000000e+03,2.173000000000000000e+03,2.173000000000000000e+03,2.173000000000000000e+03,2.173000000000000000e+03,2.173000000000000000e+03,2.173000000000000000e+03,2.173000000000000000e+03,2.173000000000000000e+03,2.173000000000000000e+03,2.173000000000000000e+03,2.173000000000000000e+03,2.173000000000000000e+03,2.173000000000000000e+03,2.173000000000000000e+03,2.173000000000000000e+03,2.173000000000000000e+03,2.173000000000000000e+03,2.173000000000000000e+03,2.173000000000000000e+03,2.173000000000000000e+03,2.173000000000000000e+03,2.173000000000000000e+03,2.173000000000000000e+03,2.173000000000000000e+03,2.173000000000000000e+03,2.173000000000000000e+03,2.173000000000000000e+03,2.173000000000000000e+03,2.173000000000000000e+03,2.173000000000000000e+03,2.173000000000000000e+03,2.173000000000000000e+03,2.173000000000000000e+03,2.173000000000000000e+03,2.173000000000000000e+03,2.173000000000000000e+03,2.173000000000000000e+03,2.173000000000000000e+03,2.173000000000000000e+03,2.173000000000000000e+03,2.173000000000000000e+03,2.173000000000000000e+03,2.173000000000000000e+03,2.173000000000000000e+03,2.173000000000000000e+03,2.173000000000000000e+03,2.173000000000000000e+03,2.173000000000000000e+03,2.173000000000000000e+03,2.173000000000000000e+03,2.173000000000000000e+03,2.173000000000000000e+03,2.173000000000000000e+03,2.173000000000000000e+03,2.173000000000000000e+03,2.173000000000000000e+03,2.173000000000000000e+03,2.173000000000000000e+03,2.173000000000000000e+03,2.173000000000000000e+03,2.173000000000000000e+03,2.173000000000000000e+03,2.173000000000000000e+03,2.173000000000000000e+03,2.174000000000000000e+03,2.174000000000000000e+03,2.174000000000000000e+03,2.174000000000000000e+03,2.174000000000000000e+03,2.174000000000000000e+03,2.174000000000000000e+03,2.174000000000000000e+03,2.174000000000000000e+03,2.174000000000000000e+03,2.174000000000000000e+03,2.174000000000000000e+03,2.174000000000000000e+03,2.174000000000000000e+03,2.174000000000000000e+03,2.174000000000000000e+03,2.174000000000000000e+03,2.174000000000000000e+03,2.174000000000000000e+03,2.174000000000000000e+03,2.174000000000000000e+03,2.174000000000000000e+03,2.174000000000000000e+03,2.174000000000000000e+03,2.174000000000000000e+03,2.174000000000000000e+03,2.174000000000000000e+03,2.174000000000000000e+03,2.174000000000000000e+03,2.174000000000000000e+03,2.174000000000000000e+03,2.174000000000000000e+03,2.174000000000000000e+03,2.174000000000000000e+03,2.174000000000000000e+03,2.174000000000000000e+03,2.174000000000000000e+03,2.174000000000000000e+03,2.174000000000000000e+03,2.174000000000000000e+03,2.174000000000000000e+03,2.174000000000000000e+03,2.174000000000000000e+03,2.174000000000000000e+03,2.174000000000000000e+03,2.174000000000000000e+03,2.174000000000000000e+03,2.174000000000000000e+03,2.174000000000000000e+03,2.174000000000000000e+03,2.174000000000000000e+03,2.174000000000000000e+03,2.174000000000000000e+03,2.174000000000000000e+03,2.174000000000000000e+03,2.174000000000000000e+03,2.174000000000000000e+03,2.174000000000000000e+03,2.174000000000000000e+03,2.174000000000000000e+03,2.174000000000000000e+03,2.174000000000000000e+03,2.174000000000000000e+03,2.174000000000000000e+03,2.174000000000000000e+03,2.174000000000000000e+03,2.174000000000000000e+03,2.174000000000000000e+03,2.174000000000000000e+03,2.174000000000000000e+03,2.174000000000000000e+03,2.174000000000000000e+03,2.174000000000000000e+03,2.174000000000000000e+03,2.174000000000000000e+03,2.174000000000000000e+03,2.174000000000000000e+03,2.174000000000000000e+03,2.174000000000000000e+03,2.174000000000000000e+03,2.174000000000000000e+03,2.174000000000000000e+03,2.174000000000000000e+03,2.174000000000000000e+03,2.174000000000000000e+03,2.174000000000000000e+03,2.174000000000000000e+03,2.174000000000000000e+03,2.174000000000000000e+03,2.174000000000000000e+03,2.174000000000000000e+03,2.174000000000000000e+03,2.174000000000000000e+03,2.174000000000000000e+03,2.174000000000000000e+03,2.174000000000000000e+03,2.174000000000000000e+03,2.174000000000000000e+03,2.174000000000000000e+03,2.174000000000000000e+03,2.174000000000000000e+03,2.174000000000000000e+03,2.174000000000000000e+03,2.174000000000000000e+03,2.174000000000000000e+03,2.174000000000000000e+03,2.174000000000000000e+03,2.174000000000000000e+03,2.174000000000000000e+03,2.174000000000000000e+03,2.174000000000000000e+03,2.174000000000000000e+03,2.174000000000000000e+03,2.174000000000000000e+03,2.174000000000000000e+03,2.174000000000000000e+03,2.175000000000000000e+03,2.175000000000000000e+03,2.175000000000000000e+03,2.175000000000000000e+03,2.175000000000000000e+03,2.175000000000000000e+03,2.175000000000000000e+03,2.175000000000000000e+03,2.175000000000000000e+03,2.175000000000000000e+03,2.175000000000000000e+03,2.175000000000000000e+03,2.175000000000000000e+03,2.175000000000000000e+03,2.175000000000000000e+03,2.175000000000000000e+03,2.175000000000000000e+03,2.175000000000000000e+03,2.175000000000000000e+03,2.175000000000000000e+03,2.175000000000000000e+03,2.175000000000000000e+03,2.175000000000000000e+03,2.175000000000000000e+03,2.175000000000000000e+03,2.175000000000000000e+03,2.175000000000000000e+03,2.175000000000000000e+03,2.175000000000000000e+03,2.175000000000000000e+03,2.175000000000000000e+03,2.175000000000000000e+03,2.175000000000000000e+03,2.175000000000000000e+03,2.175000000000000000e+03,2.175000000000000000e+03,2.175000000000000000e+03,2.175000000000000000e+03,2.175000000000000000e+03,2.175000000000000000e+03,2.175000000000000000e+03,2.175000000000000000e+03,2.175000000000000000e+03,2.175000000000000000e+03,2.175000000000000000e+03,2.175000000000000000e+03,2.175000000000000000e+03,2.175000000000000000e+03,2.175000000000000000e+03,2.175000000000000000e+03,2.175000000000000000e+03,2.175000000000000000e+03,2.175000000000000000e+03,2.175000000000000000e+03,2.175000000000000000e+03,2.175000000000000000e+03,2.175000000000000000e+03,2.175000000000000000e+03,2.175000000000000000e+03,2.175000000000000000e+03,2.175000000000000000e+03,2.175000000000000000e+03,2.175000000000000000e+03,2.175000000000000000e+03,2.175000000000000000e+03,2.175000000000000000e+03,2.175000000000000000e+03,2.175000000000000000e+03,2.175000000000000000e+03,2.175000000000000000e+03,2.175000000000000000e+03,2.175000000000000000e+03,2.175000000000000000e+03,2.175000000000000000e+03,2.175000000000000000e+03,2.175000000000000000e+03,2.175000000000000000e+03,2.175000000000000000e+03,2.175000000000000000e+03,2.175000000000000000e+03,2.175000000000000000e+03,2.175000000000000000e+03,2.175000000000000000e+03,2.175000000000000000e+03,2.175000000000000000e+03,2.175000000000000000e+03,2.175000000000000000e+03,2.175000000000000000e+03,2.175000000000000000e+03,2.175000000000000000e+03,2.175000000000000000e+03,2.175000000000000000e+03,2.175000000000000000e+03,2.175000000000000000e+03,2.175000000000000000e+03,2.175000000000000000e+03,2.175000000000000000e+03,2.175000000000000000e+03,2.175000000000000000e+03,2.175000000000000000e+03,2.175000000000000000e+03,2.175000000000000000e+03,2.175000000000000000e+03,2.175000000000000000e+03,2.175000000000000000e+03,2.175000000000000000e+03,2.175000000000000000e+03,2.175000000000000000e+03,2.175000000000000000e+03,2.175000000000000000e+03,2.175000000000000000e+03,2.175000000000000000e+03,2.175000000000000000e+03,2.175000000000000000e+03,2.175000000000000000e+03,2.175000000000000000e+03,2.176000000000000000e+03,2.176000000000000000e+03,2.176000000000000000e+03,2.176000000000000000e+03,2.176000000000000000e+03,2.176000000000000000e+03,2.176000000000000000e+03,2.176000000000000000e+03,2.176000000000000000e+03,2.176000000000000000e+03,2.176000000000000000e+03,2.176000000000000000e+03,2.176000000000000000e+03,2.176000000000000000e+03,2.176000000000000000e+03,2.176000000000000000e+03,2.176000000000000000e+03,2.176000000000000000e+03,2.176000000000000000e+03,2.176000000000000000e+03,2.176000000000000000e+03,2.176000000000000000e+03,2.176000000000000000e+03,2.176000000000000000e+03,2.176000000000000000e+03,2.176000000000000000e+03,2.176000000000000000e+03,2.176000000000000000e+03,2.176000000000000000e+03,2.176000000000000000e+03,2.176000000000000000e+03,2.176000000000000000e+03,2.176000000000000000e+03,2.176000000000000000e+03,2.176000000000000000e+03,2.176000000000000000e+03,2.176000000000000000e+03,2.176000000000000000e+03,2.176000000000000000e+03,2.176000000000000000e+03,2.176000000000000000e+03,2.176000000000000000e+03,2.176000000000000000e+03,2.176000000000000000e+03,2.176000000000000000e+03,2.176000000000000000e+03,2.176000000000000000e+03,2.176000000000000000e+03,2.176000000000000000e+03,2.176000000000000000e+03,2.176000000000000000e+03,2.176000000000000000e+03,2.176000000000000000e+03,2.176000000000000000e+03,2.176000000000000000e+03,2.176000000000000000e+03,2.176000000000000000e+03,2.176000000000000000e+03,2.176000000000000000e+03,2.176000000000000000e+03,2.176000000000000000e+03,2.176000000000000000e+03,2.176000000000000000e+03,2.176000000000000000e+03,2.176000000000000000e+03,2.176000000000000000e+03,2.176000000000000000e+03,2.176000000000000000e+03,2.176000000000000000e+03,2.176000000000000000e+03,2.176000000000000000e+03,2.176000000000000000e+03,2.176000000000000000e+03,2.176000000000000000e+03,2.176000000000000000e+03,2.176000000000000000e+03,2.176000000000000000e+03,2.176000000000000000e+03,2.176000000000000000e+03,2.176000000000000000e+03,2.176000000000000000e+03,2.176000000000000000e+03,2.176000000000000000e+03,2.176000000000000000e+03,2.176000000000000000e+03,2.176000000000000000e+03,2.176000000000000000e+03,2.176000000000000000e+03,2.176000000000000000e+03,2.176000000000000000e+03,2.176000000000000000e+03,2.176000000000000000e+03,2.176000000000000000e+03,2.176000000000000000e+03,2.176000000000000000e+03,2.176000000000000000e+03,2.176000000000000000e+03,2.176000000000000000e+03,2.176000000000000000e+03,2.176000000000000000e+03,2.176000000000000000e+03,2.176000000000000000e+03,2.176000000000000000e+03,2.176000000000000000e+03,2.176000000000000000e+03,2.176000000000000000e+03,2.176000000000000000e+03,2.176000000000000000e+03,2.176000000000000000e+03,2.176000000000000000e+03,2.176000000000000000e+03,2.176000000000000000e+03,2.176000000000000000e+03,2.176000000000000000e+03,2.176000000000000000e+03,2.176000000000000000e+03,2.176000000000000000e+03,2.177000000000000000e+03,2.177000000000000000e+03,2.177000000000000000e+03,2.177000000000000000e+03,2.177000000000000000e+03,2.177000000000000000e+03,2.177000000000000000e+03,2.177000000000000000e+03,2.177000000000000000e+03,2.177000000000000000e+03,2.177000000000000000e+03,2.177000000000000000e+03,2.177000000000000000e+03,2.177000000000000000e+03,2.177000000000000000e+03,2.177000000000000000e+03,2.177000000000000000e+03,2.177000000000000000e+03,2.177000000000000000e+03,2.177000000000000000e+03,2.177000000000000000e+03,2.177000000000000000e+03,2.177000000000000000e+03,2.177000000000000000e+03,2.177000000000000000e+03,2.177000000000000000e+03,2.177000000000000000e+03,2.177000000000000000e+03,2.177000000000000000e+03,2.177000000000000000e+03,2.177000000000000000e+03,2.177000000000000000e+03,2.177000000000000000e+03,2.177000000000000000e+03,2.177000000000000000e+03,2.177000000000000000e+03,2.177000000000000000e+03,2.177000000000000000e+03,2.177000000000000000e+03,2.177000000000000000e+03,2.177000000000000000e+03,2.177000000000000000e+03,2.177000000000000000e+03,2.177000000000000000e+03,2.177000000000000000e+03,2.177000000000000000e+03,2.177000000000000000e+03,2.177000000000000000e+03,2.177000000000000000e+03,2.177000000000000000e+03,2.177000000000000000e+03,2.177000000000000000e+03,2.177000000000000000e+03,2.177000000000000000e+03,2.177000000000000000e+03,2.177000000000000000e+03,2.177000000000000000e+03,2.177000000000000000e+03,2.177000000000000000e+03,2.177000000000000000e+03,2.177000000000000000e+03,2.177000000000000000e+03,2.177000000000000000e+03,2.177000000000000000e+03,2.177000000000000000e+03,2.177000000000000000e+03,2.177000000000000000e+03,2.177000000000000000e+03,2.177000000000000000e+03,2.177000000000000000e+03,2.177000000000000000e+03,2.177000000000000000e+03,2.177000000000000000e+03,2.177000000000000000e+03,2.177000000000000000e+03,2.177000000000000000e+03,2.177000000000000000e+03,2.177000000000000000e+03,2.177000000000000000e+03,2.177000000000000000e+03,2.177000000000000000e+03,2.177000000000000000e+03,2.177000000000000000e+03,2.177000000000000000e+03,2.177000000000000000e+03,2.177000000000000000e+03,2.177000000000000000e+03,2.177000000000000000e+03,2.177000000000000000e+03,2.177000000000000000e+03,2.177000000000000000e+03,2.177000000000000000e+03,2.177000000000000000e+03,2.177000000000000000e+03,2.177000000000000000e+03,2.177000000000000000e+03,2.177000000000000000e+03,2.177000000000000000e+03,2.177000000000000000e+03,2.177000000000000000e+03,2.177000000000000000e+03,2.177000000000000000e+03,2.177000000000000000e+03,2.177000000000000000e+03,2.177000000000000000e+03,2.177000000000000000e+03,2.177000000000000000e+03,2.177000000000000000e+03,2.177000000000000000e+03,2.177000000000000000e+03,2.177000000000000000e+03,2.177000000000000000e+03,2.177000000000000000e+03,2.177000000000000000e+03,2.177000000000000000e+03,2.177000000000000000e+03,2.177000000000000000e+03,2.178000000000000000e+03,2.178000000000000000e+03,2.178000000000000000e+03,2.178000000000000000e+03,2.178000000000000000e+03,2.178000000000000000e+03,2.178000000000000000e+03,2.178000000000000000e+03,2.178000000000000000e+03,2.178000000000000000e+03,2.178000000000000000e+03,2.178000000000000000e+03,2.178000000000000000e+03,2.178000000000000000e+03,2.178000000000000000e+03,2.178000000000000000e+03,2.178000000000000000e+03,2.178000000000000000e+03,2.178000000000000000e+03,2.178000000000000000e+03,2.178000000000000000e+03,2.178000000000000000e+03,2.178000000000000000e+03,2.178000000000000000e+03,2.178000000000000000e+03,2.178000000000000000e+03,2.178000000000000000e+03,2.178000000000000000e+03,2.178000000000000000e+03,2.178000000000000000e+03,2.178000000000000000e+03,2.178000000000000000e+03,2.178000000000000000e+03,2.178000000000000000e+03,2.178000000000000000e+03,2.178000000000000000e+03,2.178000000000000000e+03,2.178000000000000000e+03,2.178000000000000000e+03,2.178000000000000000e+03,2.178000000000000000e+03,2.178000000000000000e+03,2.178000000000000000e+03,2.178000000000000000e+03,2.178000000000000000e+03,2.178000000000000000e+03,2.178000000000000000e+03,2.178000000000000000e+03,2.178000000000000000e+03,2.178000000000000000e+03,2.178000000000000000e+03,2.178000000000000000e+03,2.178000000000000000e+03,2.178000000000000000e+03,2.178000000000000000e+03,2.178000000000000000e+03,2.178000000000000000e+03,2.178000000000000000e+03,2.178000000000000000e+03,2.178000000000000000e+03,2.178000000000000000e+03,2.178000000000000000e+03,2.178000000000000000e+03,2.178000000000000000e+03,2.178000000000000000e+03,2.178000000000000000e+03,2.178000000000000000e+03,2.178000000000000000e+03,2.178000000000000000e+03,2.178000000000000000e+03,2.178000000000000000e+03,2.178000000000000000e+03,2.178000000000000000e+03,2.178000000000000000e+03,2.178000000000000000e+03,2.178000000000000000e+03,2.178000000000000000e+03,2.178000000000000000e+03,2.178000000000000000e+03,2.178000000000000000e+03,2.178000000000000000e+03,2.178000000000000000e+03,2.178000000000000000e+03,2.178000000000000000e+03,2.178000000000000000e+03,2.178000000000000000e+03,2.178000000000000000e+03,2.178000000000000000e+03,2.178000000000000000e+03,2.178000000000000000e+03,2.178000000000000000e+03,2.178000000000000000e+03,2.178000000000000000e+03,2.178000000000000000e+03,2.178000000000000000e+03,2.178000000000000000e+03,2.178000000000000000e+03,2.178000000000000000e+03,2.178000000000000000e+03,2.178000000000000000e+03,2.178000000000000000e+03,2.178000000000000000e+03,2.178000000000000000e+03,2.178000000000000000e+03,2.178000000000000000e+03,2.178000000000000000e+03,2.178000000000000000e+03,2.178000000000000000e+03,2.178000000000000000e+03,2.178000000000000000e+03,2.178000000000000000e+03,2.178000000000000000e+03,2.178000000000000000e+03,2.178000000000000000e+03,2.179000000000000000e+03,2.179000000000000000e+03,2.179000000000000000e+03,2.179000000000000000e+03,2.179000000000000000e+03,2.179000000000000000e+03,2.179000000000000000e+03,2.179000000000000000e+03,2.179000000000000000e+03,2.179000000000000000e+03,2.179000000000000000e+03,2.179000000000000000e+03,2.179000000000000000e+03,2.179000000000000000e+03,2.179000000000000000e+03,2.179000000000000000e+03,2.179000000000000000e+03,2.179000000000000000e+03,2.179000000000000000e+03,2.179000000000000000e+03,2.179000000000000000e+03,2.179000000000000000e+03,2.179000000000000000e+03,2.179000000000000000e+03,2.179000000000000000e+03,2.179000000000000000e+03,2.179000000000000000e+03,2.179000000000000000e+03,2.179000000000000000e+03,2.179000000000000000e+03,2.179000000000000000e+03,2.179000000000000000e+03,2.179000000000000000e+03,2.179000000000000000e+03,2.179000000000000000e+03,2.179000000000000000e+03,2.179000000000000000e+03,2.179000000000000000e+03,2.179000000000000000e+03,2.179000000000000000e+03,2.179000000000000000e+03,2.179000000000000000e+03,2.179000000000000000e+03,2.179000000000000000e+03,2.179000000000000000e+03,2.179000000000000000e+03,2.179000000000000000e+03,2.179000000000000000e+03,2.179000000000000000e+03,2.179000000000000000e+03,2.179000000000000000e+03,2.179000000000000000e+03,2.179000000000000000e+03,2.179000000000000000e+03,2.179000000000000000e+03,2.179000000000000000e+03,2.179000000000000000e+03,2.179000000000000000e+03,2.179000000000000000e+03,2.179000000000000000e+03,2.179000000000000000e+03,2.179000000000000000e+03,2.179000000000000000e+03,2.179000000000000000e+03,2.179000000000000000e+03,2.179000000000000000e+03,2.179000000000000000e+03,2.179000000000000000e+03,2.179000000000000000e+03,2.179000000000000000e+03,2.179000000000000000e+03,2.179000000000000000e+03,2.179000000000000000e+03,2.179000000000000000e+03,2.179000000000000000e+03,2.179000000000000000e+03,2.179000000000000000e+03,2.179000000000000000e+03,2.179000000000000000e+03,2.179000000000000000e+03,2.179000000000000000e+03,2.179000000000000000e+03,2.179000000000000000e+03,2.179000000000000000e+03,2.179000000000000000e+03,2.179000000000000000e+03,2.179000000000000000e+03,2.179000000000000000e+03,2.179000000000000000e+03,2.179000000000000000e+03,2.179000000000000000e+03,2.179000000000000000e+03,2.179000000000000000e+03,2.179000000000000000e+03,2.179000000000000000e+03,2.179000000000000000e+03,2.179000000000000000e+03,2.179000000000000000e+03,2.179000000000000000e+03,2.179000000000000000e+03,2.179000000000000000e+03,2.179000000000000000e+03,2.179000000000000000e+03,2.179000000000000000e+03,2.179000000000000000e+03,2.179000000000000000e+03,2.179000000000000000e+03,2.179000000000000000e+03,2.179000000000000000e+03,2.179000000000000000e+03,2.179000000000000000e+03,2.179000000000000000e+03,2.180000000000000000e+03,2.180000000000000000e+03,2.180000000000000000e+03,2.180000000000000000e+03,2.180000000000000000e+03,2.180000000000000000e+03,2.180000000000000000e+03,2.180000000000000000e+03,2.180000000000000000e+03,2.180000000000000000e+03,2.180000000000000000e+03,2.180000000000000000e+03,2.180000000000000000e+03,2.180000000000000000e+03,2.180000000000000000e+03,2.180000000000000000e+03,2.180000000000000000e+03,2.180000000000000000e+03,2.180000000000000000e+03,2.180000000000000000e+03,2.180000000000000000e+03,2.180000000000000000e+03,2.180000000000000000e+03,2.180000000000000000e+03,2.180000000000000000e+03,2.180000000000000000e+03,2.180000000000000000e+03,2.180000000000000000e+03,2.180000000000000000e+03,2.180000000000000000e+03,2.180000000000000000e+03,2.180000000000000000e+03,2.180000000000000000e+03,2.180000000000000000e+03,2.180000000000000000e+03,2.180000000000000000e+03,2.180000000000000000e+03,2.180000000000000000e+03,2.180000000000000000e+03,2.180000000000000000e+03,2.180000000000000000e+03,2.180000000000000000e+03,2.180000000000000000e+03,2.180000000000000000e+03,2.180000000000000000e+03,2.180000000000000000e+03,2.180000000000000000e+03,2.180000000000000000e+03,2.180000000000000000e+03,2.180000000000000000e+03,2.180000000000000000e+03,2.180000000000000000e+03,2.180000000000000000e+03,2.180000000000000000e+03,2.180000000000000000e+03,2.180000000000000000e+03,2.180000000000000000e+03,2.180000000000000000e+03,2.180000000000000000e+03,2.180000000000000000e+03,2.180000000000000000e+03,2.180000000000000000e+03,2.180000000000000000e+03,2.180000000000000000e+03,2.180000000000000000e+03,2.180000000000000000e+03,2.180000000000000000e+03,2.180000000000000000e+03,2.180000000000000000e+03,2.180000000000000000e+03,2.180000000000000000e+03,2.180000000000000000e+03,2.180000000000000000e+03,2.180000000000000000e+03,2.180000000000000000e+03,2.180000000000000000e+03,2.180000000000000000e+03,2.180000000000000000e+03,2.180000000000000000e+03,2.180000000000000000e+03,2.180000000000000000e+03,2.180000000000000000e+03,2.180000000000000000e+03,2.180000000000000000e+03,2.180000000000000000e+03,2.180000000000000000e+03,2.180000000000000000e+03,2.180000000000000000e+03,2.180000000000000000e+03,2.180000000000000000e+03,2.180000000000000000e+03,2.180000000000000000e+03,2.180000000000000000e+03,2.180000000000000000e+03,2.180000000000000000e+03,2.180000000000000000e+03,2.180000000000000000e+03,2.180000000000000000e+03,2.180000000000000000e+03,2.180000000000000000e+03,2.180000000000000000e+03,2.180000000000000000e+03,2.180000000000000000e+03,2.180000000000000000e+03,2.180000000000000000e+03,2.180000000000000000e+03,2.180000000000000000e+03,2.180000000000000000e+03,2.180000000000000000e+03,2.180000000000000000e+03,2.180000000000000000e+03,2.180000000000000000e+03,2.180000000000000000e+03,2.181000000000000000e+03,2.181000000000000000e+03,2.181000000000000000e+03,2.181000000000000000e+03,2.181000000000000000e+03,2.181000000000000000e+03,2.181000000000000000e+03,2.181000000000000000e+03,2.181000000000000000e+03,2.181000000000000000e+03,2.181000000000000000e+03,2.181000000000000000e+03,2.181000000000000000e+03,2.181000000000000000e+03,2.181000000000000000e+03,2.181000000000000000e+03,2.181000000000000000e+03,2.181000000000000000e+03,2.181000000000000000e+03,2.181000000000000000e+03,2.181000000000000000e+03,2.181000000000000000e+03,2.181000000000000000e+03,2.181000000000000000e+03,2.181000000000000000e+03,2.181000000000000000e+03,2.181000000000000000e+03,2.181000000000000000e+03,2.181000000000000000e+03,2.181000000000000000e+03,2.181000000000000000e+03,2.181000000000000000e+03,2.181000000000000000e+03,2.181000000000000000e+03,2.181000000000000000e+03,2.181000000000000000e+03,2.181000000000000000e+03,2.181000000000000000e+03,2.181000000000000000e+03,2.181000000000000000e+03,2.181000000000000000e+03,2.181000000000000000e+03,2.181000000000000000e+03,2.181000000000000000e+03,2.181000000000000000e+03,2.181000000000000000e+03,2.181000000000000000e+03,2.181000000000000000e+03,2.181000000000000000e+03,2.181000000000000000e+03,2.181000000000000000e+03,2.181000000000000000e+03,2.181000000000000000e+03,2.181000000000000000e+03,2.181000000000000000e+03,2.181000000000000000e+03,2.181000000000000000e+03,2.181000000000000000e+03,2.181000000000000000e+03,2.181000000000000000e+03,2.181000000000000000e+03,2.181000000000000000e+03,2.181000000000000000e+03,2.181000000000000000e+03,2.181000000000000000e+03,2.181000000000000000e+03,2.181000000000000000e+03,2.181000000000000000e+03,2.181000000000000000e+03,2.181000000000000000e+03,2.181000000000000000e+03,2.181000000000000000e+03,2.181000000000000000e+03,2.181000000000000000e+03,2.181000000000000000e+03,2.181000000000000000e+03,2.181000000000000000e+03,2.181000000000000000e+03,2.181000000000000000e+03,2.181000000000000000e+03,2.181000000000000000e+03,2.181000000000000000e+03,2.181000000000000000e+03,2.181000000000000000e+03,2.181000000000000000e+03,2.181000000000000000e+03,2.181000000000000000e+03,2.181000000000000000e+03,2.181000000000000000e+03,2.181000000000000000e+03,2.181000000000000000e+03,2.181000000000000000e+03,2.181000000000000000e+03,2.181000000000000000e+03,2.181000000000000000e+03,2.181000000000000000e+03,2.181000000000000000e+03,2.181000000000000000e+03,2.181000000000000000e+03,2.181000000000000000e+03,2.181000000000000000e+03,2.181000000000000000e+03,2.181000000000000000e+03,2.181000000000000000e+03,2.181000000000000000e+03,2.181000000000000000e+03,2.181000000000000000e+03,2.181000000000000000e+03,2.181000000000000000e+03,2.181000000000000000e+03,2.181000000000000000e+03,2.181000000000000000e+03,2.182000000000000000e+03,2.182000000000000000e+03,2.182000000000000000e+03,2.182000000000000000e+03,2.182000000000000000e+03,2.182000000000000000e+03,2.182000000000000000e+03,2.182000000000000000e+03,2.182000000000000000e+03,2.182000000000000000e+03,2.182000000000000000e+03,2.182000000000000000e+03,2.182000000000000000e+03,2.182000000000000000e+03,2.182000000000000000e+03,2.182000000000000000e+03,2.182000000000000000e+03,2.182000000000000000e+03,2.182000000000000000e+03,2.182000000000000000e+03,2.182000000000000000e+03,2.182000000000000000e+03,2.182000000000000000e+03,2.182000000000000000e+03,2.182000000000000000e+03,2.182000000000000000e+03,2.182000000000000000e+03,2.182000000000000000e+03,2.182000000000000000e+03,2.182000000000000000e+03,2.182000000000000000e+03,2.182000000000000000e+03,2.182000000000000000e+03,2.182000000000000000e+03,2.182000000000000000e+03,2.182000000000000000e+03,2.182000000000000000e+03,2.182000000000000000e+03,2.182000000000000000e+03,2.182000000000000000e+03,2.182000000000000000e+03,2.182000000000000000e+03,2.182000000000000000e+03,2.182000000000000000e+03,2.182000000000000000e+03,2.182000000000000000e+03,2.182000000000000000e+03,2.182000000000000000e+03,2.182000000000000000e+03,2.182000000000000000e+03,2.182000000000000000e+03,2.182000000000000000e+03,2.182000000000000000e+03,2.182000000000000000e+03,2.182000000000000000e+03,2.182000000000000000e+03,2.182000000000000000e+03,2.182000000000000000e+03,2.182000000000000000e+03,2.182000000000000000e+03,2.182000000000000000e+03,2.182000000000000000e+03,2.182000000000000000e+03,2.182000000000000000e+03,2.182000000000000000e+03,2.182000000000000000e+03,2.182000000000000000e+03,2.182000000000000000e+03,2.182000000000000000e+03,2.182000000000000000e+03,2.182000000000000000e+03,2.182000000000000000e+03,2.182000000000000000e+03,2.182000000000000000e+03,2.182000000000000000e+03,2.182000000000000000e+03,2.182000000000000000e+03,2.182000000000000000e+03,2.182000000000000000e+03,2.182000000000000000e+03,2.182000000000000000e+03,2.182000000000000000e+03,2.182000000000000000e+03,2.182000000000000000e+03,2.182000000000000000e+03,2.182000000000000000e+03,2.182000000000000000e+03,2.182000000000000000e+03,2.182000000000000000e+03,2.182000000000000000e+03,2.182000000000000000e+03,2.182000000000000000e+03,2.182000000000000000e+03,2.182000000000000000e+03,2.182000000000000000e+03,2.182000000000000000e+03,2.182000000000000000e+03,2.182000000000000000e+03,2.182000000000000000e+03,2.182000000000000000e+03,2.182000000000000000e+03,2.182000000000000000e+03,2.182000000000000000e+03,2.182000000000000000e+03,2.182000000000000000e+03,2.182000000000000000e+03,2.182000000000000000e+03,2.182000000000000000e+03,2.182000000000000000e+03,2.182000000000000000e+03,2.182000000000000000e+03,2.182000000000000000e+03,2.183000000000000000e+03,2.183000000000000000e+03,2.183000000000000000e+03,2.183000000000000000e+03,2.183000000000000000e+03,2.183000000000000000e+03,2.183000000000000000e+03,2.183000000000000000e+03,2.183000000000000000e+03,2.183000000000000000e+03,2.183000000000000000e+03,2.183000000000000000e+03,2.183000000000000000e+03,2.183000000000000000e+03,2.183000000000000000e+03,2.183000000000000000e+03,2.183000000000000000e+03,2.183000000000000000e+03,2.183000000000000000e+03,2.183000000000000000e+03,2.183000000000000000e+03,2.183000000000000000e+03,2.183000000000000000e+03,2.183000000000000000e+03,2.183000000000000000e+03,2.183000000000000000e+03,2.183000000000000000e+03,2.183000000000000000e+03,2.183000000000000000e+03,2.183000000000000000e+03,2.183000000000000000e+03,2.183000000000000000e+03,2.183000000000000000e+03,2.183000000000000000e+03,2.183000000000000000e+03,2.183000000000000000e+03,2.183000000000000000e+03,2.183000000000000000e+03,2.183000000000000000e+03,2.183000000000000000e+03,2.183000000000000000e+03,2.183000000000000000e+03,2.183000000000000000e+03,2.183000000000000000e+03,2.183000000000000000e+03,2.183000000000000000e+03,2.183000000000000000e+03,2.183000000000000000e+03,2.183000000000000000e+03,2.183000000000000000e+03,2.183000000000000000e+03,2.183000000000000000e+03,2.183000000000000000e+03,2.183000000000000000e+03,2.183000000000000000e+03,2.183000000000000000e+03,2.183000000000000000e+03,2.183000000000000000e+03,2.183000000000000000e+03,2.183000000000000000e+03,2.183000000000000000e+03,2.183000000000000000e+03,2.183000000000000000e+03,2.183000000000000000e+03,2.183000000000000000e+03,2.183000000000000000e+03,2.183000000000000000e+03,2.183000000000000000e+03,2.183000000000000000e+03,2.183000000000000000e+03,2.183000000000000000e+03,2.183000000000000000e+03,2.183000000000000000e+03,2.183000000000000000e+03,2.183000000000000000e+03,2.183000000000000000e+03,2.183000000000000000e+03,2.183000000000000000e+03,2.183000000000000000e+03,2.183000000000000000e+03,2.183000000000000000e+03,2.183000000000000000e+03,2.183000000000000000e+03,2.183000000000000000e+03,2.183000000000000000e+03,2.183000000000000000e+03,2.183000000000000000e+03,2.183000000000000000e+03,2.183000000000000000e+03,2.183000000000000000e+03,2.183000000000000000e+03,2.183000000000000000e+03,2.183000000000000000e+03,2.183000000000000000e+03,2.183000000000000000e+03,2.183000000000000000e+03,2.183000000000000000e+03,2.183000000000000000e+03,2.183000000000000000e+03,2.183000000000000000e+03,2.183000000000000000e+03,2.183000000000000000e+03,2.183000000000000000e+03,2.183000000000000000e+03,2.183000000000000000e+03,2.183000000000000000e+03,2.183000000000000000e+03,2.183000000000000000e+03,2.183000000000000000e+03,2.183000000000000000e+03,2.183000000000000000e+03,2.183000000000000000e+03,2.184000000000000000e+03,2.184000000000000000e+03,2.184000000000000000e+03,2.184000000000000000e+03,2.184000000000000000e+03,2.184000000000000000e+03,2.184000000000000000e+03,2.184000000000000000e+03,2.184000000000000000e+03,2.184000000000000000e+03,2.184000000000000000e+03,2.184000000000000000e+03,2.184000000000000000e+03,2.184000000000000000e+03,2.184000000000000000e+03,2.184000000000000000e+03,2.184000000000000000e+03,2.184000000000000000e+03,2.184000000000000000e+03,2.184000000000000000e+03,2.184000000000000000e+03,2.184000000000000000e+03,2.184000000000000000e+03,2.184000000000000000e+03,2.184000000000000000e+03,2.184000000000000000e+03,2.184000000000000000e+03,2.184000000000000000e+03,2.184000000000000000e+03,2.184000000000000000e+03,2.184000000000000000e+03,2.184000000000000000e+03,2.184000000000000000e+03,2.184000000000000000e+03,2.184000000000000000e+03,2.184000000000000000e+03,2.184000000000000000e+03,2.184000000000000000e+03,2.184000000000000000e+03,2.184000000000000000e+03,2.184000000000000000e+03,2.184000000000000000e+03,2.184000000000000000e+03,2.184000000000000000e+03,2.184000000000000000e+03,2.184000000000000000e+03,2.184000000000000000e+03,2.184000000000000000e+03,2.184000000000000000e+03,2.184000000000000000e+03,2.184000000000000000e+03,2.184000000000000000e+03,2.184000000000000000e+03,2.184000000000000000e+03,2.184000000000000000e+03,2.184000000000000000e+03,2.184000000000000000e+03,2.184000000000000000e+03,2.184000000000000000e+03,2.184000000000000000e+03,2.184000000000000000e+03,2.184000000000000000e+03,2.184000000000000000e+03,2.184000000000000000e+03,2.184000000000000000e+03,2.184000000000000000e+03,2.184000000000000000e+03,2.184000000000000000e+03,2.184000000000000000e+03,2.184000000000000000e+03,2.184000000000000000e+03,2.184000000000000000e+03,2.184000000000000000e+03,2.184000000000000000e+03,2.184000000000000000e+03,2.184000000000000000e+03,2.184000000000000000e+03,2.184000000000000000e+03,2.184000000000000000e+03,2.184000000000000000e+03,2.184000000000000000e+03,2.184000000000000000e+03,2.184000000000000000e+03,2.184000000000000000e+03,2.184000000000000000e+03,2.184000000000000000e+03,2.184000000000000000e+03,2.184000000000000000e+03,2.184000000000000000e+03,2.184000000000000000e+03,2.184000000000000000e+03,2.184000000000000000e+03,2.184000000000000000e+03,2.184000000000000000e+03,2.184000000000000000e+03,2.184000000000000000e+03,2.184000000000000000e+03,2.184000000000000000e+03,2.184000000000000000e+03,2.184000000000000000e+03,2.184000000000000000e+03,2.184000000000000000e+03,2.184000000000000000e+03,2.184000000000000000e+03,2.184000000000000000e+03,2.184000000000000000e+03,2.184000000000000000e+03,2.184000000000000000e+03,2.184000000000000000e+03,2.184000000000000000e+03,2.184000000000000000e+03,2.185000000000000000e+03,2.185000000000000000e+03,2.185000000000000000e+03,2.185000000000000000e+03,2.185000000000000000e+03,2.185000000000000000e+03,2.185000000000000000e+03,2.185000000000000000e+03,2.185000000000000000e+03,2.185000000000000000e+03,2.185000000000000000e+03,2.185000000000000000e+03,2.185000000000000000e+03,2.185000000000000000e+03,2.185000000000000000e+03,2.185000000000000000e+03,2.185000000000000000e+03,2.185000000000000000e+03,2.185000000000000000e+03,2.185000000000000000e+03,2.185000000000000000e+03,2.185000000000000000e+03,2.185000000000000000e+03,2.185000000000000000e+03,2.185000000000000000e+03,2.185000000000000000e+03,2.185000000000000000e+03,2.185000000000000000e+03,2.185000000000000000e+03,2.185000000000000000e+03,2.185000000000000000e+03,2.185000000000000000e+03,2.185000000000000000e+03,2.185000000000000000e+03,2.185000000000000000e+03,2.185000000000000000e+03,2.185000000000000000e+03,2.185000000000000000e+03,2.185000000000000000e+03,2.185000000000000000e+03,2.185000000000000000e+03,2.185000000000000000e+03,2.185000000000000000e+03,2.185000000000000000e+03,2.185000000000000000e+03,2.185000000000000000e+03,2.185000000000000000e+03,2.185000000000000000e+03,2.185000000000000000e+03,2.185000000000000000e+03,2.185000000000000000e+03,2.185000000000000000e+03,2.185000000000000000e+03,2.185000000000000000e+03,2.185000000000000000e+03,2.185000000000000000e+03,2.185000000000000000e+03,2.185000000000000000e+03,2.185000000000000000e+03,2.185000000000000000e+03,2.185000000000000000e+03,2.185000000000000000e+03,2.185000000000000000e+03,2.185000000000000000e+03,2.185000000000000000e+03,2.185000000000000000e+03,2.185000000000000000e+03,2.185000000000000000e+03,2.185000000000000000e+03,2.185000000000000000e+03,2.185000000000000000e+03,2.185000000000000000e+03,2.185000000000000000e+03,2.185000000000000000e+03,2.185000000000000000e+03,2.185000000000000000e+03,2.185000000000000000e+03,2.185000000000000000e+03,2.185000000000000000e+03,2.185000000000000000e+03,2.185000000000000000e+03,2.185000000000000000e+03,2.185000000000000000e+03,2.185000000000000000e+03,2.185000000000000000e+03,2.185000000000000000e+03,2.185000000000000000e+03,2.185000000000000000e+03,2.185000000000000000e+03,2.185000000000000000e+03,2.185000000000000000e+03,2.185000000000000000e+03,2.185000000000000000e+03,2.185000000000000000e+03,2.185000000000000000e+03,2.185000000000000000e+03,2.185000000000000000e+03,2.185000000000000000e+03,2.185000000000000000e+03,2.185000000000000000e+03,2.185000000000000000e+03,2.185000000000000000e+03,2.185000000000000000e+03,2.185000000000000000e+03,2.185000000000000000e+03,2.185000000000000000e+03,2.185000000000000000e+03,2.185000000000000000e+03,2.185000000000000000e+03,2.185000000000000000e+03,2.186000000000000000e+03,2.186000000000000000e+03,2.186000000000000000e+03,2.186000000000000000e+03,2.186000000000000000e+03,2.186000000000000000e+03,2.186000000000000000e+03,2.186000000000000000e+03,2.186000000000000000e+03,2.186000000000000000e+03,2.186000000000000000e+03,2.186000000000000000e+03,2.186000000000000000e+03,2.186000000000000000e+03,2.186000000000000000e+03,2.186000000000000000e+03,2.186000000000000000e+03,2.186000000000000000e+03,2.186000000000000000e+03,2.186000000000000000e+03,2.186000000000000000e+03,2.186000000000000000e+03,2.186000000000000000e+03,2.186000000000000000e+03,2.186000000000000000e+03,2.186000000000000000e+03,2.186000000000000000e+03,2.186000000000000000e+03,2.186000000000000000e+03,2.186000000000000000e+03,2.186000000000000000e+03,2.186000000000000000e+03,2.186000000000000000e+03,2.186000000000000000e+03,2.186000000000000000e+03,2.186000000000000000e+03,2.186000000000000000e+03,2.186000000000000000e+03,2.186000000000000000e+03,2.186000000000000000e+03,2.186000000000000000e+03,2.186000000000000000e+03,2.186000000000000000e+03,2.186000000000000000e+03,2.186000000000000000e+03,2.186000000000000000e+03,2.186000000000000000e+03,2.186000000000000000e+03,2.186000000000000000e+03,2.186000000000000000e+03,2.186000000000000000e+03,2.186000000000000000e+03,2.186000000000000000e+03,2.186000000000000000e+03,2.186000000000000000e+03,2.186000000000000000e+03,2.186000000000000000e+03,2.186000000000000000e+03,2.186000000000000000e+03,2.186000000000000000e+03,2.186000000000000000e+03,2.186000000000000000e+03,2.186000000000000000e+03,2.186000000000000000e+03,2.186000000000000000e+03,2.186000000000000000e+03,2.186000000000000000e+03,2.186000000000000000e+03,2.186000000000000000e+03,2.186000000000000000e+03,2.186000000000000000e+03,2.186000000000000000e+03,2.186000000000000000e+03,2.186000000000000000e+03,2.186000000000000000e+03,2.186000000000000000e+03,2.186000000000000000e+03,2.186000000000000000e+03,2.186000000000000000e+03,2.186000000000000000e+03,2.186000000000000000e+03,2.186000000000000000e+03,2.186000000000000000e+03,2.186000000000000000e+03,2.186000000000000000e+03,2.186000000000000000e+03,2.186000000000000000e+03,2.186000000000000000e+03,2.186000000000000000e+03,2.186000000000000000e+03,2.186000000000000000e+03,2.186000000000000000e+03,2.186000000000000000e+03,2.186000000000000000e+03,2.186000000000000000e+03,2.186000000000000000e+03,2.186000000000000000e+03,2.186000000000000000e+03,2.186000000000000000e+03,2.186000000000000000e+03,2.186000000000000000e+03,2.186000000000000000e+03,2.186000000000000000e+03,2.186000000000000000e+03,2.186000000000000000e+03,2.186000000000000000e+03,2.186000000000000000e+03,2.186000000000000000e+03,2.187000000000000000e+03,2.187000000000000000e+03,2.187000000000000000e+03,2.187000000000000000e+03,2.187000000000000000e+03,2.187000000000000000e+03,2.187000000000000000e+03,2.187000000000000000e+03,2.187000000000000000e+03,2.187000000000000000e+03,2.187000000000000000e+03,2.187000000000000000e+03,2.187000000000000000e+03,2.187000000000000000e+03,2.187000000000000000e+03,2.187000000000000000e+03,2.187000000000000000e+03,2.187000000000000000e+03,2.187000000000000000e+03,2.187000000000000000e+03,2.187000000000000000e+03,2.187000000000000000e+03,2.187000000000000000e+03,2.187000000000000000e+03,2.187000000000000000e+03,2.187000000000000000e+03,2.187000000000000000e+03,2.187000000000000000e+03,2.187000000000000000e+03,2.187000000000000000e+03,2.187000000000000000e+03,2.187000000000000000e+03,2.187000000000000000e+03,2.187000000000000000e+03,2.187000000000000000e+03,2.187000000000000000e+03,2.187000000000000000e+03,2.187000000000000000e+03,2.187000000000000000e+03,2.187000000000000000e+03,2.187000000000000000e+03,2.187000000000000000e+03,2.187000000000000000e+03,2.187000000000000000e+03,2.187000000000000000e+03,2.187000000000000000e+03,2.187000000000000000e+03,2.187000000000000000e+03,2.187000000000000000e+03,2.187000000000000000e+03,2.187000000000000000e+03,2.187000000000000000e+03,2.187000000000000000e+03,2.187000000000000000e+03,2.187000000000000000e+03,2.187000000000000000e+03,2.187000000000000000e+03,2.187000000000000000e+03,2.187000000000000000e+03,2.187000000000000000e+03,2.187000000000000000e+03,2.187000000000000000e+03,2.187000000000000000e+03,2.187000000000000000e+03,2.187000000000000000e+03,2.187000000000000000e+03,2.187000000000000000e+03,2.187000000000000000e+03,2.187000000000000000e+03,2.187000000000000000e+03,2.187000000000000000e+03,2.187000000000000000e+03,2.187000000000000000e+03,2.187000000000000000e+03,2.187000000000000000e+03,2.187000000000000000e+03,2.187000000000000000e+03,2.187000000000000000e+03,2.187000000000000000e+03,2.187000000000000000e+03,2.187000000000000000e+03,2.187000000000000000e+03,2.187000000000000000e+03,2.187000000000000000e+03,2.187000000000000000e+03,2.187000000000000000e+03,2.187000000000000000e+03,2.187000000000000000e+03,2.187000000000000000e+03,2.187000000000000000e+03,2.187000000000000000e+03,2.187000000000000000e+03,2.187000000000000000e+03,2.187000000000000000e+03,2.187000000000000000e+03,2.187000000000000000e+03,2.187000000000000000e+03,2.187000000000000000e+03,2.187000000000000000e+03,2.187000000000000000e+03,2.187000000000000000e+03,2.187000000000000000e+03,2.188000000000000000e+03,2.188000000000000000e+03,2.188000000000000000e+03,2.188000000000000000e+03,2.188000000000000000e+03,2.188000000000000000e+03,2.188000000000000000e+03,2.188000000000000000e+03,2.188000000000000000e+03,2.188000000000000000e+03,2.188000000000000000e+03,2.188000000000000000e+03,2.188000000000000000e+03,2.188000000000000000e+03,2.188000000000000000e+03,2.188000000000000000e+03,2.188000000000000000e+03,2.188000000000000000e+03,2.188000000000000000e+03,2.188000000000000000e+03,2.188000000000000000e+03,2.188000000000000000e+03,2.188000000000000000e+03,2.188000000000000000e+03,2.188000000000000000e+03,2.188000000000000000e+03,2.188000000000000000e+03,2.188000000000000000e+03,2.188000000000000000e+03,2.188000000000000000e+03,2.188000000000000000e+03,2.188000000000000000e+03,2.188000000000000000e+03,2.188000000000000000e+03,2.188000000000000000e+03,2.188000000000000000e+03,2.188000000000000000e+03,2.188000000000000000e+03,2.188000000000000000e+03,2.188000000000000000e+03,2.188000000000000000e+03,2.188000000000000000e+03,2.188000000000000000e+03,2.188000000000000000e+03,2.188000000000000000e+03,2.188000000000000000e+03,2.188000000000000000e+03,2.188000000000000000e+03,2.188000000000000000e+03,2.188000000000000000e+03,2.188000000000000000e+03,2.188000000000000000e+03,2.188000000000000000e+03,2.188000000000000000e+03,2.188000000000000000e+03,2.188000000000000000e+03,2.188000000000000000e+03,2.188000000000000000e+03,2.188000000000000000e+03,2.188000000000000000e+03,2.188000000000000000e+03,2.188000000000000000e+03,2.188000000000000000e+03,2.188000000000000000e+03,2.188000000000000000e+03,2.188000000000000000e+03,2.188000000000000000e+03,2.188000000000000000e+03,2.188000000000000000e+03,2.188000000000000000e+03,2.188000000000000000e+03,2.188000000000000000e+03,2.188000000000000000e+03,2.188000000000000000e+03,2.188000000000000000e+03,2.188000000000000000e+03,2.188000000000000000e+03,2.188000000000000000e+03,2.188000000000000000e+03,2.188000000000000000e+03,2.188000000000000000e+03,2.188000000000000000e+03,2.188000000000000000e+03,2.188000000000000000e+03,2.188000000000000000e+03,2.188000000000000000e+03,2.188000000000000000e+03,2.188000000000000000e+03,2.188000000000000000e+03,2.188000000000000000e+03,2.188000000000000000e+03,2.188000000000000000e+03,2.188000000000000000e+03,2.188000000000000000e+03,2.188000000000000000e+03,2.188000000000000000e+03,2.188000000000000000e+03,2.188000000000000000e+03,2.188000000000000000e+03,2.188000000000000000e+03,2.189000000000000000e+03,2.189000000000000000e+03,2.189000000000000000e+03,2.189000000000000000e+03,2.189000000000000000e+03,2.189000000000000000e+03,2.189000000000000000e+03,2.189000000000000000e+03,2.189000000000000000e+03,2.189000000000000000e+03,2.189000000000000000e+03,2.189000000000000000e+03,2.189000000000000000e+03,2.189000000000000000e+03,2.189000000000000000e+03,2.189000000000000000e+03,2.189000000000000000e+03,2.189000000000000000e+03,2.189000000000000000e+03,2.189000000000000000e+03,2.189000000000000000e+03,2.189000000000000000e+03,2.189000000000000000e+03,2.189000000000000000e+03,2.189000000000000000e+03,2.189000000000000000e+03,2.189000000000000000e+03,2.189000000000000000e+03,2.189000000000000000e+03,2.189000000000000000e+03,2.189000000000000000e+03,2.189000000000000000e+03,2.189000000000000000e+03,2.189000000000000000e+03,2.189000000000000000e+03,2.189000000000000000e+03,2.189000000000000000e+03,2.189000000000000000e+03,2.189000000000000000e+03,2.189000000000000000e+03,2.189000000000000000e+03,2.189000000000000000e+03,2.189000000000000000e+03,2.189000000000000000e+03,2.189000000000000000e+03,2.189000000000000000e+03,2.189000000000000000e+03,2.189000000000000000e+03,2.189000000000000000e+03,2.189000000000000000e+03,2.189000000000000000e+03,2.189000000000000000e+03,2.189000000000000000e+03,2.189000000000000000e+03,2.189000000000000000e+03,2.189000000000000000e+03,2.189000000000000000e+03,2.189000000000000000e+03,2.189000000000000000e+03,2.189000000000000000e+03,2.189000000000000000e+03,2.189000000000000000e+03,2.189000000000000000e+03,2.189000000000000000e+03,2.189000000000000000e+03,2.189000000000000000e+03,2.189000000000000000e+03,2.189000000000000000e+03,2.189000000000000000e+03,2.189000000000000000e+03,2.189000000000000000e+03,2.189000000000000000e+03,2.189000000000000000e+03,2.189000000000000000e+03,2.189000000000000000e+03,2.189000000000000000e+03,2.189000000000000000e+03,2.189000000000000000e+03,2.189000000000000000e+03,2.189000000000000000e+03,2.189000000000000000e+03,2.189000000000000000e+03,2.189000000000000000e+03,2.189000000000000000e+03,2.189000000000000000e+03,2.189000000000000000e+03,2.189000000000000000e+03,2.189000000000000000e+03,2.189000000000000000e+03,2.189000000000000000e+03,2.189000000000000000e+03,2.189000000000000000e+03,2.189000000000000000e+03,2.189000000000000000e+03,2.189000000000000000e+03,2.189000000000000000e+03,2.189000000000000000e+03,2.189000000000000000e+03,2.190000000000000000e+03,2.190000000000000000e+03,2.190000000000000000e+03,2.190000000000000000e+03,2.190000000000000000e+03,2.190000000000000000e+03,2.190000000000000000e+03,2.190000000000000000e+03,2.190000000000000000e+03,2.190000000000000000e+03,2.190000000000000000e+03,2.190000000000000000e+03,2.190000000000000000e+03,2.190000000000000000e+03,2.190000000000000000e+03,2.190000000000000000e+03,2.190000000000000000e+03,2.190000000000000000e+03,2.190000000000000000e+03,2.190000000000000000e+03,2.190000000000000000e+03,2.190000000000000000e+03,2.190000000000000000e+03,2.190000000000000000e+03,2.190000000000000000e+03,2.190000000000000000e+03,2.190000000000000000e+03,2.190000000000000000e+03,2.190000000000000000e+03,2.190000000000000000e+03,2.190000000000000000e+03,2.190000000000000000e+03,2.190000000000000000e+03,2.190000000000000000e+03,2.190000000000000000e+03,2.190000000000000000e+03,2.190000000000000000e+03,2.190000000000000000e+03,2.190000000000000000e+03,2.190000000000000000e+03,2.190000000000000000e+03,2.190000000000000000e+03,2.190000000000000000e+03,2.190000000000000000e+03,2.190000000000000000e+03,2.190000000000000000e+03,2.190000000000000000e+03,2.190000000000000000e+03,2.190000000000000000e+03,2.190000000000000000e+03,2.190000000000000000e+03,2.190000000000000000e+03,2.190000000000000000e+03,2.190000000000000000e+03,2.190000000000000000e+03,2.190000000000000000e+03,2.190000000000000000e+03,2.190000000000000000e+03,2.190000000000000000e+03,2.190000000000000000e+03,2.190000000000000000e+03,2.190000000000000000e+03,2.190000000000000000e+03,2.190000000000000000e+03,2.190000000000000000e+03,2.190000000000000000e+03,2.190000000000000000e+03,2.190000000000000000e+03,2.190000000000000000e+03,2.190000000000000000e+03,2.190000000000000000e+03,2.190000000000000000e+03,2.190000000000000000e+03,2.190000000000000000e+03,2.190000000000000000e+03,2.190000000000000000e+03,2.190000000000000000e+03,2.190000000000000000e+03,2.190000000000000000e+03,2.190000000000000000e+03,2.190000000000000000e+03,2.190000000000000000e+03,2.190000000000000000e+03,2.190000000000000000e+03,2.190000000000000000e+03,2.190000000000000000e+03,2.190000000000000000e+03,2.190000000000000000e+03,2.190000000000000000e+03,2.190000000000000000e+03,2.190000000000000000e+03,2.190000000000000000e+03,2.191000000000000000e+03,2.191000000000000000e+03,2.191000000000000000e+03,2.191000000000000000e+03,2.191000000000000000e+03,2.191000000000000000e+03,2.191000000000000000e+03,2.191000000000000000e+03,2.191000000000000000e+03,2.191000000000000000e+03,2.191000000000000000e+03,2.191000000000000000e+03,2.191000000000000000e+03,2.191000000000000000e+03,2.191000000000000000e+03,2.191000000000000000e+03,2.191000000000000000e+03,2.191000000000000000e+03,2.191000000000000000e+03,2.191000000000000000e+03,2.191000000000000000e+03,2.191000000000000000e+03,2.191000000000000000e+03,2.191000000000000000e+03,2.191000000000000000e+03,2.191000000000000000e+03,2.191000000000000000e+03,2.191000000000000000e+03,2.191000000000000000e+03,2.191000000000000000e+03,2.191000000000000000e+03,2.191000000000000000e+03,2.191000000000000000e+03,2.191000000000000000e+03,2.191000000000000000e+03,2.191000000000000000e+03,2.191000000000000000e+03,2.191000000000000000e+03,2.191000000000000000e+03,2.191000000000000000e+03,2.191000000000000000e+03,2.191000000000000000e+03,2.191000000000000000e+03,2.191000000000000000e+03,2.191000000000000000e+03,2.191000000000000000e+03,2.191000000000000000e+03,2.191000000000000000e+03,2.191000000000000000e+03,2.191000000000000000e+03,2.191000000000000000e+03,2.191000000000000000e+03,2.191000000000000000e+03,2.191000000000000000e+03,2.191000000000000000e+03,2.191000000000000000e+03,2.191000000000000000e+03,2.191000000000000000e+03,2.191000000000000000e+03,2.191000000000000000e+03,2.191000000000000000e+03,2.191000000000000000e+03,2.191000000000000000e+03,2.191000000000000000e+03,2.191000000000000000e+03,2.191000000000000000e+03,2.191000000000000000e+03,2.191000000000000000e+03,2.191000000000000000e+03,2.191000000000000000e+03,2.191000000000000000e+03,2.191000000000000000e+03,2.191000000000000000e+03,2.191000000000000000e+03,2.191000000000000000e+03,2.191000000000000000e+03,2.191000000000000000e+03,2.191000000000000000e+03,2.191000000000000000e+03,2.191000000000000000e+03,2.191000000000000000e+03,2.191000000000000000e+03,2.191000000000000000e+03,2.191000000000000000e+03,2.191000000000000000e+03,2.191000000000000000e+03,2.191000000000000000e+03,2.192000000000000000e+03,2.192000000000000000e+03,2.192000000000000000e+03,2.192000000000000000e+03,2.192000000000000000e+03,2.192000000000000000e+03,2.192000000000000000e+03,2.192000000000000000e+03,2.192000000000000000e+03,2.192000000000000000e+03,2.192000000000000000e+03,2.192000000000000000e+03,2.192000000000000000e+03,2.192000000000000000e+03,2.192000000000000000e+03,2.192000000000000000e+03,2.192000000000000000e+03,2.192000000000000000e+03,2.192000000000000000e+03,2.192000000000000000e+03,2.192000000000000000e+03,2.192000000000000000e+03,2.192000000000000000e+03,2.192000000000000000e+03,2.192000000000000000e+03,2.192000000000000000e+03,2.192000000000000000e+03,2.192000000000000000e+03,2.192000000000000000e+03,2.192000000000000000e+03,2.192000000000000000e+03,2.192000000000000000e+03,2.192000000000000000e+03,2.192000000000000000e+03,2.192000000000000000e+03,2.192000000000000000e+03,2.192000000000000000e+03,2.192000000000000000e+03,2.192000000000000000e+03,2.192000000000000000e+03,2.192000000000000000e+03,2.192000000000000000e+03,2.192000000000000000e+03,2.192000000000000000e+03,2.192000000000000000e+03,2.192000000000000000e+03,2.192000000000000000e+03,2.192000000000000000e+03,2.192000000000000000e+03,2.192000000000000000e+03,2.192000000000000000e+03,2.192000000000000000e+03,2.192000000000000000e+03,2.192000000000000000e+03,2.192000000000000000e+03,2.192000000000000000e+03,2.192000000000000000e+03,2.192000000000000000e+03,2.192000000000000000e+03,2.192000000000000000e+03,2.192000000000000000e+03,2.192000000000000000e+03,2.192000000000000000e+03,2.192000000000000000e+03,2.192000000000000000e+03,2.192000000000000000e+03,2.192000000000000000e+03,2.192000000000000000e+03,2.192000000000000000e+03,2.192000000000000000e+03,2.192000000000000000e+03,2.192000000000000000e+03,2.192000000000000000e+03,2.192000000000000000e+03,2.192000000000000000e+03,2.192000000000000000e+03,2.192000000000000000e+03,2.192000000000000000e+03,2.192000000000000000e+03,2.192000000000000000e+03,2.192000000000000000e+03,2.192000000000000000e+03,2.192000000000000000e+03,2.192000000000000000e+03,2.192000000000000000e+03,2.192000000000000000e+03,2.193000000000000000e+03,2.193000000000000000e+03,2.193000000000000000e+03,2.193000000000000000e+03,2.193000000000000000e+03,2.193000000000000000e+03,2.193000000000000000e+03,2.193000000000000000e+03,2.193000000000000000e+03,2.193000000000000000e+03,2.193000000000000000e+03,2.193000000000000000e+03,2.193000000000000000e+03,2.193000000000000000e+03,2.193000000000000000e+03,2.193000000000000000e+03,2.193000000000000000e+03,2.193000000000000000e+03,2.193000000000000000e+03,2.193000000000000000e+03,2.193000000000000000e+03,2.193000000000000000e+03,2.193000000000000000e+03,2.193000000000000000e+03,2.193000000000000000e+03,2.193000000000000000e+03,2.193000000000000000e+03,2.193000000000000000e+03,2.193000000000000000e+03,2.193000000000000000e+03,2.193000000000000000e+03,2.193000000000000000e+03,2.193000000000000000e+03,2.193000000000000000e+03,2.193000000000000000e+03,2.193000000000000000e+03,2.193000000000000000e+03,2.193000000000000000e+03,2.193000000000000000e+03,2.193000000000000000e+03,2.193000000000000000e+03,2.193000000000000000e+03,2.193000000000000000e+03,2.193000000000000000e+03,2.193000000000000000e+03,2.193000000000000000e+03,2.193000000000000000e+03,2.193000000000000000e+03,2.193000000000000000e+03,2.193000000000000000e+03,2.193000000000000000e+03,2.193000000000000000e+03,2.193000000000000000e+03,2.193000000000000000e+03,2.193000000000000000e+03,2.193000000000000000e+03,2.193000000000000000e+03,2.193000000000000000e+03,2.193000000000000000e+03,2.193000000000000000e+03,2.193000000000000000e+03,2.193000000000000000e+03,2.193000000000000000e+03,2.193000000000000000e+03,2.193000000000000000e+03,2.193000000000000000e+03,2.193000000000000000e+03,2.193000000000000000e+03,2.193000000000000000e+03,2.193000000000000000e+03,2.193000000000000000e+03,2.193000000000000000e+03,2.193000000000000000e+03,2.193000000000000000e+03,2.193000000000000000e+03,2.193000000000000000e+03,2.193000000000000000e+03,2.193000000000000000e+03,2.193000000000000000e+03,2.193000000000000000e+03,2.193000000000000000e+03,2.193000000000000000e+03,2.193000000000000000e+03,2.193000000000000000e+03,2.194000000000000000e+03,2.194000000000000000e+03,2.194000000000000000e+03,2.194000000000000000e+03,2.194000000000000000e+03,2.194000000000000000e+03,2.194000000000000000e+03,2.194000000000000000e+03,2.194000000000000000e+03,2.194000000000000000e+03,2.194000000000000000e+03,2.194000000000000000e+03,2.194000000000000000e+03,2.194000000000000000e+03,2.194000000000000000e+03,2.194000000000000000e+03,2.194000000000000000e+03,2.194000000000000000e+03,2.194000000000000000e+03,2.194000000000000000e+03,2.194000000000000000e+03,2.194000000000000000e+03,2.194000000000000000e+03,2.194000000000000000e+03,2.194000000000000000e+03,2.194000000000000000e+03,2.194000000000000000e+03,2.194000000000000000e+03,2.194000000000000000e+03,2.194000000000000000e+03,2.194000000000000000e+03,2.194000000000000000e+03,2.194000000000000000e+03,2.194000000000000000e+03,2.194000000000000000e+03,2.194000000000000000e+03,2.194000000000000000e+03,2.194000000000000000e+03,2.194000000000000000e+03,2.194000000000000000e+03,2.194000000000000000e+03,2.194000000000000000e+03,2.194000000000000000e+03,2.194000000000000000e+03,2.194000000000000000e+03,2.194000000000000000e+03,2.194000000000000000e+03,2.194000000000000000e+03,2.194000000000000000e+03,2.194000000000000000e+03,2.194000000000000000e+03,2.194000000000000000e+03,2.194000000000000000e+03,2.194000000000000000e+03,2.194000000000000000e+03,2.194000000000000000e+03,2.194000000000000000e+03,2.194000000000000000e+03,2.194000000000000000e+03,2.194000000000000000e+03,2.194000000000000000e+03,2.194000000000000000e+03,2.194000000000000000e+03,2.194000000000000000e+03,2.194000000000000000e+03,2.194000000000000000e+03,2.194000000000000000e+03,2.194000000000000000e+03,2.194000000000000000e+03,2.194000000000000000e+03,2.194000000000000000e+03,2.194000000000000000e+03,2.194000000000000000e+03,2.194000000000000000e+03,2.194000000000000000e+03,2.194000000000000000e+03,2.194000000000000000e+03,2.194000000000000000e+03,2.194000000000000000e+03,2.194000000000000000e+03,2.194000000000000000e+03,2.194000000000000000e+03,2.194000000000000000e+03,2.194000000000000000e+03,2.195000000000000000e+03,2.195000000000000000e+03,2.195000000000000000e+03,2.195000000000000000e+03,2.195000000000000000e+03,2.195000000000000000e+03,2.195000000000000000e+03,2.195000000000000000e+03,2.195000000000000000e+03,2.195000000000000000e+03,2.195000000000000000e+03,2.195000000000000000e+03,2.195000000000000000e+03,2.195000000000000000e+03,2.195000000000000000e+03,2.195000000000000000e+03,2.195000000000000000e+03,2.195000000000000000e+03,2.195000000000000000e+03,2.195000000000000000e+03,2.195000000000000000e+03,2.195000000000000000e+03,2.195000000000000000e+03,2.195000000000000000e+03,2.195000000000000000e+03,2.195000000000000000e+03,2.195000000000000000e+03,2.195000000000000000e+03,2.195000000000000000e+03,2.195000000000000000e+03,2.195000000000000000e+03,2.195000000000000000e+03,2.195000000000000000e+03,2.195000000000000000e+03,2.195000000000000000e+03,2.195000000000000000e+03,2.195000000000000000e+03,2.195000000000000000e+03,2.195000000000000000e+03,2.195000000000000000e+03,2.195000000000000000e+03,2.195000000000000000e+03,2.195000000000000000e+03,2.195000000000000000e+03,2.195000000000000000e+03,2.195000000000000000e+03,2.195000000000000000e+03,2.195000000000000000e+03,2.195000000000000000e+03,2.195000000000000000e+03,2.195000000000000000e+03,2.195000000000000000e+03,2.195000000000000000e+03,2.195000000000000000e+03,2.195000000000000000e+03,2.195000000000000000e+03,2.195000000000000000e+03,2.195000000000000000e+03,2.195000000000000000e+03,2.195000000000000000e+03,2.195000000000000000e+03,2.195000000000000000e+03,2.195000000000000000e+03,2.195000000000000000e+03,2.195000000000000000e+03,2.195000000000000000e+03,2.195000000000000000e+03,2.195000000000000000e+03,2.195000000000000000e+03,2.195000000000000000e+03,2.195000000000000000e+03,2.195000000000000000e+03,2.195000000000000000e+03,2.195000000000000000e+03,2.195000000000000000e+03,2.195000000000000000e+03,2.195000000000000000e+03,2.195000000000000000e+03,2.195000000000000000e+03,2.195000000000000000e+03,2.195000000000000000e+03,2.195000000000000000e+03,2.196000000000000000e+03,2.196000000000000000e+03,2.196000000000000000e+03,2.196000000000000000e+03,2.196000000000000000e+03,2.196000000000000000e+03,2.196000000000000000e+03,2.196000000000000000e+03,2.196000000000000000e+03,2.196000000000000000e+03,2.196000000000000000e+03,2.196000000000000000e+03,2.196000000000000000e+03,2.196000000000000000e+03,2.196000000000000000e+03,2.196000000000000000e+03,2.196000000000000000e+03,2.196000000000000000e+03,2.196000000000000000e+03,2.196000000000000000e+03,2.196000000000000000e+03,2.196000000000000000e+03,2.196000000000000000e+03,2.196000000000000000e+03,2.196000000000000000e+03,2.196000000000000000e+03,2.196000000000000000e+03,2.196000000000000000e+03,2.196000000000000000e+03,2.196000000000000000e+03,2.196000000000000000e+03,2.196000000000000000e+03,2.196000000000000000e+03,2.196000000000000000e+03,2.196000000000000000e+03,2.196000000000000000e+03,2.196000000000000000e+03,2.196000000000000000e+03,2.196000000000000000e+03,2.196000000000000000e+03,2.196000000000000000e+03,2.196000000000000000e+03,2.196000000000000000e+03,2.196000000000000000e+03,2.196000000000000000e+03,2.196000000000000000e+03,2.196000000000000000e+03,2.196000000000000000e+03,2.196000000000000000e+03,2.196000000000000000e+03,2.196000000000000000e+03,2.196000000000000000e+03,2.196000000000000000e+03,2.196000000000000000e+03,2.196000000000000000e+03,2.196000000000000000e+03,2.196000000000000000e+03,2.196000000000000000e+03,2.196000000000000000e+03,2.196000000000000000e+03,2.196000000000000000e+03,2.196000000000000000e+03,2.196000000000000000e+03,2.196000000000000000e+03,2.196000000000000000e+03,2.196000000000000000e+03,2.196000000000000000e+03,2.196000000000000000e+03,2.196000000000000000e+03,2.196000000000000000e+03,2.196000000000000000e+03,2.196000000000000000e+03,2.196000000000000000e+03,2.196000000000000000e+03,2.196000000000000000e+03,2.196000000000000000e+03,2.196000000000000000e+03,2.196000000000000000e+03,2.196000000000000000e+03,2.196000000000000000e+03,2.196000000000000000e+03,2.197000000000000000e+03,2.197000000000000000e+03,2.197000000000000000e+03,2.197000000000000000e+03,2.197000000000000000e+03,2.197000000000000000e+03,2.197000000000000000e+03,2.197000000000000000e+03,2.197000000000000000e+03,2.197000000000000000e+03,2.197000000000000000e+03,2.197000000000000000e+03,2.197000000000000000e+03,2.197000000000000000e+03,2.197000000000000000e+03,2.197000000000000000e+03,2.197000000000000000e+03,2.197000000000000000e+03,2.197000000000000000e+03,2.197000000000000000e+03,2.197000000000000000e+03,2.197000000000000000e+03,2.197000000000000000e+03,2.197000000000000000e+03,2.197000000000000000e+03,2.197000000000000000e+03,2.197000000000000000e+03,2.197000000000000000e+03,2.197000000000000000e+03,2.197000000000000000e+03,2.197000000000000000e+03,2.197000000000000000e+03,2.197000000000000000e+03,2.197000000000000000e+03,2.197000000000000000e+03,2.197000000000000000e+03,2.197000000000000000e+03,2.197000000000000000e+03,2.197000000000000000e+03,2.197000000000000000e+03,2.197000000000000000e+03,2.197000000000000000e+03,2.197000000000000000e+03,2.197000000000000000e+03,2.197000000000000000e+03,2.197000000000000000e+03,2.197000000000000000e+03,2.197000000000000000e+03,2.197000000000000000e+03,2.197000000000000000e+03,2.197000000000000000e+03,2.197000000000000000e+03,2.197000000000000000e+03,2.197000000000000000e+03,2.197000000000000000e+03,2.197000000000000000e+03,2.197000000000000000e+03,2.197000000000000000e+03,2.197000000000000000e+03,2.197000000000000000e+03,2.197000000000000000e+03,2.197000000000000000e+03,2.197000000000000000e+03,2.197000000000000000e+03,2.197000000000000000e+03,2.197000000000000000e+03,2.197000000000000000e+03,2.197000000000000000e+03,2.197000000000000000e+03,2.197000000000000000e+03,2.197000000000000000e+03,2.197000000000000000e+03,2.197000000000000000e+03,2.197000000000000000e+03,2.197000000000000000e+03,2.197000000000000000e+03,2.197000000000000000e+03,2.197000000000000000e+03,2.197000000000000000e+03,2.198000000000000000e+03,2.198000000000000000e+03,2.198000000000000000e+03,2.198000000000000000e+03,2.198000000000000000e+03,2.198000000000000000e+03,2.198000000000000000e+03,2.198000000000000000e+03,2.198000000000000000e+03,2.198000000000000000e+03,2.198000000000000000e+03,2.198000000000000000e+03,2.198000000000000000e+03,2.198000000000000000e+03,2.198000000000000000e+03,2.198000000000000000e+03,2.198000000000000000e+03,2.198000000000000000e+03,2.198000000000000000e+03,2.198000000000000000e+03,2.198000000000000000e+03,2.198000000000000000e+03,2.198000000000000000e+03,2.198000000000000000e+03,2.198000000000000000e+03,2.198000000000000000e+03,2.198000000000000000e+03,2.198000000000000000e+03,2.198000000000000000e+03,2.198000000000000000e+03,2.198000000000000000e+03,2.198000000000000000e+03,2.198000000000000000e+03,2.198000000000000000e+03,2.198000000000000000e+03,2.198000000000000000e+03,2.198000000000000000e+03,2.198000000000000000e+03,2.198000000000000000e+03,2.198000000000000000e+03,2.198000000000000000e+03,2.198000000000000000e+03,2.198000000000000000e+03,2.198000000000000000e+03,2.198000000000000000e+03,2.198000000000000000e+03,2.198000000000000000e+03,2.198000000000000000e+03,2.198000000000000000e+03,2.198000000000000000e+03,2.198000000000000000e+03,2.198000000000000000e+03,2.198000000000000000e+03,2.198000000000000000e+03,2.198000000000000000e+03,2.198000000000000000e+03,2.198000000000000000e+03,2.198000000000000000e+03,2.198000000000000000e+03,2.198000000000000000e+03,2.198000000000000000e+03,2.198000000000000000e+03,2.198000000000000000e+03,2.198000000000000000e+03,2.198000000000000000e+03,2.198000000000000000e+03,2.198000000000000000e+03,2.198000000000000000e+03,2.198000000000000000e+03,2.198000000000000000e+03,2.198000000000000000e+03,2.198000000000000000e+03,2.198000000000000000e+03,2.198000000000000000e+03,2.198000000000000000e+03,2.198000000000000000e+03,2.198000000000000000e+03,2.198000000000000000e+03,2.198000000000000000e+03,2.199000000000000000e+03,2.199000000000000000e+03,2.199000000000000000e+03,2.199000000000000000e+03,2.199000000000000000e+03,2.199000000000000000e+03,2.199000000000000000e+03,2.199000000000000000e+03,2.199000000000000000e+03,2.199000000000000000e+03,2.199000000000000000e+03,2.199000000000000000e+03,2.199000000000000000e+03,2.199000000000000000e+03,2.199000000000000000e+03,2.199000000000000000e+03,2.199000000000000000e+03,2.199000000000000000e+03,2.199000000000000000e+03,2.199000000000000000e+03,2.199000000000000000e+03,2.199000000000000000e+03,2.199000000000000000e+03,2.199000000000000000e+03,2.199000000000000000e+03,2.199000000000000000e+03,2.199000000000000000e+03,2.199000000000000000e+03,2.199000000000000000e+03,2.199000000000000000e+03,2.199000000000000000e+03,2.199000000000000000e+03,2.199000000000000000e+03,2.199000000000000000e+03,2.199000000000000000e+03,2.199000000000000000e+03,2.199000000000000000e+03,2.199000000000000000e+03,2.199000000000000000e+03,2.199000000000000000e+03,2.199000000000000000e+03,2.199000000000000000e+03,2.199000000000000000e+03,2.199000000000000000e+03,2.199000000000000000e+03,2.199000000000000000e+03,2.199000000000000000e+03,2.199000000000000000e+03,2.199000000000000000e+03,2.199000000000000000e+03,2.199000000000000000e+03,2.199000000000000000e+03,2.199000000000000000e+03,2.199000000000000000e+03,2.199000000000000000e+03,2.199000000000000000e+03,2.199000000000000000e+03,2.199000000000000000e+03,2.199000000000000000e+03,2.199000000000000000e+03,2.199000000000000000e+03,2.199000000000000000e+03,2.199000000000000000e+03,2.199000000000000000e+03,2.199000000000000000e+03,2.199000000000000000e+03,2.199000000000000000e+03,2.199000000000000000e+03,2.199000000000000000e+03,2.199000000000000000e+03,2.199000000000000000e+03,2.199000000000000000e+03,2.199000000000000000e+03,2.199000000000000000e+03,2.199000000000000000e+03,2.199000000000000000e+03,2.199000000000000000e+03,2.200000000000000000e+03,2.200000000000000000e+03,2.200000000000000000e+03,2.200000000000000000e+03,2.200000000000000000e+03,2.200000000000000000e+03,2.200000000000000000e+03,2.200000000000000000e+03,2.200000000000000000e+03,2.200000000000000000e+03,2.200000000000000000e+03,2.200000000000000000e+03,2.200000000000000000e+03,2.200000000000000000e+03,2.200000000000000000e+03,2.200000000000000000e+03,2.200000000000000000e+03,2.200000000000000000e+03,2.200000000000000000e+03,2.200000000000000000e+03,2.200000000000000000e+03,2.200000000000000000e+03,2.200000000000000000e+03,2.200000000000000000e+03,2.200000000000000000e+03,2.200000000000000000e+03,2.200000000000000000e+03,2.200000000000000000e+03,2.200000000000000000e+03,2.200000000000000000e+03,2.200000000000000000e+03,2.200000000000000000e+03,2.200000000000000000e+03,2.200000000000000000e+03,2.200000000000000000e+03,2.200000000000000000e+03,2.200000000000000000e+03,2.200000000000000000e+03,2.200000000000000000e+03,2.200000000000000000e+03,2.200000000000000000e+03,2.200000000000000000e+03,2.200000000000000000e+03,2.200000000000000000e+03,2.200000000000000000e+03,2.200000000000000000e+03,2.200000000000000000e+03,2.200000000000000000e+03,2.200000000000000000e+03,2.200000000000000000e+03,2.200000000000000000e+03,2.200000000000000000e+03,2.200000000000000000e+03,2.200000000000000000e+03,2.200000000000000000e+03,2.200000000000000000e+03,2.200000000000000000e+03,2.200000000000000000e+03,2.200000000000000000e+03,2.200000000000000000e+03,2.200000000000000000e+03,2.200000000000000000e+03,2.200000000000000000e+03,2.200000000000000000e+03,2.200000000000000000e+03,2.200000000000000000e+03,2.200000000000000000e+03,2.200000000000000000e+03,2.200000000000000000e+03,2.200000000000000000e+03,2.200000000000000000e+03,2.200000000000000000e+03,2.200000000000000000e+03,2.200000000000000000e+03,2.200000000000000000e+03,2.200000000000000000e+03,2.200000000000000000e+03,2.201000000000000000e+03,2.201000000000000000e+03,2.201000000000000000e+03,2.201000000000000000e+03,2.201000000000000000e+03,2.201000000000000000e+03,2.201000000000000000e+03,2.201000000000000000e+03,2.201000000000000000e+03,2.201000000000000000e+03,2.201000000000000000e+03,2.201000000000000000e+03,2.201000000000000000e+03,2.201000000000000000e+03,2.201000000000000000e+03,2.201000000000000000e+03,2.201000000000000000e+03,2.201000000000000000e+03,2.201000000000000000e+03,2.201000000000000000e+03,2.201000000000000000e+03,2.201000000000000000e+03,2.201000000000000000e+03,2.201000000000000000e+03,2.201000000000000000e+03,2.201000000000000000e+03,2.201000000000000000e+03,2.201000000000000000e+03,2.201000000000000000e+03,2.201000000000000000e+03,2.201000000000000000e+03,2.201000000000000000e+03,2.201000000000000000e+03,2.201000000000000000e+03,2.201000000000000000e+03,2.201000000000000000e+03,2.201000000000000000e+03,2.201000000000000000e+03,2.201000000000000000e+03,2.201000000000000000e+03,2.201000000000000000e+03,2.201000000000000000e+03,2.201000000000000000e+03,2.201000000000000000e+03,2.201000000000000000e+03,2.201000000000000000e+03,2.201000000000000000e+03,2.201000000000000000e+03,2.201000000000000000e+03,2.201000000000000000e+03,2.201000000000000000e+03,2.201000000000000000e+03,2.201000000000000000e+03,2.201000000000000000e+03,2.201000000000000000e+03,2.201000000000000000e+03,2.201000000000000000e+03,2.201000000000000000e+03,2.201000000000000000e+03,2.201000000000000000e+03,2.201000000000000000e+03,2.201000000000000000e+03,2.201000000000000000e+03,2.201000000000000000e+03,2.201000000000000000e+03,2.201000000000000000e+03,2.201000000000000000e+03,2.201000000000000000e+03,2.201000000000000000e+03,2.201000000000000000e+03,2.201000000000000000e+03,2.201000000000000000e+03,2.201000000000000000e+03,2.201000000000000000e+03,2.201000000000000000e+03,2.201000000000000000e+03,2.202000000000000000e+03,2.202000000000000000e+03,2.202000000000000000e+03,2.202000000000000000e+03,2.202000000000000000e+03,2.202000000000000000e+03,2.202000000000000000e+03,2.202000000000000000e+03,2.202000000000000000e+03,2.202000000000000000e+03,2.202000000000000000e+03,2.202000000000000000e+03,2.202000000000000000e+03,2.202000000000000000e+03,2.202000000000000000e+03,2.202000000000000000e+03,2.202000000000000000e+03,2.202000000000000000e+03,2.202000000000000000e+03,2.202000000000000000e+03,2.202000000000000000e+03,2.202000000000000000e+03,2.202000000000000000e+03,2.202000000000000000e+03,2.202000000000000000e+03,2.202000000000000000e+03,2.202000000000000000e+03,2.202000000000000000e+03,2.202000000000000000e+03,2.202000000000000000e+03,2.202000000000000000e+03,2.202000000000000000e+03,2.202000000000000000e+03,2.202000000000000000e+03,2.202000000000000000e+03,2.202000000000000000e+03,2.202000000000000000e+03,2.202000000000000000e+03,2.202000000000000000e+03,2.202000000000000000e+03,2.202000000000000000e+03,2.202000000000000000e+03,2.202000000000000000e+03,2.202000000000000000e+03,2.202000000000000000e+03,2.202000000000000000e+03,2.202000000000000000e+03,2.202000000000000000e+03,2.202000000000000000e+03,2.202000000000000000e+03,2.202000000000000000e+03,2.202000000000000000e+03,2.202000000000000000e+03,2.202000000000000000e+03,2.202000000000000000e+03,2.202000000000000000e+03,2.202000000000000000e+03,2.202000000000000000e+03,2.202000000000000000e+03,2.202000000000000000e+03,2.202000000000000000e+03,2.202000000000000000e+03,2.202000000000000000e+03,2.202000000000000000e+03,2.202000000000000000e+03,2.202000000000000000e+03,2.202000000000000000e+03,2.202000000000000000e+03,2.202000000000000000e+03,2.202000000000000000e+03,2.202000000000000000e+03,2.202000000000000000e+03,2.202000000000000000e+03,2.202000000000000000e+03,2.202000000000000000e+03,2.202000000000000000e+03,2.203000000000000000e+03,2.203000000000000000e+03,2.203000000000000000e+03,2.203000000000000000e+03,2.203000000000000000e+03,2.203000000000000000e+03,2.203000000000000000e+03,2.203000000000000000e+03,2.203000000000000000e+03,2.203000000000000000e+03,2.203000000000000000e+03,2.203000000000000000e+03,2.203000000000000000e+03,2.203000000000000000e+03,2.203000000000000000e+03,2.203000000000000000e+03,2.203000000000000000e+03,2.203000000000000000e+03,2.203000000000000000e+03,2.203000000000000000e+03,2.203000000000000000e+03,2.203000000000000000e+03,2.203000000000000000e+03,2.203000000000000000e+03,2.203000000000000000e+03,2.203000000000000000e+03,2.203000000000000000e+03,2.203000000000000000e+03,2.203000000000000000e+03,2.203000000000000000e+03,2.203000000000000000e+03,2.203000000000000000e+03,2.203000000000000000e+03,2.203000000000000000e+03,2.203000000000000000e+03,2.203000000000000000e+03,2.203000000000000000e+03,2.203000000000000000e+03,2.203000000000000000e+03,2.203000000000000000e+03,2.203000000000000000e+03,2.203000000000000000e+03,2.203000000000000000e+03,2.203000000000000000e+03,2.203000000000000000e+03,2.203000000000000000e+03,2.203000000000000000e+03,2.203000000000000000e+03,2.203000000000000000e+03,2.203000000000000000e+03,2.203000000000000000e+03,2.203000000000000000e+03,2.203000000000000000e+03,2.203000000000000000e+03,2.203000000000000000e+03,2.203000000000000000e+03,2.203000000000000000e+03,2.203000000000000000e+03,2.203000000000000000e+03,2.203000000000000000e+03,2.203000000000000000e+03,2.203000000000000000e+03,2.203000000000000000e+03,2.203000000000000000e+03,2.203000000000000000e+03,2.203000000000000000e+03,2.203000000000000000e+03,2.203000000000000000e+03,2.203000000000000000e+03,2.203000000000000000e+03,2.203000000000000000e+03,2.203000000000000000e+03,2.203000000000000000e+03,2.203000000000000000e+03,2.203000000000000000e+03,2.204000000000000000e+03,2.204000000000000000e+03,2.204000000000000000e+03,2.204000000000000000e+03,2.204000000000000000e+03,2.204000000000000000e+03,2.204000000000000000e+03,2.204000000000000000e+03,2.204000000000000000e+03,2.204000000000000000e+03,2.204000000000000000e+03,2.204000000000000000e+03,2.204000000000000000e+03,2.204000000000000000e+03,2.204000000000000000e+03,2.204000000000000000e+03,2.204000000000000000e+03,2.204000000000000000e+03,2.204000000000000000e+03,2.204000000000000000e+03,2.204000000000000000e+03,2.204000000000000000e+03,2.204000000000000000e+03,2.204000000000000000e+03,2.204000000000000000e+03,2.204000000000000000e+03,2.204000000000000000e+03,2.204000000000000000e+03,2.204000000000000000e+03,2.204000000000000000e+03,2.204000000000000000e+03,2.204000000000000000e+03,2.204000000000000000e+03,2.204000000000000000e+03,2.204000000000000000e+03,2.204000000000000000e+03,2.204000000000000000e+03,2.204000000000000000e+03,2.204000000000000000e+03,2.204000000000000000e+03,2.204000000000000000e+03,2.204000000000000000e+03,2.204000000000000000e+03,2.204000000000000000e+03,2.204000000000000000e+03,2.204000000000000000e+03,2.204000000000000000e+03,2.204000000000000000e+03,2.204000000000000000e+03,2.204000000000000000e+03,2.204000000000000000e+03,2.204000000000000000e+03,2.204000000000000000e+03,2.204000000000000000e+03,2.204000000000000000e+03,2.204000000000000000e+03,2.204000000000000000e+03,2.204000000000000000e+03,2.204000000000000000e+03,2.204000000000000000e+03,2.204000000000000000e+03,2.204000000000000000e+03,2.204000000000000000e+03,2.204000000000000000e+03,2.204000000000000000e+03,2.204000000000000000e+03,2.204000000000000000e+03,2.204000000000000000e+03,2.204000000000000000e+03,2.204000000000000000e+03,2.204000000000000000e+03,2.204000000000000000e+03,2.204000000000000000e+03,2.204000000000000000e+03,2.204000000000000000e+03,2.205000000000000000e+03,2.205000000000000000e+03,2.205000000000000000e+03,2.205000000000000000e+03,2.205000000000000000e+03,2.205000000000000000e+03,2.205000000000000000e+03,2.205000000000000000e+03,2.205000000000000000e+03,2.205000000000000000e+03,2.205000000000000000e+03,2.205000000000000000e+03,2.205000000000000000e+03,2.205000000000000000e+03,2.205000000000000000e+03,2.205000000000000000e+03,2.205000000000000000e+03,2.205000000000000000e+03,2.205000000000000000e+03,2.205000000000000000e+03,2.205000000000000000e+03,2.205000000000000000e+03,2.205000000000000000e+03,2.205000000000000000e+03,2.205000000000000000e+03,2.205000000000000000e+03,2.205000000000000000e+03,2.205000000000000000e+03,2.205000000000000000e+03,2.205000000000000000e+03,2.205000000000000000e+03,2.205000000000000000e+03,2.205000000000000000e+03,2.205000000000000000e+03,2.205000000000000000e+03,2.205000000000000000e+03,2.205000000000000000e+03,2.205000000000000000e+03,2.205000000000000000e+03,2.205000000000000000e+03,2.205000000000000000e+03,2.205000000000000000e+03,2.205000000000000000e+03,2.205000000000000000e+03,2.205000000000000000e+03,2.205000000000000000e+03,2.205000000000000000e+03,2.205000000000000000e+03,2.205000000000000000e+03,2.205000000000000000e+03,2.205000000000000000e+03,2.205000000000000000e+03,2.205000000000000000e+03,2.205000000000000000e+03,2.205000000000000000e+03,2.205000000000000000e+03,2.205000000000000000e+03,2.205000000000000000e+03,2.205000000000000000e+03,2.205000000000000000e+03,2.205000000000000000e+03,2.205000000000000000e+03,2.205000000000000000e+03,2.205000000000000000e+03,2.205000000000000000e+03,2.205000000000000000e+03,2.205000000000000000e+03,2.205000000000000000e+03,2.205000000000000000e+03,2.205000000000000000e+03,2.205000000000000000e+03,2.205000000000000000e+03,2.205000000000000000e+03,2.205000000000000000e+03,2.206000000000000000e+03,2.206000000000000000e+03,2.206000000000000000e+03,2.206000000000000000e+03,2.206000000000000000e+03,2.206000000000000000e+03,2.206000000000000000e+03,2.206000000000000000e+03,2.206000000000000000e+03,2.206000000000000000e+03,2.206000000000000000e+03,2.206000000000000000e+03,2.206000000000000000e+03,2.206000000000000000e+03,2.206000000000000000e+03,2.206000000000000000e+03,2.206000000000000000e+03,2.206000000000000000e+03,2.206000000000000000e+03,2.206000000000000000e+03,2.206000000000000000e+03,2.206000000000000000e+03,2.206000000000000000e+03,2.206000000000000000e+03,2.206000000000000000e+03,2.206000000000000000e+03,2.206000000000000000e+03,2.206000000000000000e+03,2.206000000000000000e+03,2.206000000000000000e+03,2.206000000000000000e+03,2.206000000000000000e+03,2.206000000000000000e+03,2.206000000000000000e+03,2.206000000000000000e+03,2.206000000000000000e+03,2.206000000000000000e+03,2.206000000000000000e+03,2.206000000000000000e+03,2.206000000000000000e+03,2.206000000000000000e+03,2.206000000000000000e+03,2.206000000000000000e+03,2.206000000000000000e+03,2.206000000000000000e+03,2.206000000000000000e+03,2.206000000000000000e+03,2.206000000000000000e+03,2.206000000000000000e+03,2.206000000000000000e+03,2.206000000000000000e+03,2.206000000000000000e+03,2.206000000000000000e+03,2.206000000000000000e+03,2.206000000000000000e+03,2.206000000000000000e+03,2.206000000000000000e+03,2.206000000000000000e+03,2.206000000000000000e+03,2.206000000000000000e+03,2.206000000000000000e+03,2.206000000000000000e+03,2.206000000000000000e+03,2.206000000000000000e+03,2.206000000000000000e+03,2.206000000000000000e+03,2.206000000000000000e+03,2.206000000000000000e+03,2.206000000000000000e+03,2.206000000000000000e+03,2.206000000000000000e+03,2.206000000000000000e+03,2.206000000000000000e+03,2.206000000000000000e+03,2.207000000000000000e+03,2.207000000000000000e+03,2.207000000000000000e+03,2.207000000000000000e+03,2.207000000000000000e+03,2.207000000000000000e+03,2.207000000000000000e+03,2.207000000000000000e+03,2.207000000000000000e+03,2.207000000000000000e+03,2.207000000000000000e+03,2.207000000000000000e+03,2.207000000000000000e+03,2.207000000000000000e+03,2.207000000000000000e+03,2.207000000000000000e+03,2.207000000000000000e+03,2.207000000000000000e+03,2.207000000000000000e+03,2.207000000000000000e+03,2.207000000000000000e+03,2.207000000000000000e+03,2.207000000000000000e+03,2.207000000000000000e+03,2.207000000000000000e+03,2.207000000000000000e+03,2.207000000000000000e+03,2.207000000000000000e+03,2.207000000000000000e+03,2.207000000000000000e+03,2.207000000000000000e+03,2.207000000000000000e+03,2.207000000000000000e+03,2.207000000000000000e+03,2.207000000000000000e+03,2.207000000000000000e+03,2.207000000000000000e+03,2.207000000000000000e+03,2.207000000000000000e+03,2.207000000000000000e+03,2.207000000000000000e+03,2.207000000000000000e+03,2.207000000000000000e+03,2.207000000000000000e+03,2.207000000000000000e+03,2.207000000000000000e+03,2.207000000000000000e+03,2.207000000000000000e+03,2.207000000000000000e+03,2.207000000000000000e+03,2.207000000000000000e+03,2.207000000000000000e+03,2.207000000000000000e+03,2.207000000000000000e+03,2.207000000000000000e+03,2.207000000000000000e+03,2.207000000000000000e+03,2.207000000000000000e+03,2.207000000000000000e+03,2.207000000000000000e+03,2.207000000000000000e+03,2.207000000000000000e+03,2.207000000000000000e+03,2.207000000000000000e+03,2.207000000000000000e+03,2.207000000000000000e+03,2.207000000000000000e+03,2.207000000000000000e+03,2.207000000000000000e+03,2.207000000000000000e+03,2.207000000000000000e+03,2.207000000000000000e+03,2.207000000000000000e+03,2.208000000000000000e+03,2.208000000000000000e+03,2.208000000000000000e+03,2.208000000000000000e+03,2.208000000000000000e+03,2.208000000000000000e+03,2.208000000000000000e+03,2.208000000000000000e+03,2.208000000000000000e+03,2.208000000000000000e+03,2.208000000000000000e+03,2.208000000000000000e+03,2.208000000000000000e+03,2.208000000000000000e+03,2.208000000000000000e+03,2.208000000000000000e+03,2.208000000000000000e+03,2.208000000000000000e+03,2.208000000000000000e+03,2.208000000000000000e+03,2.208000000000000000e+03,2.208000000000000000e+03,2.208000000000000000e+03,2.208000000000000000e+03,2.208000000000000000e+03,2.208000000000000000e+03,2.208000000000000000e+03,2.208000000000000000e+03,2.208000000000000000e+03,2.208000000000000000e+03,2.208000000000000000e+03,2.208000000000000000e+03,2.208000000000000000e+03,2.208000000000000000e+03,2.208000000000000000e+03,2.208000000000000000e+03,2.208000000000000000e+03,2.208000000000000000e+03,2.208000000000000000e+03,2.208000000000000000e+03,2.208000000000000000e+03,2.208000000000000000e+03,2.208000000000000000e+03,2.208000000000000000e+03,2.208000000000000000e+03,2.208000000000000000e+03,2.208000000000000000e+03,2.208000000000000000e+03,2.208000000000000000e+03,2.208000000000000000e+03,2.208000000000000000e+03,2.208000000000000000e+03,2.208000000000000000e+03,2.208000000000000000e+03,2.208000000000000000e+03,2.208000000000000000e+03,2.208000000000000000e+03,2.208000000000000000e+03,2.208000000000000000e+03,2.208000000000000000e+03,2.208000000000000000e+03,2.208000000000000000e+03,2.208000000000000000e+03,2.208000000000000000e+03,2.208000000000000000e+03,2.208000000000000000e+03,2.208000000000000000e+03,2.208000000000000000e+03,2.208000000000000000e+03,2.208000000000000000e+03,2.208000000000000000e+03,2.208000000000000000e+03,2.208000000000000000e+03,2.209000000000000000e+03,2.209000000000000000e+03,2.209000000000000000e+03,2.209000000000000000e+03,2.209000000000000000e+03,2.209000000000000000e+03,2.209000000000000000e+03,2.209000000000000000e+03,2.209000000000000000e+03,2.209000000000000000e+03,2.209000000000000000e+03,2.209000000000000000e+03,2.209000000000000000e+03,2.209000000000000000e+03,2.209000000000000000e+03,2.209000000000000000e+03,2.209000000000000000e+03,2.209000000000000000e+03,2.209000000000000000e+03,2.209000000000000000e+03,2.209000000000000000e+03,2.209000000000000000e+03,2.209000000000000000e+03,2.209000000000000000e+03,2.209000000000000000e+03,2.209000000000000000e+03,2.209000000000000000e+03,2.209000000000000000e+03,2.209000000000000000e+03,2.209000000000000000e+03,2.209000000000000000e+03,2.209000000000000000e+03,2.209000000000000000e+03,2.209000000000000000e+03,2.209000000000000000e+03,2.209000000000000000e+03,2.209000000000000000e+03,2.209000000000000000e+03,2.209000000000000000e+03,2.209000000000000000e+03,2.209000000000000000e+03,2.209000000000000000e+03,2.209000000000000000e+03,2.209000000000000000e+03,2.209000000000000000e+03,2.209000000000000000e+03,2.209000000000000000e+03,2.209000000000000000e+03,2.209000000000000000e+03,2.209000000000000000e+03,2.209000000000000000e+03,2.209000000000000000e+03,2.209000000000000000e+03,2.209000000000000000e+03,2.209000000000000000e+03,2.209000000000000000e+03,2.209000000000000000e+03,2.209000000000000000e+03,2.209000000000000000e+03,2.209000000000000000e+03,2.209000000000000000e+03,2.209000000000000000e+03,2.209000000000000000e+03,2.209000000000000000e+03,2.209000000000000000e+03,2.209000000000000000e+03,2.209000000000000000e+03,2.209000000000000000e+03,2.209000000000000000e+03,2.209000000000000000e+03,2.209000000000000000e+03,2.209000000000000000e+03,2.210000000000000000e+03,2.210000000000000000e+03,2.210000000000000000e+03,2.210000000000000000e+03,2.210000000000000000e+03,2.210000000000000000e+03,2.210000000000000000e+03,2.210000000000000000e+03,2.210000000000000000e+03,2.210000000000000000e+03,2.210000000000000000e+03,2.210000000000000000e+03,2.210000000000000000e+03,2.210000000000000000e+03,2.210000000000000000e+03,2.210000000000000000e+03,2.210000000000000000e+03,2.210000000000000000e+03,2.210000000000000000e+03,2.210000000000000000e+03,2.210000000000000000e+03,2.210000000000000000e+03,2.210000000000000000e+03,2.210000000000000000e+03,2.210000000000000000e+03,2.210000000000000000e+03,2.210000000000000000e+03,2.210000000000000000e+03,2.210000000000000000e+03,2.210000000000000000e+03,2.210000000000000000e+03,2.210000000000000000e+03,2.210000000000000000e+03,2.210000000000000000e+03,2.210000000000000000e+03,2.210000000000000000e+03,2.210000000000000000e+03,2.210000000000000000e+03,2.210000000000000000e+03,2.210000000000000000e+03,2.210000000000000000e+03,2.210000000000000000e+03,2.210000000000000000e+03,2.210000000000000000e+03,2.210000000000000000e+03,2.210000000000000000e+03,2.210000000000000000e+03,2.210000000000000000e+03,2.210000000000000000e+03,2.210000000000000000e+03,2.210000000000000000e+03,2.210000000000000000e+03,2.210000000000000000e+03,2.210000000000000000e+03,2.210000000000000000e+03,2.210000000000000000e+03,2.210000000000000000e+03,2.210000000000000000e+03,2.210000000000000000e+03,2.210000000000000000e+03,2.210000000000000000e+03,2.210000000000000000e+03,2.210000000000000000e+03,2.210000000000000000e+03,2.210000000000000000e+03,2.210000000000000000e+03,2.210000000000000000e+03,2.210000000000000000e+03,2.210000000000000000e+03,2.210000000000000000e+03,2.210000000000000000e+03,2.210000000000000000e+03,2.211000000000000000e+03,2.211000000000000000e+03,2.211000000000000000e+03,2.211000000000000000e+03,2.211000000000000000e+03,2.211000000000000000e+03,2.211000000000000000e+03,2.211000000000000000e+03,2.211000000000000000e+03,2.211000000000000000e+03,2.211000000000000000e+03,2.211000000000000000e+03,2.211000000000000000e+03,2.211000000000000000e+03,2.211000000000000000e+03,2.211000000000000000e+03,2.211000000000000000e+03,2.211000000000000000e+03,2.211000000000000000e+03,2.211000000000000000e+03,2.211000000000000000e+03,2.211000000000000000e+03,2.211000000000000000e+03,2.211000000000000000e+03,2.211000000000000000e+03,2.211000000000000000e+03,2.211000000000000000e+03,2.211000000000000000e+03,2.211000000000000000e+03,2.211000000000000000e+03,2.211000000000000000e+03,2.211000000000000000e+03,2.211000000000000000e+03,2.211000000000000000e+03,2.211000000000000000e+03,2.211000000000000000e+03,2.211000000000000000e+03,2.211000000000000000e+03,2.211000000000000000e+03,2.211000000000000000e+03,2.211000000000000000e+03,2.211000000000000000e+03,2.211000000000000000e+03,2.211000000000000000e+03,2.211000000000000000e+03,2.211000000000000000e+03,2.211000000000000000e+03,2.211000000000000000e+03,2.211000000000000000e+03,2.211000000000000000e+03,2.211000000000000000e+03,2.211000000000000000e+03,2.211000000000000000e+03,2.211000000000000000e+03,2.211000000000000000e+03,2.211000000000000000e+03,2.211000000000000000e+03,2.211000000000000000e+03,2.211000000000000000e+03,2.211000000000000000e+03,2.211000000000000000e+03,2.211000000000000000e+03,2.211000000000000000e+03,2.211000000000000000e+03,2.211000000000000000e+03,2.211000000000000000e+03,2.211000000000000000e+03,2.211000000000000000e+03,2.211000000000000000e+03,2.211000000000000000e+03,2.211000000000000000e+03,2.212000000000000000e+03,2.212000000000000000e+03,2.212000000000000000e+03,2.212000000000000000e+03,2.212000000000000000e+03,2.212000000000000000e+03,2.212000000000000000e+03,2.212000000000000000e+03,2.212000000000000000e+03,2.212000000000000000e+03,2.212000000000000000e+03,2.212000000000000000e+03,2.212000000000000000e+03,2.212000000000000000e+03,2.212000000000000000e+03,2.212000000000000000e+03,2.212000000000000000e+03,2.212000000000000000e+03,2.212000000000000000e+03,2.212000000000000000e+03,2.212000000000000000e+03,2.212000000000000000e+03,2.212000000000000000e+03,2.212000000000000000e+03,2.212000000000000000e+03,2.212000000000000000e+03,2.212000000000000000e+03,2.212000000000000000e+03,2.212000000000000000e+03,2.212000000000000000e+03,2.212000000000000000e+03,2.212000000000000000e+03,2.212000000000000000e+03,2.212000000000000000e+03,2.212000000000000000e+03,2.212000000000000000e+03,2.212000000000000000e+03,2.212000000000000000e+03,2.212000000000000000e+03,2.212000000000000000e+03,2.212000000000000000e+03,2.212000000000000000e+03,2.212000000000000000e+03,2.212000000000000000e+03,2.212000000000000000e+03,2.212000000000000000e+03,2.212000000000000000e+03,2.212000000000000000e+03,2.212000000000000000e+03,2.212000000000000000e+03,2.212000000000000000e+03,2.212000000000000000e+03,2.212000000000000000e+03,2.212000000000000000e+03,2.212000000000000000e+03,2.212000000000000000e+03,2.212000000000000000e+03,2.212000000000000000e+03,2.212000000000000000e+03,2.212000000000000000e+03,2.212000000000000000e+03,2.212000000000000000e+03,2.212000000000000000e+03,2.212000000000000000e+03,2.212000000000000000e+03,2.212000000000000000e+03,2.212000000000000000e+03,2.212000000000000000e+03,2.212000000000000000e+03,2.212000000000000000e+03,2.212000000000000000e+03,2.213000000000000000e+03,2.213000000000000000e+03,2.213000000000000000e+03,2.213000000000000000e+03,2.213000000000000000e+03,2.213000000000000000e+03,2.213000000000000000e+03,2.213000000000000000e+03,2.213000000000000000e+03,2.213000000000000000e+03,2.213000000000000000e+03,2.213000000000000000e+03,2.213000000000000000e+03,2.213000000000000000e+03,2.213000000000000000e+03,2.213000000000000000e+03,2.213000000000000000e+03,2.213000000000000000e+03,2.213000000000000000e+03,2.213000000000000000e+03,2.213000000000000000e+03,2.213000000000000000e+03,2.213000000000000000e+03,2.213000000000000000e+03,2.213000000000000000e+03,2.213000000000000000e+03,2.213000000000000000e+03,2.213000000000000000e+03,2.213000000000000000e+03,2.213000000000000000e+03,2.213000000000000000e+03,2.213000000000000000e+03,2.213000000000000000e+03,2.213000000000000000e+03,2.213000000000000000e+03,2.213000000000000000e+03,2.213000000000000000e+03,2.213000000000000000e+03,2.213000000000000000e+03,2.213000000000000000e+03,2.213000000000000000e+03,2.213000000000000000e+03,2.213000000000000000e+03,2.213000000000000000e+03,2.213000000000000000e+03,2.213000000000000000e+03,2.213000000000000000e+03,2.213000000000000000e+03,2.213000000000000000e+03,2.213000000000000000e+03,2.213000000000000000e+03,2.213000000000000000e+03,2.213000000000000000e+03,2.213000000000000000e+03,2.213000000000000000e+03,2.213000000000000000e+03,2.213000000000000000e+03,2.213000000000000000e+03,2.213000000000000000e+03,2.213000000000000000e+03,2.213000000000000000e+03,2.213000000000000000e+03,2.213000000000000000e+03,2.213000000000000000e+03,2.213000000000000000e+03,2.213000000000000000e+03,2.213000000000000000e+03,2.213000000000000000e+03,2.213000000000000000e+03,2.213000000000000000e+03,2.214000000000000000e+03,2.214000000000000000e+03,2.214000000000000000e+03,2.214000000000000000e+03,2.214000000000000000e+03,2.214000000000000000e+03,2.214000000000000000e+03,2.214000000000000000e+03,2.214000000000000000e+03,2.214000000000000000e+03,2.214000000000000000e+03,2.214000000000000000e+03,2.214000000000000000e+03,2.214000000000000000e+03,2.214000000000000000e+03,2.214000000000000000e+03,2.214000000000000000e+03,2.214000000000000000e+03,2.214000000000000000e+03,2.214000000000000000e+03,2.214000000000000000e+03,2.214000000000000000e+03,2.214000000000000000e+03,2.214000000000000000e+03,2.214000000000000000e+03,2.214000000000000000e+03,2.214000000000000000e+03,2.214000000000000000e+03,2.214000000000000000e+03,2.214000000000000000e+03,2.214000000000000000e+03,2.214000000000000000e+03,2.214000000000000000e+03,2.214000000000000000e+03,2.214000000000000000e+03,2.214000000000000000e+03,2.214000000000000000e+03,2.214000000000000000e+03,2.214000000000000000e+03,2.214000000000000000e+03,2.214000000000000000e+03,2.214000000000000000e+03,2.214000000000000000e+03,2.214000000000000000e+03,2.214000000000000000e+03,2.214000000000000000e+03,2.214000000000000000e+03,2.214000000000000000e+03,2.214000000000000000e+03,2.214000000000000000e+03,2.214000000000000000e+03,2.214000000000000000e+03,2.214000000000000000e+03,2.214000000000000000e+03,2.214000000000000000e+03,2.214000000000000000e+03,2.214000000000000000e+03,2.214000000000000000e+03,2.214000000000000000e+03,2.214000000000000000e+03,2.214000000000000000e+03,2.214000000000000000e+03,2.214000000000000000e+03,2.214000000000000000e+03,2.214000000000000000e+03,2.214000000000000000e+03,2.214000000000000000e+03,2.214000000000000000e+03,2.214000000000000000e+03,2.214000000000000000e+03,2.215000000000000000e+03,2.215000000000000000e+03,2.215000000000000000e+03,2.215000000000000000e+03,2.215000000000000000e+03,2.215000000000000000e+03,2.215000000000000000e+03,2.215000000000000000e+03,2.215000000000000000e+03,2.215000000000000000e+03,2.215000000000000000e+03,2.215000000000000000e+03,2.215000000000000000e+03,2.215000000000000000e+03,2.215000000000000000e+03,2.215000000000000000e+03,2.215000000000000000e+03,2.215000000000000000e+03,2.215000000000000000e+03,2.215000000000000000e+03,2.215000000000000000e+03,2.215000000000000000e+03,2.215000000000000000e+03,2.215000000000000000e+03,2.215000000000000000e+03,2.215000000000000000e+03,2.215000000000000000e+03,2.215000000000000000e+03,2.215000000000000000e+03,2.215000000000000000e+03,2.215000000000000000e+03,2.215000000000000000e+03,2.215000000000000000e+03,2.215000000000000000e+03,2.215000000000000000e+03,2.215000000000000000e+03,2.215000000000000000e+03,2.215000000000000000e+03,2.215000000000000000e+03,2.215000000000000000e+03,2.215000000000000000e+03,2.215000000000000000e+03,2.215000000000000000e+03,2.215000000000000000e+03,2.215000000000000000e+03,2.215000000000000000e+03,2.215000000000000000e+03,2.215000000000000000e+03,2.215000000000000000e+03,2.215000000000000000e+03,2.215000000000000000e+03,2.215000000000000000e+03,2.215000000000000000e+03,2.215000000000000000e+03,2.215000000000000000e+03,2.215000000000000000e+03,2.215000000000000000e+03,2.215000000000000000e+03,2.215000000000000000e+03,2.215000000000000000e+03,2.215000000000000000e+03,2.215000000000000000e+03,2.215000000000000000e+03,2.215000000000000000e+03,2.215000000000000000e+03,2.215000000000000000e+03,2.215000000000000000e+03,2.215000000000000000e+03,2.215000000000000000e+03,2.216000000000000000e+03,2.216000000000000000e+03,2.216000000000000000e+03,2.216000000000000000e+03,2.216000000000000000e+03,2.216000000000000000e+03,2.216000000000000000e+03,2.216000000000000000e+03,2.216000000000000000e+03,2.216000000000000000e+03,2.216000000000000000e+03,2.216000000000000000e+03,2.216000000000000000e+03,2.216000000000000000e+03,2.216000000000000000e+03,2.216000000000000000e+03,2.216000000000000000e+03,2.216000000000000000e+03,2.216000000000000000e+03,2.216000000000000000e+03,2.216000000000000000e+03,2.216000000000000000e+03,2.216000000000000000e+03,2.216000000000000000e+03,2.216000000000000000e+03,2.216000000000000000e+03,2.216000000000000000e+03,2.216000000000000000e+03,2.216000000000000000e+03,2.216000000000000000e+03,2.216000000000000000e+03,2.216000000000000000e+03,2.216000000000000000e+03,2.216000000000000000e+03,2.216000000000000000e+03,2.216000000000000000e+03,2.216000000000000000e+03,2.216000000000000000e+03,2.216000000000000000e+03,2.216000000000000000e+03,2.216000000000000000e+03,2.216000000000000000e+03,2.216000000000000000e+03,2.216000000000000000e+03,2.216000000000000000e+03,2.216000000000000000e+03,2.216000000000000000e+03,2.216000000000000000e+03,2.216000000000000000e+03,2.216000000000000000e+03,2.216000000000000000e+03,2.216000000000000000e+03,2.216000000000000000e+03,2.216000000000000000e+03,2.216000000000000000e+03,2.216000000000000000e+03,2.216000000000000000e+03,2.216000000000000000e+03,2.216000000000000000e+03,2.216000000000000000e+03,2.216000000000000000e+03,2.216000000000000000e+03,2.216000000000000000e+03,2.216000000000000000e+03,2.216000000000000000e+03,2.216000000000000000e+03,2.216000000000000000e+03,2.216000000000000000e+03,2.217000000000000000e+03,2.217000000000000000e+03,2.217000000000000000e+03,2.217000000000000000e+03,2.217000000000000000e+03,2.217000000000000000e+03,2.217000000000000000e+03,2.217000000000000000e+03,2.217000000000000000e+03,2.217000000000000000e+03,2.217000000000000000e+03,2.217000000000000000e+03,2.217000000000000000e+03,2.217000000000000000e+03,2.217000000000000000e+03,2.217000000000000000e+03,2.217000000000000000e+03,2.217000000000000000e+03,2.217000000000000000e+03,2.217000000000000000e+03,2.217000000000000000e+03,2.217000000000000000e+03,2.217000000000000000e+03,2.217000000000000000e+03,2.217000000000000000e+03,2.217000000000000000e+03,2.217000000000000000e+03,2.217000000000000000e+03,2.217000000000000000e+03,2.217000000000000000e+03,2.217000000000000000e+03,2.217000000000000000e+03,2.217000000000000000e+03,2.217000000000000000e+03,2.217000000000000000e+03,2.217000000000000000e+03,2.217000000000000000e+03,2.217000000000000000e+03,2.217000000000000000e+03,2.217000000000000000e+03,2.217000000000000000e+03,2.217000000000000000e+03,2.217000000000000000e+03,2.217000000000000000e+03,2.217000000000000000e+03,2.217000000000000000e+03,2.217000000000000000e+03,2.217000000000000000e+03,2.217000000000000000e+03,2.217000000000000000e+03,2.217000000000000000e+03,2.217000000000000000e+03,2.217000000000000000e+03,2.217000000000000000e+03,2.217000000000000000e+03,2.217000000000000000e+03,2.217000000000000000e+03,2.217000000000000000e+03,2.217000000000000000e+03,2.217000000000000000e+03,2.217000000000000000e+03,2.217000000000000000e+03,2.217000000000000000e+03,2.217000000000000000e+03,2.217000000000000000e+03,2.217000000000000000e+03,2.217000000000000000e+03,2.217000000000000000e+03,2.218000000000000000e+03,2.218000000000000000e+03,2.218000000000000000e+03,2.218000000000000000e+03,2.218000000000000000e+03,2.218000000000000000e+03,2.218000000000000000e+03,2.218000000000000000e+03,2.218000000000000000e+03,2.218000000000000000e+03,2.218000000000000000e+03,2.218000000000000000e+03,2.218000000000000000e+03,2.218000000000000000e+03,2.218000000000000000e+03,2.218000000000000000e+03,2.218000000000000000e+03,2.218000000000000000e+03,2.218000000000000000e+03,2.218000000000000000e+03,2.218000000000000000e+03,2.218000000000000000e+03,2.218000000000000000e+03,2.218000000000000000e+03,2.218000000000000000e+03,2.218000000000000000e+03,2.218000000000000000e+03,2.218000000000000000e+03,2.218000000000000000e+03,2.218000000000000000e+03,2.218000000000000000e+03,2.218000000000000000e+03,2.218000000000000000e+03,2.218000000000000000e+03,2.218000000000000000e+03,2.218000000000000000e+03,2.218000000000000000e+03,2.218000000000000000e+03,2.218000000000000000e+03,2.218000000000000000e+03,2.218000000000000000e+03,2.218000000000000000e+03,2.218000000000000000e+03,2.218000000000000000e+03,2.218000000000000000e+03,2.218000000000000000e+03,2.218000000000000000e+03,2.218000000000000000e+03,2.218000000000000000e+03,2.218000000000000000e+03,2.218000000000000000e+03,2.218000000000000000e+03,2.218000000000000000e+03,2.218000000000000000e+03,2.218000000000000000e+03,2.218000000000000000e+03,2.218000000000000000e+03,2.218000000000000000e+03,2.218000000000000000e+03,2.218000000000000000e+03,2.218000000000000000e+03,2.218000000000000000e+03,2.218000000000000000e+03,2.218000000000000000e+03,2.218000000000000000e+03,2.218000000000000000e+03,2.218000000000000000e+03,2.219000000000000000e+03,2.219000000000000000e+03,2.219000000000000000e+03,2.219000000000000000e+03,2.219000000000000000e+03,2.219000000000000000e+03,2.219000000000000000e+03,2.219000000000000000e+03,2.219000000000000000e+03,2.219000000000000000e+03,2.219000000000000000e+03,2.219000000000000000e+03,2.219000000000000000e+03,2.219000000000000000e+03,2.219000000000000000e+03,2.219000000000000000e+03,2.219000000000000000e+03,2.219000000000000000e+03,2.219000000000000000e+03,2.219000000000000000e+03,2.219000000000000000e+03,2.219000000000000000e+03,2.219000000000000000e+03,2.219000000000000000e+03,2.219000000000000000e+03,2.219000000000000000e+03,2.219000000000000000e+03,2.219000000000000000e+03,2.219000000000000000e+03,2.219000000000000000e+03,2.219000000000000000e+03,2.219000000000000000e+03,2.219000000000000000e+03,2.219000000000000000e+03,2.219000000000000000e+03,2.219000000000000000e+03,2.219000000000000000e+03,2.219000000000000000e+03,2.219000000000000000e+03,2.219000000000000000e+03,2.219000000000000000e+03,2.219000000000000000e+03,2.219000000000000000e+03,2.219000000000000000e+03,2.219000000000000000e+03,2.219000000000000000e+03,2.219000000000000000e+03,2.219000000000000000e+03,2.219000000000000000e+03,2.219000000000000000e+03,2.219000000000000000e+03,2.219000000000000000e+03,2.219000000000000000e+03,2.219000000000000000e+03,2.219000000000000000e+03,2.219000000000000000e+03,2.219000000000000000e+03,2.219000000000000000e+03,2.219000000000000000e+03,2.219000000000000000e+03,2.219000000000000000e+03,2.219000000000000000e+03,2.219000000000000000e+03,2.219000000000000000e+03,2.219000000000000000e+03,2.219000000000000000e+03,2.220000000000000000e+03,2.220000000000000000e+03,2.220000000000000000e+03,2.220000000000000000e+03,2.220000000000000000e+03,2.220000000000000000e+03,2.220000000000000000e+03,2.220000000000000000e+03,2.220000000000000000e+03,2.220000000000000000e+03,2.220000000000000000e+03,2.220000000000000000e+03,2.220000000000000000e+03,2.220000000000000000e+03,2.220000000000000000e+03,2.220000000000000000e+03,2.220000000000000000e+03,2.220000000000000000e+03,2.220000000000000000e+03,2.220000000000000000e+03,2.220000000000000000e+03,2.220000000000000000e+03,2.220000000000000000e+03,2.220000000000000000e+03,2.220000000000000000e+03,2.220000000000000000e+03,2.220000000000000000e+03,2.220000000000000000e+03,2.220000000000000000e+03,2.220000000000000000e+03,2.220000000000000000e+03,2.220000000000000000e+03,2.220000000000000000e+03,2.220000000000000000e+03,2.220000000000000000e+03,2.220000000000000000e+03,2.220000000000000000e+03,2.220000000000000000e+03,2.220000000000000000e+03,2.220000000000000000e+03,2.220000000000000000e+03,2.220000000000000000e+03,2.220000000000000000e+03,2.220000000000000000e+03,2.220000000000000000e+03,2.220000000000000000e+03,2.220000000000000000e+03,2.220000000000000000e+03,2.220000000000000000e+03,2.220000000000000000e+03,2.220000000000000000e+03,2.220000000000000000e+03,2.220000000000000000e+03,2.220000000000000000e+03,2.220000000000000000e+03,2.220000000000000000e+03,2.220000000000000000e+03,2.220000000000000000e+03,2.220000000000000000e+03,2.220000000000000000e+03,2.220000000000000000e+03,2.220000000000000000e+03,2.220000000000000000e+03,2.220000000000000000e+03,2.220000000000000000e+03,2.221000000000000000e+03,2.221000000000000000e+03,2.221000000000000000e+03,2.221000000000000000e+03,2.221000000000000000e+03,2.221000000000000000e+03,2.221000000000000000e+03,2.221000000000000000e+03,2.221000000000000000e+03,2.221000000000000000e+03,2.221000000000000000e+03,2.221000000000000000e+03,2.221000000000000000e+03,2.221000000000000000e+03,2.221000000000000000e+03,2.221000000000000000e+03,2.221000000000000000e+03,2.221000000000000000e+03,2.221000000000000000e+03,2.221000000000000000e+03,2.221000000000000000e+03,2.221000000000000000e+03,2.221000000000000000e+03,2.221000000000000000e+03,2.221000000000000000e+03,2.221000000000000000e+03,2.221000000000000000e+03,2.221000000000000000e+03,2.221000000000000000e+03,2.221000000000000000e+03,2.221000000000000000e+03,2.221000000000000000e+03,2.221000000000000000e+03,2.221000000000000000e+03,2.221000000000000000e+03,2.221000000000000000e+03,2.221000000000000000e+03,2.221000000000000000e+03,2.221000000000000000e+03,2.221000000000000000e+03,2.221000000000000000e+03,2.221000000000000000e+03,2.221000000000000000e+03,2.221000000000000000e+03,2.221000000000000000e+03,2.221000000000000000e+03,2.221000000000000000e+03,2.221000000000000000e+03,2.221000000000000000e+03,2.221000000000000000e+03,2.221000000000000000e+03,2.221000000000000000e+03,2.221000000000000000e+03,2.221000000000000000e+03,2.221000000000000000e+03,2.221000000000000000e+03,2.221000000000000000e+03,2.221000000000000000e+03,2.221000000000000000e+03,2.221000000000000000e+03,2.221000000000000000e+03,2.221000000000000000e+03,2.221000000000000000e+03,2.222000000000000000e+03,2.222000000000000000e+03,2.222000000000000000e+03,2.222000000000000000e+03,2.222000000000000000e+03,2.222000000000000000e+03,2.222000000000000000e+03,2.222000000000000000e+03,2.222000000000000000e+03,2.222000000000000000e+03,2.222000000000000000e+03,2.222000000000000000e+03,2.222000000000000000e+03,2.222000000000000000e+03,2.222000000000000000e+03,2.222000000000000000e+03,2.222000000000000000e+03,2.222000000000000000e+03,2.222000000000000000e+03,2.222000000000000000e+03,2.222000000000000000e+03,2.222000000000000000e+03,2.222000000000000000e+03,2.222000000000000000e+03,2.222000000000000000e+03,2.222000000000000000e+03,2.222000000000000000e+03,2.222000000000000000e+03,2.222000000000000000e+03,2.222000000000000000e+03,2.222000000000000000e+03,2.222000000000000000e+03,2.222000000000000000e+03,2.222000000000000000e+03,2.222000000000000000e+03,2.222000000000000000e+03,2.222000000000000000e+03,2.222000000000000000e+03,2.222000000000000000e+03,2.222000000000000000e+03,2.222000000000000000e+03,2.222000000000000000e+03,2.222000000000000000e+03,2.222000000000000000e+03,2.222000000000000000e+03,2.222000000000000000e+03,2.222000000000000000e+03,2.222000000000000000e+03,2.222000000000000000e+03,2.222000000000000000e+03,2.222000000000000000e+03,2.222000000000000000e+03,2.222000000000000000e+03,2.222000000000000000e+03,2.222000000000000000e+03,2.222000000000000000e+03,2.222000000000000000e+03,2.222000000000000000e+03,2.222000000000000000e+03,2.222000000000000000e+03,2.222000000000000000e+03,2.222000000000000000e+03,2.223000000000000000e+03,2.223000000000000000e+03,2.223000000000000000e+03,2.223000000000000000e+03,2.223000000000000000e+03,2.223000000000000000e+03,2.223000000000000000e+03,2.223000000000000000e+03,2.223000000000000000e+03,2.223000000000000000e+03,2.223000000000000000e+03,2.223000000000000000e+03,2.223000000000000000e+03,2.223000000000000000e+03,2.223000000000000000e+03,2.223000000000000000e+03,2.223000000000000000e+03,2.223000000000000000e+03,2.223000000000000000e+03,2.223000000000000000e+03,2.223000000000000000e+03,2.223000000000000000e+03,2.223000000000000000e+03,2.223000000000000000e+03,2.223000000000000000e+03,2.223000000000000000e+03,2.223000000000000000e+03,2.223000000000000000e+03,2.223000000000000000e+03,2.223000000000000000e+03,2.223000000000000000e+03,2.223000000000000000e+03,2.223000000000000000e+03,2.223000000000000000e+03,2.223000000000000000e+03,2.223000000000000000e+03,2.223000000000000000e+03,2.223000000000000000e+03,2.223000000000000000e+03,2.223000000000000000e+03,2.223000000000000000e+03,2.223000000000000000e+03,2.223000000000000000e+03,2.223000000000000000e+03,2.223000000000000000e+03,2.223000000000000000e+03,2.223000000000000000e+03,2.223000000000000000e+03,2.223000000000000000e+03,2.223000000000000000e+03,2.223000000000000000e+03,2.223000000000000000e+03,2.223000000000000000e+03,2.223000000000000000e+03,2.223000000000000000e+03,2.223000000000000000e+03,2.223000000000000000e+03,2.223000000000000000e+03,2.223000000000000000e+03,2.223000000000000000e+03,2.224000000000000000e+03,2.224000000000000000e+03,2.224000000000000000e+03,2.224000000000000000e+03,2.224000000000000000e+03,2.224000000000000000e+03,2.224000000000000000e+03,2.224000000000000000e+03,2.224000000000000000e+03,2.224000000000000000e+03,2.224000000000000000e+03,2.224000000000000000e+03,2.224000000000000000e+03,2.224000000000000000e+03,2.224000000000000000e+03,2.224000000000000000e+03,2.224000000000000000e+03,2.224000000000000000e+03,2.224000000000000000e+03,2.224000000000000000e+03,2.224000000000000000e+03,2.224000000000000000e+03,2.224000000000000000e+03,2.224000000000000000e+03,2.224000000000000000e+03,2.224000000000000000e+03,2.224000000000000000e+03,2.224000000000000000e+03,2.224000000000000000e+03,2.224000000000000000e+03,2.224000000000000000e+03,2.224000000000000000e+03,2.224000000000000000e+03,2.224000000000000000e+03,2.224000000000000000e+03,2.224000000000000000e+03,2.224000000000000000e+03,2.224000000000000000e+03,2.224000000000000000e+03,2.224000000000000000e+03,2.224000000000000000e+03,2.224000000000000000e+03,2.224000000000000000e+03,2.224000000000000000e+03,2.224000000000000000e+03,2.224000000000000000e+03,2.224000000000000000e+03,2.224000000000000000e+03,2.224000000000000000e+03,2.224000000000000000e+03,2.224000000000000000e+03,2.224000000000000000e+03,2.224000000000000000e+03,2.224000000000000000e+03,2.224000000000000000e+03,2.224000000000000000e+03,2.224000000000000000e+03,2.224000000000000000e+03,2.224000000000000000e+03,2.225000000000000000e+03,2.225000000000000000e+03,2.225000000000000000e+03,2.225000000000000000e+03,2.225000000000000000e+03,2.225000000000000000e+03,2.225000000000000000e+03,2.225000000000000000e+03,2.225000000000000000e+03,2.225000000000000000e+03,2.225000000000000000e+03,2.225000000000000000e+03,2.225000000000000000e+03,2.225000000000000000e+03,2.225000000000000000e+03,2.225000000000000000e+03,2.225000000000000000e+03,2.225000000000000000e+03,2.225000000000000000e+03,2.225000000000000000e+03,2.225000000000000000e+03,2.225000000000000000e+03,2.225000000000000000e+03,2.225000000000000000e+03,2.225000000000000000e+03,2.225000000000000000e+03,2.225000000000000000e+03,2.225000000000000000e+03,2.225000000000000000e+03,2.225000000000000000e+03,2.225000000000000000e+03,2.225000000000000000e+03,2.225000000000000000e+03,2.225000000000000000e+03,2.225000000000000000e+03,2.225000000000000000e+03,2.225000000000000000e+03,2.225000000000000000e+03,2.225000000000000000e+03,2.225000000000000000e+03,2.225000000000000000e+03,2.225000000000000000e+03,2.225000000000000000e+03,2.225000000000000000e+03,2.225000000000000000e+03,2.225000000000000000e+03,2.225000000000000000e+03,2.225000000000000000e+03,2.225000000000000000e+03,2.225000000000000000e+03,2.225000000000000000e+03,2.225000000000000000e+03,2.225000000000000000e+03,2.225000000000000000e+03,2.225000000000000000e+03,2.225000000000000000e+03,2.225000000000000000e+03,2.225000000000000000e+03,2.226000000000000000e+03,2.226000000000000000e+03,2.226000000000000000e+03,2.226000000000000000e+03,2.226000000000000000e+03,2.226000000000000000e+03,2.226000000000000000e+03,2.226000000000000000e+03,2.226000000000000000e+03,2.226000000000000000e+03,2.226000000000000000e+03,2.226000000000000000e+03,2.226000000000000000e+03,2.226000000000000000e+03,2.226000000000000000e+03,2.226000000000000000e+03,2.226000000000000000e+03,2.226000000000000000e+03,2.226000000000000000e+03,2.226000000000000000e+03,2.226000000000000000e+03,2.226000000000000000e+03,2.226000000000000000e+03,2.226000000000000000e+03,2.226000000000000000e+03,2.226000000000000000e+03,2.226000000000000000e+03,2.226000000000000000e+03,2.226000000000000000e+03,2.226000000000000000e+03,2.226000000000000000e+03,2.226000000000000000e+03,2.226000000000000000e+03,2.226000000000000000e+03,2.226000000000000000e+03,2.226000000000000000e+03,2.226000000000000000e+03,2.226000000000000000e+03,2.226000000000000000e+03,2.226000000000000000e+03,2.226000000000000000e+03,2.226000000000000000e+03,2.226000000000000000e+03,2.226000000000000000e+03,2.226000000000000000e+03,2.226000000000000000e+03,2.226000000000000000e+03,2.226000000000000000e+03,2.226000000000000000e+03,2.226000000000000000e+03,2.226000000000000000e+03,2.226000000000000000e+03,2.226000000000000000e+03,2.226000000000000000e+03,2.226000000000000000e+03,2.226000000000000000e+03,2.226000000000000000e+03,2.226000000000000000e+03,2.227000000000000000e+03,2.227000000000000000e+03,2.227000000000000000e+03,2.227000000000000000e+03,2.227000000000000000e+03,2.227000000000000000e+03,2.227000000000000000e+03,2.227000000000000000e+03,2.227000000000000000e+03,2.227000000000000000e+03,2.227000000000000000e+03,2.227000000000000000e+03,2.227000000000000000e+03,2.227000000000000000e+03,2.227000000000000000e+03,2.227000000000000000e+03,2.227000000000000000e+03,2.227000000000000000e+03,2.227000000000000000e+03,2.227000000000000000e+03,2.227000000000000000e+03,2.227000000000000000e+03,2.227000000000000000e+03,2.227000000000000000e+03,2.227000000000000000e+03,2.227000000000000000e+03,2.227000000000000000e+03,2.227000000000000000e+03,2.227000000000000000e+03,2.227000000000000000e+03,2.227000000000000000e+03,2.227000000000000000e+03,2.227000000000000000e+03,2.227000000000000000e+03,2.227000000000000000e+03,2.227000000000000000e+03,2.227000000000000000e+03,2.227000000000000000e+03,2.227000000000000000e+03,2.227000000000000000e+03,2.227000000000000000e+03,2.227000000000000000e+03,2.227000000000000000e+03,2.227000000000000000e+03,2.227000000000000000e+03,2.227000000000000000e+03,2.227000000000000000e+03,2.227000000000000000e+03,2.227000000000000000e+03,2.227000000000000000e+03,2.227000000000000000e+03,2.227000000000000000e+03,2.227000000000000000e+03,2.227000000000000000e+03,2.227000000000000000e+03,2.227000000000000000e+03,2.227000000000000000e+03,2.228000000000000000e+03,2.228000000000000000e+03,2.228000000000000000e+03,2.228000000000000000e+03,2.228000000000000000e+03,2.228000000000000000e+03,2.228000000000000000e+03,2.228000000000000000e+03,2.228000000000000000e+03,2.228000000000000000e+03,2.228000000000000000e+03,2.228000000000000000e+03,2.228000000000000000e+03,2.228000000000000000e+03,2.228000000000000000e+03,2.228000000000000000e+03,2.228000000000000000e+03,2.228000000000000000e+03,2.228000000000000000e+03,2.228000000000000000e+03,2.228000000000000000e+03,2.228000000000000000e+03,2.228000000000000000e+03,2.228000000000000000e+03,2.228000000000000000e+03,2.228000000000000000e+03,2.228000000000000000e+03,2.228000000000000000e+03,2.228000000000000000e+03,2.228000000000000000e+03,2.228000000000000000e+03,2.228000000000000000e+03,2.228000000000000000e+03,2.228000000000000000e+03,2.228000000000000000e+03,2.228000000000000000e+03,2.228000000000000000e+03,2.228000000000000000e+03,2.228000000000000000e+03,2.228000000000000000e+03,2.228000000000000000e+03,2.228000000000000000e+03,2.228000000000000000e+03,2.228000000000000000e+03,2.228000000000000000e+03,2.228000000000000000e+03,2.228000000000000000e+03,2.228000000000000000e+03,2.228000000000000000e+03,2.228000000000000000e+03,2.228000000000000000e+03,2.228000000000000000e+03,2.228000000000000000e+03,2.228000000000000000e+03,2.228000000000000000e+03,2.228000000000000000e+03,2.228000000000000000e+03,2.229000000000000000e+03,2.229000000000000000e+03,2.229000000000000000e+03,2.229000000000000000e+03,2.229000000000000000e+03,2.229000000000000000e+03,2.229000000000000000e+03,2.229000000000000000e+03,2.229000000000000000e+03,2.229000000000000000e+03,2.229000000000000000e+03,2.229000000000000000e+03,2.229000000000000000e+03,2.229000000000000000e+03,2.229000000000000000e+03,2.229000000000000000e+03,2.229000000000000000e+03,2.229000000000000000e+03,2.229000000000000000e+03,2.229000000000000000e+03,2.229000000000000000e+03,2.229000000000000000e+03,2.229000000000000000e+03,2.229000000000000000e+03,2.229000000000000000e+03,2.229000000000000000e+03,2.229000000000000000e+03,2.229000000000000000e+03,2.229000000000000000e+03,2.229000000000000000e+03,2.229000000000000000e+03,2.229000000000000000e+03,2.229000000000000000e+03,2.229000000000000000e+03,2.229000000000000000e+03,2.229000000000000000e+03,2.229000000000000000e+03,2.229000000000000000e+03,2.229000000000000000e+03,2.229000000000000000e+03,2.229000000000000000e+03,2.229000000000000000e+03,2.229000000000000000e+03,2.229000000000000000e+03,2.229000000000000000e+03,2.229000000000000000e+03,2.229000000000000000e+03,2.229000000000000000e+03,2.229000000000000000e+03,2.229000000000000000e+03,2.229000000000000000e+03,2.229000000000000000e+03,2.229000000000000000e+03,2.229000000000000000e+03,2.229000000000000000e+03,2.229000000000000000e+03,2.230000000000000000e+03,2.230000000000000000e+03,2.230000000000000000e+03,2.230000000000000000e+03,2.230000000000000000e+03,2.230000000000000000e+03,2.230000000000000000e+03,2.230000000000000000e+03,2.230000000000000000e+03,2.230000000000000000e+03,2.230000000000000000e+03,2.230000000000000000e+03,2.230000000000000000e+03,2.230000000000000000e+03,2.230000000000000000e+03,2.230000000000000000e+03,2.230000000000000000e+03,2.230000000000000000e+03,2.230000000000000000e+03,2.230000000000000000e+03,2.230000000000000000e+03,2.230000000000000000e+03,2.230000000000000000e+03,2.230000000000000000e+03,2.230000000000000000e+03,2.230000000000000000e+03,2.230000000000000000e+03,2.230000000000000000e+03,2.230000000000000000e+03,2.230000000000000000e+03,2.230000000000000000e+03,2.230000000000000000e+03,2.230000000000000000e+03,2.230000000000000000e+03,2.230000000000000000e+03,2.230000000000000000e+03,2.230000000000000000e+03,2.230000000000000000e+03,2.230000000000000000e+03,2.230000000000000000e+03,2.230000000000000000e+03,2.230000000000000000e+03,2.230000000000000000e+03,2.230000000000000000e+03,2.230000000000000000e+03,2.230000000000000000e+03,2.230000000000000000e+03,2.230000000000000000e+03,2.230000000000000000e+03,2.230000000000000000e+03,2.230000000000000000e+03,2.230000000000000000e+03,2.230000000000000000e+03,2.230000000000000000e+03,2.230000000000000000e+03,2.230000000000000000e+03,2.231000000000000000e+03,2.231000000000000000e+03,2.231000000000000000e+03,2.231000000000000000e+03,2.231000000000000000e+03,2.231000000000000000e+03,2.231000000000000000e+03,2.231000000000000000e+03,2.231000000000000000e+03,2.231000000000000000e+03,2.231000000000000000e+03,2.231000000000000000e+03,2.231000000000000000e+03,2.231000000000000000e+03,2.231000000000000000e+03,2.231000000000000000e+03,2.231000000000000000e+03,2.231000000000000000e+03,2.231000000000000000e+03,2.231000000000000000e+03,2.231000000000000000e+03,2.231000000000000000e+03,2.231000000000000000e+03,2.231000000000000000e+03,2.231000000000000000e+03,2.231000000000000000e+03,2.231000000000000000e+03,2.231000000000000000e+03,2.231000000000000000e+03,2.231000000000000000e+03,2.231000000000000000e+03,2.231000000000000000e+03,2.231000000000000000e+03,2.231000000000000000e+03,2.231000000000000000e+03,2.231000000000000000e+03,2.231000000000000000e+03,2.231000000000000000e+03,2.231000000000000000e+03,2.231000000000000000e+03,2.231000000000000000e+03,2.231000000000000000e+03,2.231000000000000000e+03,2.231000000000000000e+03,2.231000000000000000e+03,2.231000000000000000e+03,2.231000000000000000e+03,2.231000000000000000e+03,2.231000000000000000e+03,2.231000000000000000e+03,2.231000000000000000e+03,2.231000000000000000e+03,2.231000000000000000e+03,2.231000000000000000e+03,2.231000000000000000e+03,2.232000000000000000e+03,2.232000000000000000e+03,2.232000000000000000e+03,2.232000000000000000e+03,2.232000000000000000e+03,2.232000000000000000e+03,2.232000000000000000e+03,2.232000000000000000e+03,2.232000000000000000e+03,2.232000000000000000e+03,2.232000000000000000e+03,2.232000000000000000e+03,2.232000000000000000e+03,2.232000000000000000e+03,2.232000000000000000e+03,2.232000000000000000e+03,2.232000000000000000e+03,2.232000000000000000e+03,2.232000000000000000e+03,2.232000000000000000e+03,2.232000000000000000e+03,2.232000000000000000e+03,2.232000000000000000e+03,2.232000000000000000e+03,2.232000000000000000e+03,2.232000000000000000e+03,2.232000000000000000e+03,2.232000000000000000e+03,2.232000000000000000e+03,2.232000000000000000e+03,2.232000000000000000e+03,2.232000000000000000e+03,2.232000000000000000e+03,2.232000000000000000e+03,2.232000000000000000e+03,2.232000000000000000e+03,2.232000000000000000e+03,2.232000000000000000e+03,2.232000000000000000e+03,2.232000000000000000e+03,2.232000000000000000e+03,2.232000000000000000e+03,2.232000000000000000e+03,2.232000000000000000e+03,2.232000000000000000e+03,2.232000000000000000e+03,2.232000000000000000e+03,2.232000000000000000e+03,2.232000000000000000e+03,2.232000000000000000e+03,2.232000000000000000e+03,2.232000000000000000e+03,2.232000000000000000e+03,2.232000000000000000e+03,2.232000000000000000e+03,2.233000000000000000e+03,2.233000000000000000e+03,2.233000000000000000e+03,2.233000000000000000e+03,2.233000000000000000e+03,2.233000000000000000e+03,2.233000000000000000e+03,2.233000000000000000e+03,2.233000000000000000e+03,2.233000000000000000e+03,2.233000000000000000e+03,2.233000000000000000e+03,2.233000000000000000e+03,2.233000000000000000e+03,2.233000000000000000e+03,2.233000000000000000e+03,2.233000000000000000e+03,2.233000000000000000e+03,2.233000000000000000e+03,2.233000000000000000e+03,2.233000000000000000e+03,2.233000000000000000e+03,2.233000000000000000e+03,2.233000000000000000e+03,2.233000000000000000e+03,2.233000000000000000e+03,2.233000000000000000e+03,2.233000000000000000e+03,2.233000000000000000e+03,2.233000000000000000e+03,2.233000000000000000e+03,2.233000000000000000e+03,2.233000000000000000e+03,2.233000000000000000e+03,2.233000000000000000e+03,2.233000000000000000e+03,2.233000000000000000e+03,2.233000000000000000e+03,2.233000000000000000e+03,2.233000000000000000e+03,2.233000000000000000e+03,2.233000000000000000e+03,2.233000000000000000e+03,2.233000000000000000e+03,2.233000000000000000e+03,2.233000000000000000e+03,2.233000000000000000e+03,2.233000000000000000e+03,2.233000000000000000e+03,2.233000000000000000e+03,2.233000000000000000e+03,2.233000000000000000e+03,2.233000000000000000e+03,2.233000000000000000e+03,2.234000000000000000e+03,2.234000000000000000e+03,2.234000000000000000e+03,2.234000000000000000e+03,2.234000000000000000e+03,2.234000000000000000e+03,2.234000000000000000e+03,2.234000000000000000e+03,2.234000000000000000e+03,2.234000000000000000e+03,2.234000000000000000e+03,2.234000000000000000e+03,2.234000000000000000e+03,2.234000000000000000e+03,2.234000000000000000e+03,2.234000000000000000e+03,2.234000000000000000e+03,2.234000000000000000e+03,2.234000000000000000e+03,2.234000000000000000e+03,2.234000000000000000e+03,2.234000000000000000e+03,2.234000000000000000e+03,2.234000000000000000e+03,2.234000000000000000e+03,2.234000000000000000e+03,2.234000000000000000e+03,2.234000000000000000e+03,2.234000000000000000e+03,2.234000000000000000e+03,2.234000000000000000e+03,2.234000000000000000e+03,2.234000000000000000e+03,2.234000000000000000e+03,2.234000000000000000e+03,2.234000000000000000e+03,2.234000000000000000e+03,2.234000000000000000e+03,2.234000000000000000e+03,2.234000000000000000e+03,2.234000000000000000e+03,2.234000000000000000e+03,2.234000000000000000e+03,2.234000000000000000e+03,2.234000000000000000e+03,2.234000000000000000e+03,2.234000000000000000e+03,2.234000000000000000e+03,2.234000000000000000e+03,2.234000000000000000e+03,2.234000000000000000e+03,2.234000000000000000e+03,2.234000000000000000e+03,2.235000000000000000e+03,2.235000000000000000e+03,2.235000000000000000e+03,2.235000000000000000e+03,2.235000000000000000e+03,2.235000000000000000e+03,2.235000000000000000e+03,2.235000000000000000e+03,2.235000000000000000e+03,2.235000000000000000e+03,2.235000000000000000e+03,2.235000000000000000e+03,2.235000000000000000e+03,2.235000000000000000e+03,2.235000000000000000e+03,2.235000000000000000e+03,2.235000000000000000e+03,2.235000000000000000e+03,2.235000000000000000e+03,2.235000000000000000e+03,2.235000000000000000e+03,2.235000000000000000e+03,2.235000000000000000e+03,2.235000000000000000e+03,2.235000000000000000e+03,2.235000000000000000e+03,2.235000000000000000e+03,2.235000000000000000e+03,2.235000000000000000e+03,2.235000000000000000e+03,2.235000000000000000e+03,2.235000000000000000e+03,2.235000000000000000e+03,2.235000000000000000e+03,2.235000000000000000e+03,2.235000000000000000e+03,2.235000000000000000e+03,2.235000000000000000e+03,2.235000000000000000e+03,2.235000000000000000e+03,2.235000000000000000e+03,2.235000000000000000e+03,2.235000000000000000e+03,2.235000000000000000e+03,2.235000000000000000e+03,2.235000000000000000e+03,2.235000000000000000e+03,2.235000000000000000e+03,2.235000000000000000e+03,2.235000000000000000e+03,2.235000000000000000e+03,2.235000000000000000e+03,2.236000000000000000e+03,2.236000000000000000e+03,2.236000000000000000e+03,2.236000000000000000e+03,2.236000000000000000e+03,2.236000000000000000e+03,2.236000000000000000e+03,2.236000000000000000e+03,2.236000000000000000e+03,2.236000000000000000e+03,2.236000000000000000e+03,2.236000000000000000e+03,2.236000000000000000e+03,2.236000000000000000e+03,2.236000000000000000e+03,2.236000000000000000e+03,2.236000000000000000e+03,2.236000000000000000e+03,2.236000000000000000e+03,2.236000000000000000e+03,2.236000000000000000e+03,2.236000000000000000e+03,2.236000000000000000e+03,2.236000000000000000e+03,2.236000000000000000e+03,2.236000000000000000e+03,2.236000000000000000e+03,2.236000000000000000e+03,2.236000000000000000e+03,2.236000000000000000e+03,2.236000000000000000e+03,2.236000000000000000e+03,2.236000000000000000e+03,2.236000000000000000e+03,2.236000000000000000e+03,2.236000000000000000e+03,2.236000000000000000e+03,2.236000000000000000e+03,2.236000000000000000e+03,2.236000000000000000e+03,2.236000000000000000e+03,2.236000000000000000e+03,2.236000000000000000e+03,2.236000000000000000e+03,2.236000000000000000e+03,2.236000000000000000e+03,2.236000000000000000e+03,2.236000000000000000e+03,2.236000000000000000e+03,2.236000000000000000e+03,2.236000000000000000e+03,2.236000000000000000e+03,2.237000000000000000e+03,2.237000000000000000e+03,2.237000000000000000e+03,2.237000000000000000e+03,2.237000000000000000e+03,2.237000000000000000e+03,2.237000000000000000e+03,2.237000000000000000e+03,2.237000000000000000e+03,2.237000000000000000e+03,2.237000000000000000e+03,2.237000000000000000e+03,2.237000000000000000e+03,2.237000000000000000e+03,2.237000000000000000e+03,2.237000000000000000e+03,2.237000000000000000e+03,2.237000000000000000e+03,2.237000000000000000e+03,2.237000000000000000e+03,2.237000000000000000e+03,2.237000000000000000e+03,2.237000000000000000e+03,2.237000000000000000e+03,2.237000000000000000e+03,2.237000000000000000e+03,2.237000000000000000e+03,2.237000000000000000e+03,2.237000000000000000e+03,2.237000000000000000e+03,2.237000000000000000e+03,2.237000000000000000e+03,2.237000000000000000e+03,2.237000000000000000e+03,2.237000000000000000e+03,2.237000000000000000e+03,2.237000000000000000e+03,2.237000000000000000e+03,2.237000000000000000e+03,2.237000000000000000e+03,2.237000000000000000e+03,2.237000000000000000e+03,2.237000000000000000e+03,2.237000000000000000e+03,2.237000000000000000e+03,2.237000000000000000e+03,2.237000000000000000e+03,2.237000000000000000e+03,2.237000000000000000e+03,2.237000000000000000e+03,2.238000000000000000e+03,2.238000000000000000e+03,2.238000000000000000e+03,2.238000000000000000e+03,2.238000000000000000e+03,2.238000000000000000e+03,2.238000000000000000e+03,2.238000000000000000e+03,2.238000000000000000e+03,2.238000000000000000e+03,2.238000000000000000e+03,2.238000000000000000e+03,2.238000000000000000e+03,2.238000000000000000e+03,2.238000000000000000e+03,2.238000000000000000e+03,2.238000000000000000e+03,2.238000000000000000e+03,2.238000000000000000e+03,2.238000000000000000e+03,2.238000000000000000e+03,2.238000000000000000e+03,2.238000000000000000e+03,2.238000000000000000e+03,2.238000000000000000e+03,2.238000000000000000e+03,2.238000000000000000e+03,2.238000000000000000e+03,2.238000000000000000e+03,2.238000000000000000e+03,2.238000000000000000e+03,2.238000000000000000e+03,2.238000000000000000e+03,2.238000000000000000e+03,2.238000000000000000e+03,2.238000000000000000e+03,2.238000000000000000e+03,2.238000000000000000e+03,2.238000000000000000e+03,2.238000000000000000e+03,2.238000000000000000e+03,2.238000000000000000e+03,2.238000000000000000e+03,2.238000000000000000e+03,2.238000000000000000e+03,2.238000000000000000e+03,2.238000000000000000e+03,2.238000000000000000e+03,2.238000000000000000e+03,2.239000000000000000e+03,2.239000000000000000e+03,2.239000000000000000e+03,2.239000000000000000e+03,2.239000000000000000e+03,2.239000000000000000e+03,2.239000000000000000e+03,2.239000000000000000e+03,2.239000000000000000e+03,2.239000000000000000e+03,2.239000000000000000e+03,2.239000000000000000e+03,2.239000000000000000e+03,2.239000000000000000e+03,2.239000000000000000e+03,2.239000000000000000e+03,2.239000000000000000e+03,2.239000000000000000e+03,2.239000000000000000e+03,2.239000000000000000e+03,2.239000000000000000e+03,2.239000000000000000e+03,2.239000000000000000e+03,2.239000000000000000e+03,2.239000000000000000e+03,2.239000000000000000e+03,2.239000000000000000e+03,2.239000000000000000e+03,2.239000000000000000e+03,2.239000000000000000e+03,2.239000000000000000e+03,2.239000000000000000e+03,2.239000000000000000e+03,2.239000000000000000e+03,2.239000000000000000e+03,2.239000000000000000e+03,2.239000000000000000e+03,2.239000000000000000e+03,2.239000000000000000e+03,2.239000000000000000e+03,2.239000000000000000e+03,2.239000000000000000e+03,2.239000000000000000e+03,2.239000000000000000e+03,2.239000000000000000e+03,2.239000000000000000e+03,2.239000000000000000e+03,2.239000000000000000e+03,2.239000000000000000e+03,2.240000000000000000e+03,2.240000000000000000e+03,2.240000000000000000e+03,2.240000000000000000e+03,2.240000000000000000e+03,2.240000000000000000e+03,2.240000000000000000e+03,2.240000000000000000e+03,2.240000000000000000e+03,2.240000000000000000e+03,2.240000000000000000e+03,2.240000000000000000e+03,2.240000000000000000e+03,2.240000000000000000e+03,2.240000000000000000e+03,2.240000000000000000e+03,2.240000000000000000e+03,2.240000000000000000e+03,2.240000000000000000e+03,2.240000000000000000e+03,2.240000000000000000e+03,2.240000000000000000e+03,2.240000000000000000e+03,2.240000000000000000e+03,2.240000000000000000e+03,2.240000000000000000e+03,2.240000000000000000e+03,2.240000000000000000e+03,2.240000000000000000e+03,2.240000000000000000e+03,2.240000000000000000e+03,2.240000000000000000e+03,2.240000000000000000e+03,2.240000000000000000e+03,2.240000000000000000e+03,2.240000000000000000e+03,2.240000000000000000e+03,2.240000000000000000e+03,2.240000000000000000e+03,2.240000000000000000e+03,2.240000000000000000e+03,2.240000000000000000e+03,2.240000000000000000e+03,2.240000000000000000e+03,2.240000000000000000e+03,2.240000000000000000e+03,2.240000000000000000e+03,2.240000000000000000e+03,2.241000000000000000e+03,2.241000000000000000e+03,2.241000000000000000e+03,2.241000000000000000e+03,2.241000000000000000e+03,2.241000000000000000e+03,2.241000000000000000e+03,2.241000000000000000e+03,2.241000000000000000e+03,2.241000000000000000e+03,2.241000000000000000e+03,2.241000000000000000e+03,2.241000000000000000e+03,2.241000000000000000e+03,2.241000000000000000e+03,2.241000000000000000e+03,2.241000000000000000e+03,2.241000000000000000e+03,2.241000000000000000e+03,2.241000000000000000e+03,2.241000000000000000e+03,2.241000000000000000e+03,2.241000000000000000e+03,2.241000000000000000e+03,2.241000000000000000e+03,2.241000000000000000e+03,2.241000000000000000e+03,2.241000000000000000e+03,2.241000000000000000e+03,2.241000000000000000e+03,2.241000000000000000e+03,2.241000000000000000e+03,2.241000000000000000e+03,2.241000000000000000e+03,2.241000000000000000e+03,2.241000000000000000e+03,2.241000000000000000e+03,2.241000000000000000e+03,2.241000000000000000e+03,2.241000000000000000e+03,2.241000000000000000e+03,2.241000000000000000e+03,2.241000000000000000e+03,2.241000000000000000e+03,2.241000000000000000e+03,2.241000000000000000e+03,2.241000000000000000e+03,2.241000000000000000e+03,2.242000000000000000e+03,2.242000000000000000e+03,2.242000000000000000e+03,2.242000000000000000e+03,2.242000000000000000e+03,2.242000000000000000e+03,2.242000000000000000e+03,2.242000000000000000e+03,2.242000000000000000e+03,2.242000000000000000e+03,2.242000000000000000e+03,2.242000000000000000e+03,2.242000000000000000e+03,2.242000000000000000e+03,2.242000000000000000e+03,2.242000000000000000e+03,2.242000000000000000e+03,2.242000000000000000e+03,2.242000000000000000e+03,2.242000000000000000e+03,2.242000000000000000e+03,2.242000000000000000e+03,2.242000000000000000e+03,2.242000000000000000e+03,2.242000000000000000e+03,2.242000000000000000e+03,2.242000000000000000e+03,2.242000000000000000e+03,2.242000000000000000e+03,2.242000000000000000e+03,2.242000000000000000e+03,2.242000000000000000e+03,2.242000000000000000e+03,2.242000000000000000e+03,2.242000000000000000e+03,2.242000000000000000e+03,2.242000000000000000e+03,2.242000000000000000e+03,2.242000000000000000e+03,2.242000000000000000e+03,2.242000000000000000e+03,2.242000000000000000e+03,2.242000000000000000e+03,2.242000000000000000e+03,2.242000000000000000e+03,2.242000000000000000e+03,2.242000000000000000e+03,2.243000000000000000e+03,2.243000000000000000e+03,2.243000000000000000e+03,2.243000000000000000e+03,2.243000000000000000e+03,2.243000000000000000e+03,2.243000000000000000e+03,2.243000000000000000e+03,2.243000000000000000e+03,2.243000000000000000e+03,2.243000000000000000e+03,2.243000000000000000e+03,2.243000000000000000e+03,2.243000000000000000e+03,2.243000000000000000e+03,2.243000000000000000e+03,2.243000000000000000e+03,2.243000000000000000e+03,2.243000000000000000e+03,2.243000000000000000e+03,2.243000000000000000e+03,2.243000000000000000e+03,2.243000000000000000e+03,2.243000000000000000e+03,2.243000000000000000e+03,2.243000000000000000e+03,2.243000000000000000e+03,2.243000000000000000e+03,2.243000000000000000e+03,2.243000000000000000e+03,2.243000000000000000e+03,2.243000000000000000e+03,2.243000000000000000e+03,2.243000000000000000e+03,2.243000000000000000e+03,2.243000000000000000e+03,2.243000000000000000e+03,2.243000000000000000e+03,2.243000000000000000e+03,2.243000000000000000e+03,2.243000000000000000e+03,2.243000000000000000e+03,2.243000000000000000e+03,2.243000000000000000e+03,2.243000000000000000e+03,2.243000000000000000e+03,2.243000000000000000e+03,2.244000000000000000e+03,2.244000000000000000e+03,2.244000000000000000e+03,2.244000000000000000e+03,2.244000000000000000e+03,2.244000000000000000e+03,2.244000000000000000e+03,2.244000000000000000e+03,2.244000000000000000e+03,2.244000000000000000e+03,2.244000000000000000e+03,2.244000000000000000e+03,2.244000000000000000e+03,2.244000000000000000e+03,2.244000000000000000e+03,2.244000000000000000e+03,2.244000000000000000e+03,2.244000000000000000e+03,2.244000000000000000e+03,2.244000000000000000e+03,2.244000000000000000e+03,2.244000000000000000e+03,2.244000000000000000e+03,2.244000000000000000e+03,2.244000000000000000e+03,2.244000000000000000e+03,2.244000000000000000e+03,2.244000000000000000e+03,2.244000000000000000e+03,2.244000000000000000e+03,2.244000000000000000e+03,2.244000000000000000e+03,2.244000000000000000e+03,2.244000000000000000e+03,2.244000000000000000e+03,2.244000000000000000e+03,2.244000000000000000e+03,2.244000000000000000e+03,2.244000000000000000e+03,2.244000000000000000e+03,2.244000000000000000e+03,2.244000000000000000e+03,2.244000000000000000e+03,2.244000000000000000e+03,2.244000000000000000e+03,2.244000000000000000e+03,2.245000000000000000e+03,2.245000000000000000e+03,2.245000000000000000e+03,2.245000000000000000e+03,2.245000000000000000e+03,2.245000000000000000e+03,2.245000000000000000e+03,2.245000000000000000e+03,2.245000000000000000e+03,2.245000000000000000e+03,2.245000000000000000e+03,2.245000000000000000e+03,2.245000000000000000e+03,2.245000000000000000e+03,2.245000000000000000e+03,2.245000000000000000e+03,2.245000000000000000e+03,2.245000000000000000e+03,2.245000000000000000e+03,2.245000000000000000e+03,2.245000000000000000e+03,2.245000000000000000e+03,2.245000000000000000e+03,2.245000000000000000e+03,2.245000000000000000e+03,2.245000000000000000e+03,2.245000000000000000e+03,2.245000000000000000e+03,2.245000000000000000e+03,2.245000000000000000e+03,2.245000000000000000e+03,2.245000000000000000e+03,2.245000000000000000e+03,2.245000000000000000e+03,2.245000000000000000e+03,2.245000000000000000e+03,2.245000000000000000e+03,2.245000000000000000e+03,2.245000000000000000e+03,2.245000000000000000e+03,2.245000000000000000e+03,2.245000000000000000e+03,2.245000000000000000e+03,2.245000000000000000e+03,2.245000000000000000e+03,2.245000000000000000e+03,2.246000000000000000e+03,2.246000000000000000e+03,2.246000000000000000e+03,2.246000000000000000e+03,2.246000000000000000e+03,2.246000000000000000e+03,2.246000000000000000e+03,2.246000000000000000e+03,2.246000000000000000e+03,2.246000000000000000e+03,2.246000000000000000e+03,2.246000000000000000e+03,2.246000000000000000e+03,2.246000000000000000e+03,2.246000000000000000e+03,2.246000000000000000e+03,2.246000000000000000e+03,2.246000000000000000e+03,2.246000000000000000e+03,2.246000000000000000e+03,2.246000000000000000e+03,2.246000000000000000e+03,2.246000000000000000e+03,2.246000000000000000e+03,2.246000000000000000e+03,2.246000000000000000e+03,2.246000000000000000e+03,2.246000000000000000e+03,2.246000000000000000e+03,2.246000000000000000e+03,2.246000000000000000e+03,2.246000000000000000e+03,2.246000000000000000e+03,2.246000000000000000e+03,2.246000000000000000e+03,2.246000000000000000e+03,2.246000000000000000e+03,2.246000000000000000e+03,2.246000000000000000e+03,2.246000000000000000e+03,2.246000000000000000e+03,2.246000000000000000e+03,2.246000000000000000e+03,2.246000000000000000e+03,2.246000000000000000e+03,2.247000000000000000e+03,2.247000000000000000e+03,2.247000000000000000e+03,2.247000000000000000e+03,2.247000000000000000e+03,2.247000000000000000e+03,2.247000000000000000e+03,2.247000000000000000e+03,2.247000000000000000e+03,2.247000000000000000e+03,2.247000000000000000e+03,2.247000000000000000e+03,2.247000000000000000e+03,2.247000000000000000e+03,2.247000000000000000e+03,2.247000000000000000e+03,2.247000000000000000e+03,2.247000000000000000e+03,2.247000000000000000e+03,2.247000000000000000e+03,2.247000000000000000e+03,2.247000000000000000e+03,2.247000000000000000e+03,2.247000000000000000e+03,2.247000000000000000e+03,2.247000000000000000e+03,2.247000000000000000e+03,2.247000000000000000e+03,2.247000000000000000e+03,2.247000000000000000e+03,2.247000000000000000e+03,2.247000000000000000e+03,2.247000000000000000e+03,2.247000000000000000e+03,2.247000000000000000e+03,2.247000000000000000e+03,2.247000000000000000e+03,2.247000000000000000e+03,2.247000000000000000e+03,2.247000000000000000e+03,2.247000000000000000e+03,2.247000000000000000e+03,2.247000000000000000e+03,2.247000000000000000e+03,2.248000000000000000e+03,2.248000000000000000e+03,2.248000000000000000e+03,2.248000000000000000e+03,2.248000000000000000e+03,2.248000000000000000e+03,2.248000000000000000e+03,2.248000000000000000e+03,2.248000000000000000e+03,2.248000000000000000e+03,2.248000000000000000e+03,2.248000000000000000e+03,2.248000000000000000e+03,2.248000000000000000e+03,2.248000000000000000e+03,2.248000000000000000e+03,2.248000000000000000e+03,2.248000000000000000e+03,2.248000000000000000e+03,2.248000000000000000e+03,2.248000000000000000e+03,2.248000000000000000e+03,2.248000000000000000e+03,2.248000000000000000e+03,2.248000000000000000e+03,2.248000000000000000e+03,2.248000000000000000e+03,2.248000000000000000e+03,2.248000000000000000e+03,2.248000000000000000e+03,2.248000000000000000e+03,2.248000000000000000e+03,2.248000000000000000e+03,2.248000000000000000e+03,2.248000000000000000e+03,2.248000000000000000e+03,2.248000000000000000e+03,2.248000000000000000e+03,2.248000000000000000e+03,2.248000000000000000e+03,2.248000000000000000e+03,2.248000000000000000e+03,2.248000000000000000e+03,2.249000000000000000e+03,2.249000000000000000e+03,2.249000000000000000e+03,2.249000000000000000e+03,2.249000000000000000e+03,2.249000000000000000e+03,2.249000000000000000e+03,2.249000000000000000e+03,2.249000000000000000e+03,2.249000000000000000e+03,2.249000000000000000e+03,2.249000000000000000e+03,2.249000000000000000e+03,2.249000000000000000e+03,2.249000000000000000e+03,2.249000000000000000e+03,2.249000000000000000e+03,2.249000000000000000e+03,2.249000000000000000e+03,2.249000000000000000e+03,2.249000000000000000e+03,2.249000000000000000e+03,2.249000000000000000e+03,2.249000000000000000e+03,2.249000000000000000e+03,2.249000000000000000e+03,2.249000000000000000e+03,2.249000000000000000e+03,2.249000000000000000e+03,2.249000000000000000e+03,2.249000000000000000e+03,2.249000000000000000e+03,2.249000000000000000e+03,2.249000000000000000e+03,2.249000000000000000e+03,2.249000000000000000e+03,2.249000000000000000e+03,2.249000000000000000e+03,2.249000000000000000e+03,2.249000000000000000e+03,2.249000000000000000e+03,2.249000000000000000e+03,2.250000000000000000e+03,2.250000000000000000e+03,2.250000000000000000e+03,2.250000000000000000e+03,2.250000000000000000e+03,2.250000000000000000e+03,2.250000000000000000e+03,2.250000000000000000e+03,2.250000000000000000e+03,2.250000000000000000e+03,2.250000000000000000e+03,2.250000000000000000e+03,2.250000000000000000e+03,2.250000000000000000e+03,2.250000000000000000e+03,2.250000000000000000e+03,2.250000000000000000e+03,2.250000000000000000e+03,2.250000000000000000e+03,2.250000000000000000e+03,2.250000000000000000e+03,2.250000000000000000e+03,2.250000000000000000e+03,2.250000000000000000e+03,2.250000000000000000e+03,2.250000000000000000e+03,2.250000000000000000e+03,2.250000000000000000e+03,2.250000000000000000e+03,2.250000000000000000e+03,2.250000000000000000e+03,2.250000000000000000e+03,2.250000000000000000e+03,2.250000000000000000e+03,2.250000000000000000e+03,2.250000000000000000e+03,2.250000000000000000e+03,2.250000000000000000e+03,2.250000000000000000e+03,2.250000000000000000e+03,2.251000000000000000e+03,2.251000000000000000e+03,2.251000000000000000e+03,2.251000000000000000e+03,2.251000000000000000e+03,2.251000000000000000e+03,2.251000000000000000e+03,2.251000000000000000e+03,2.251000000000000000e+03,2.251000000000000000e+03,2.251000000000000000e+03,2.251000000000000000e+03,2.251000000000000000e+03,2.251000000000000000e+03,2.251000000000000000e+03,2.251000000000000000e+03,2.251000000000000000e+03,2.251000000000000000e+03,2.251000000000000000e+03,2.251000000000000000e+03,2.251000000000000000e+03,2.251000000000000000e+03,2.251000000000000000e+03,2.251000000000000000e+03,2.251000000000000000e+03,2.251000000000000000e+03,2.251000000000000000e+03,2.251000000000000000e+03,2.251000000000000000e+03,2.251000000000000000e+03,2.251000000000000000e+03,2.251000000000000000e+03,2.251000000000000000e+03,2.251000000000000000e+03,2.251000000000000000e+03,2.251000000000000000e+03,2.251000000000000000e+03,2.251000000000000000e+03,2.251000000000000000e+03,2.252000000000000000e+03,2.252000000000000000e+03,2.252000000000000000e+03,2.252000000000000000e+03,2.252000000000000000e+03,2.252000000000000000e+03,2.252000000000000000e+03,2.252000000000000000e+03,2.252000000000000000e+03,2.252000000000000000e+03,2.252000000000000000e+03,2.252000000000000000e+03,2.252000000000000000e+03,2.252000000000000000e+03,2.252000000000000000e+03,2.252000000000000000e+03,2.252000000000000000e+03,2.252000000000000000e+03,2.252000000000000000e+03,2.252000000000000000e+03,2.252000000000000000e+03,2.252000000000000000e+03,2.252000000000000000e+03,2.252000000000000000e+03,2.252000000000000000e+03,2.252000000000000000e+03,2.252000000000000000e+03,2.252000000000000000e+03,2.252000000000000000e+03,2.252000000000000000e+03,2.252000000000000000e+03,2.252000000000000000e+03,2.252000000000000000e+03,2.252000000000000000e+03,2.252000000000000000e+03,2.252000000000000000e+03,2.252000000000000000e+03,2.252000000000000000e+03,2.253000000000000000e+03,2.253000000000000000e+03,2.253000000000000000e+03,2.253000000000000000e+03,2.253000000000000000e+03,2.253000000000000000e+03,2.253000000000000000e+03,2.253000000000000000e+03,2.253000000000000000e+03,2.253000000000000000e+03,2.253000000000000000e+03,2.253000000000000000e+03,2.253000000000000000e+03,2.253000000000000000e+03,2.253000000000000000e+03,2.253000000000000000e+03,2.253000000000000000e+03,2.253000000000000000e+03,2.253000000000000000e+03,2.253000000000000000e+03,2.253000000000000000e+03,2.253000000000000000e+03,2.253000000000000000e+03,2.253000000000000000e+03,2.253000000000000000e+03,2.253000000000000000e+03,2.253000000000000000e+03,2.253000000000000000e+03,2.253000000000000000e+03,2.253000000000000000e+03,2.253000000000000000e+03,2.253000000000000000e+03,2.253000000000000000e+03,2.253000000000000000e+03,2.253000000000000000e+03,2.253000000000000000e+03,2.254000000000000000e+03,2.254000000000000000e+03,2.254000000000000000e+03,2.254000000000000000e+03,2.254000000000000000e+03,2.254000000000000000e+03,2.254000000000000000e+03,2.254000000000000000e+03,2.254000000000000000e+03,2.254000000000000000e+03,2.254000000000000000e+03,2.254000000000000000e+03,2.254000000000000000e+03,2.254000000000000000e+03,2.254000000000000000e+03,2.254000000000000000e+03,2.254000000000000000e+03,2.254000000000000000e+03,2.254000000000000000e+03,2.254000000000000000e+03,2.254000000000000000e+03,2.254000000000000000e+03,2.254000000000000000e+03,2.254000000000000000e+03,2.254000000000000000e+03,2.254000000000000000e+03,2.254000000000000000e+03,2.254000000000000000e+03,2.254000000000000000e+03,2.254000000000000000e+03,2.254000000000000000e+03,2.254000000000000000e+03,2.254000000000000000e+03,2.254000000000000000e+03,2.255000000000000000e+03,2.255000000000000000e+03,2.255000000000000000e+03,2.255000000000000000e+03,2.255000000000000000e+03,2.255000000000000000e+03,2.255000000000000000e+03,2.255000000000000000e+03,2.255000000000000000e+03,2.255000000000000000e+03,2.255000000000000000e+03,2.255000000000000000e+03,2.255000000000000000e+03,2.255000000000000000e+03,2.255000000000000000e+03,2.255000000000000000e+03,2.255000000000000000e+03,2.255000000000000000e+03,2.255000000000000000e+03,2.255000000000000000e+03,2.255000000000000000e+03,2.255000000000000000e+03,2.255000000000000000e+03,2.255000000000000000e+03,2.255000000000000000e+03,2.255000000000000000e+03,2.255000000000000000e+03,2.255000000000000000e+03,2.255000000000000000e+03,2.255000000000000000e+03,2.255000000000000000e+03,2.255000000000000000e+03,2.256000000000000000e+03,2.256000000000000000e+03,2.256000000000000000e+03,2.256000000000000000e+03,2.256000000000000000e+03,2.256000000000000000e+03,2.256000000000000000e+03,2.256000000000000000e+03,2.256000000000000000e+03,2.256000000000000000e+03,2.256000000000000000e+03,2.256000000000000000e+03,2.256000000000000000e+03,2.256000000000000000e+03,2.256000000000000000e+03,2.256000000000000000e+03,2.256000000000000000e+03,2.256000000000000000e+03,2.256000000000000000e+03,2.256000000000000000e+03,2.256000000000000000e+03,2.256000000000000000e+03,2.256000000000000000e+03,2.256000000000000000e+03,2.256000000000000000e+03,2.256000000000000000e+03,2.256000000000000000e+03,2.256000000000000000e+03,2.256000000000000000e+03,2.256000000000000000e+03,2.257000000000000000e+03,2.257000000000000000e+03,2.257000000000000000e+03,2.257000000000000000e+03,2.257000000000000000e+03,2.257000000000000000e+03,2.257000000000000000e+03,2.257000000000000000e+03,2.257000000000000000e+03,2.257000000000000000e+03,2.257000000000000000e+03,2.257000000000000000e+03,2.257000000000000000e+03,2.257000000000000000e+03,2.257000000000000000e+03,2.257000000000000000e+03,2.257000000000000000e+03,2.257000000000000000e+03,2.257000000000000000e+03,2.257000000000000000e+03,2.257000000000000000e+03,2.257000000000000000e+03,2.257000000000000000e+03,2.257000000000000000e+03,2.257000000000000000e+03,2.257000000000000000e+03,2.257000000000000000e+03,2.257000000000000000e+03,2.257000000000000000e+03,2.258000000000000000e+03,2.258000000000000000e+03,2.258000000000000000e+03,2.258000000000000000e+03,2.258000000000000000e+03,2.258000000000000000e+03,2.258000000000000000e+03,2.258000000000000000e+03,2.258000000000000000e+03,2.258000000000000000e+03,2.258000000000000000e+03,2.258000000000000000e+03,2.258000000000000000e+03,2.258000000000000000e+03,2.258000000000000000e+03,2.258000000000000000e+03,2.258000000000000000e+03,2.258000000000000000e+03,2.258000000000000000e+03,2.258000000000000000e+03,2.258000000000000000e+03,2.258000000000000000e+03,2.258000000000000000e+03,2.258000000000000000e+03,2.258000000000000000e+03,2.258000000000000000e+03,2.258000000000000000e+03,2.258000000000000000e+03,2.259000000000000000e+03,2.259000000000000000e+03,2.259000000000000000e+03,2.259000000000000000e+03,2.259000000000000000e+03,2.259000000000000000e+03,2.259000000000000000e+03,2.259000000000000000e+03,2.259000000000000000e+03,2.259000000000000000e+03,2.259000000000000000e+03,2.259000000000000000e+03,2.259000000000000000e+03,2.259000000000000000e+03,2.259000000000000000e+03,2.259000000000000000e+03,2.259000000000000000e+03,2.259000000000000000e+03,2.259000000000000000e+03,2.259000000000000000e+03,2.259000000000000000e+03,2.259000000000000000e+03,2.259000000000000000e+03,2.259000000000000000e+03,2.259000000000000000e+03,2.259000000000000000e+03,2.260000000000000000e+03,2.260000000000000000e+03,2.260000000000000000e+03,2.260000000000000000e+03,2.260000000000000000e+03,2.260000000000000000e+03,2.260000000000000000e+03,2.260000000000000000e+03,2.260000000000000000e+03,2.260000000000000000e+03,2.260000000000000000e+03,2.260000000000000000e+03,2.260000000000000000e+03,2.260000000000000000e+03,2.260000000000000000e+03,2.260000000000000000e+03,2.260000000000000000e+03,2.260000000000000000e+03,2.260000000000000000e+03,2.260000000000000000e+03,2.260000000000000000e+03,2.260000000000000000e+03,2.260000000000000000e+03,2.260000000000000000e+03,2.260000000000000000e+03,2.261000000000000000e+03,2.261000000000000000e+03,2.261000000000000000e+03,2.261000000000000000e+03,2.261000000000000000e+03,2.261000000000000000e+03,2.261000000000000000e+03,2.261000000000000000e+03,2.261000000000000000e+03,2.261000000000000000e+03,2.261000000000000000e+03,2.261000000000000000e+03,2.261000000000000000e+03,2.261000000000000000e+03,2.261000000000000000e+03,2.261000000000000000e+03,2.261000000000000000e+03,2.261000000000000000e+03,2.261000000000000000e+03,2.261000000000000000e+03,2.261000000000000000e+03,2.261000000000000000e+03,2.261000000000000000e+03,2.261000000000000000e+03,2.261000000000000000e+03,2.262000000000000000e+03,2.262000000000000000e+03,2.262000000000000000e+03,2.262000000000000000e+03,2.262000000000000000e+03,2.262000000000000000e+03,2.262000000000000000e+03,2.262000000000000000e+03,2.262000000000000000e+03,2.262000000000000000e+03,2.262000000000000000e+03,2.262000000000000000e+03,2.262000000000000000e+03,2.262000000000000000e+03,2.262000000000000000e+03,2.262000000000000000e+03,2.262000000000000000e+03,2.262000000000000000e+03,2.262000000000000000e+03,2.262000000000000000e+03,2.262000000000000000e+03,2.262000000000000000e+03,2.262000000000000000e+03,2.263000000000000000e+03,2.263000000000000000e+03,2.263000000000000000e+03,2.263000000000000000e+03,2.263000000000000000e+03,2.263000000000000000e+03,2.263000000000000000e+03,2.263000000000000000e+03,2.263000000000000000e+03,2.263000000000000000e+03,2.263000000000000000e+03,2.263000000000000000e+03,2.263000000000000000e+03,2.263000000000000000e+03,2.263000000000000000e+03,2.263000000000000000e+03,2.263000000000000000e+03,2.264000000000000000e+03,2.264000000000000000e+03,2.264000000000000000e+03,2.264000000000000000e+03,2.264000000000000000e+03,2.264000000000000000e+03,2.264000000000000000e+03,2.264000000000000000e+03,2.264000000000000000e+03,2.264000000000000000e+03,2.264000000000000000e+03,2.264000000000000000e+03,2.265000000000000000e+03,2.265000000000000000e+03,2.265000000000000000e+03,2.265000000000000000e+03,2.265000000000000000e+03,2.265000000000000000e+03,2.265000000000000000e+03,2.265000000000000000e+03,2.266000000000000000e+03,2.266000000000000000e+03,2.266000000000000000e+03
9.190000000000000000e+02,9.200000000000000000e+02,9.210000000000000000e+02,9.220000000000000000e+02,9.230000000000000000e+02,9.240000000000000000e+02,9.250000000000000000e+02,9.260000000000000000e+02,9.270000000000000000e+02,9.280000000000000000e+02,9.290000000000000000e+02,9.300000000000000000e+02,9.310000000000000000e+02,9.320000000000000000e+02,9.330000000000000000e+02,9.340000000000000000e+02,9.350000000000000000e+02,9.360000000000000000e+02,9.370000000000000000e+02,9.380000000000000000e+02,9.390000000000000000e+02,9.400000000000000000e+02,9.410000000000000000e+02,9.420000000000000000e+02,9.430000000000000000e+02,9.440000000000000000e+02,9.450000000000000000e+02,9.460000000000000000e+02,9.470000000000000000e+02,9.480000000000000000e+02,9.490000000000000000e+02,9.500000000000000000e+02,9.510000000000000000e+02,9.520000000000000000e+02,9.530000000000000000e+02,9.540000000000000000e+02,9.550000000000000000e+02,9.560000000000000000e+02,9.570000000000000000e+02,9.580000000000000000e+02,9.590000000000000000e+02,9.600000000000000000e+02,9.610000000000000000e+02,9.620000000000000000e+02,9.630000000000000000e+02,9.640000000000000000e+02,9.650000000000000000e+02,9.660000000000000000e+02,9.670000000000000000e+02,9.680000000000000000e+02,9.690000000000000000e+02,9.700000000000000000e+02,9.710000000000000000e+02,9.720000000000000000e+02,9.730000000000000000e+02,9.740000000000000000e+02,9.750000000000000000e+02,9.760000000000000000e+02,9.770000000000000000e+02,9.780000000000000000e+02,9.790000000000000000e+02,9.800000000000000000e+02,9.810000000000000000e+02,9.820000000000000000e+02,9.830000000000000000e+02,9.840000000000000000e+02,9.850000000000000000e+02,9.860000000000000000e+02,9.870000000000000000e+02,9.880000000000000000e+02,9.890000000000000000e+02,9.900000000000000000e+02,9.910000000000000000e+02,9.920000000000000000e+02,9.930000000000000000e+02,9.940000000000000000e+02,9.950000000000000000e+02,9.960000000000000000e+02,9.970000000000000000e+02,9.980000000000000000e+02,9.990000000000000000e+02,1.000000000000000000e+03,1.001000000000000000e+03,1.002000000000000000e+03,9.150000000000000000e+02,9.160000000000000000e+02,9.170000000000000000e+02,9.180000000000000000e+02,9.190000000000000000e+02,9.200000000000000000e+02,9.210000000000000000e+02,9.220000000000000000e+02,9.230000000000000000e+02,9.240000000000000000e+02,9.250000000000000000e+02,9.260000000000000000e+02,9.270000000000000000e+02,9.280000000000000000e+02,9.290000000000000000e+02,9.300000000000000000e+02,9.310000000000000000e+02,9.320000000000000000e+02,9.330000000000000000e+02,9.340000000000000000e+02,9.350000000000000000e+02,9.360000000000000000e+02,9.370000000000000000e+02,9.380000000000000000e+02,9.390000000000000000e+02,9.400000000000000000e+02,9.410000000000000000e+02,9.420000000000000000e+02,9.430000000000000000e+02,9.440000000000000000e+02,9.450000000000000000e+02,9.460000000000000000e+02,9.470000000000000000e+02,9.480000000000000000e+02,9.490000000000000000e+02,9.500000000000000000e+02,9.510000000000000000e+02,9.520000000000000000e+02,9.530000000000000000e+02,9.540000000000000000e+02,9.550000000000000000e+02,9.560000000000000000e+02,9.570000000000000000e+02,9.580000000000000000e+02,9.590000000000000000e+02,9.600000000000000000e+02,9.610000000000000000e+02,9.620000000000000000e+02,9.630000000000000000e+02,9.640000000000000000e+02,9.650000000000000000e+02,9.660000000000000000e+02,9.670000000000000000e+02,9.680000000000000000e+02,9.690000000000000000e+02,9.700000000000000000e+02,9.710000000000000000e+02,9.720000000000000000e+02,9.730000000000000000e+02,9.740000000000000000e+02,9.750000000000000000e+02,9.760000000000000000e+02,9.770000000000000000e+02,9.780000000000000000e+02,9.790000000000000000e+02,9.800000000000000000e+02,9.810000000000000000e+02,9.820000000000000000e+02,9.830000000000000000e+02,9.840000000000000000e+02,9.850000000000000000e+02,9.860000000000000000e+02,9.870000000000000000e+02,9.880000000000000000e+02,9.890000000000000000e+02,9.900000000000000000e+02,9.910000000000000000e+02,9.920000000000000000e+02,9.930000000000000000e+02,9.940000000000000000e+02,9.950000000000000000e+02,9.960000000000000000e+02,9.970000000000000000e+02,9.980000000000000000e+02,9.990000000000000000e+02,1.000000000000000000e+03,1.001000000000000000e+03,1.002000000000000000e+03,1.003000000000000000e+03,9.130000000000000000e+02,9.140000000000000000e+02,9.150000000000000000e+02,9.160000000000000000e+02,9.170000000000000000e+02,9.180000000000000000e+02,9.190000000000000000e+02,9.200000000000000000e+02,9.210000000000000000e+02,9.220000000000000000e+02,9.230000000000000000e+02,9.240000000000000000e+02,9.250000000000000000e+02,9.260000000000000000e+02,9.270000000000000000e+02,9.280000000000000000e+02,9.290000000000000000e+02,9.300000000000000000e+02,9.310000000000000000e+02,9.320000000000000000e+02,9.330000000000000000e+02,9.340000000000000000e+02,9.350000000000000000e+02,9.360000000000000000e+02,9.370000000000000000e+02,9.380000000000000000e+02,9.390000000000000000e+02,9.400000000000000000e+02,9.410000000000000000e+02,9.420000000000000000e+02,9.430000000000000000e+02,9.440000000000000000e+02,9.450000000000000000e+02,9.460000000000000000e+02,9.470000000000000000e+02,9.480000000000000000e+02,9.490000000000000000e+02,9.500000000000000000e+02,9.510000000000000000e+02,9.520000000000000000e+02,9.530000000000000000e+02,9.540000000000000000e+02,9.550000000000000000e+02,9.560000000000000000e+02,9.570000000000000000e+02,9.580000000000000000e+02,9.590000000000000000e+02,9.600000000000000000e+02,9.610000000000000000e+02,9.620000000000000000e+02,9.630000000000000000e+02,9.640000000000000000e+02,9.650000000000000000e+02,9.660000000000000000e+02,9.670000000000000000e+02,9.680000000000000000e+02,9.690000000000000000e+02,9.700000000000000000e+02,9.710000000000000000e+02,9.720000000000000000e+02,9.730000000000000000e+02,9.740000000000000000e+02,9.750000000000000000e+02,9.760000000000000000e+02,9.770000000000000000e+02,9.780000000000000000e+02,9.790000000000000000e+02,9.800000000000000000e+02,9.810000000000000000e+02,9.820000000000000000e+02,9.830000000000000000e+02,9.840000000000000000e+02,9.850000000000000000e+02,9.860000000000000000e+02,9.870000000000000000e+02,9.880000000000000000e+02,9.890000000000000000e+02,9.900000000000000000e+02,9.910000000000000000e+02,9.920000000000000000e+02,9.930000000000000000e+02,9.940000000000000000e+02,9.950000000000000000e+02,9.960000000000000000e+02,9.970000000000000000e+02,9.980000000000000000e+02,9.990000000000000000e+02,1.000000000000000000e+03,1.001000000000000000e+03,1.002000000000000000e+03,1.003000000000000000e+03,1.004000000000000000e+03,9.120000000000000000e+02,9.130000000000000000e+02,9.140000000000000000e+02,9.150000000000000000e+02,9.160000000000000000e+02,9.170000000000000000e+02,9.180000000000000000e+02,9.190000000000000000e+02,9.200000000000000000e+02,9.210000000000000000e+02,9.220000000000000000e+02,9.230000000000000000e+02,9.240000000000000000e+02,9.250000000000000000e+02,9.260000000000000000e+02,9.270000000000000000e+02,9.280000000000000000e+02,9.290000000000000000e+02,9.300000000000000000e+02,9.310000000000000000e+02,9.320000000000000000e+02,9.330000000000000000e+02,9.340000000000000000e+02,9.350000000000000000e+02,9.360000000000000000e+02,9.370000000000000000e+02,9.380000000000000000e+02,9.390000000000000000e+02,9.400000000000000000e+02,9.410000000000000000e+02,9.420000000000000000e+02,9.430000000000000000e+02,9.440000000000000000e+02,9.450000000000000000e+02,9.460000000000000000e+02,9.470000000000000000e+02,9.480000000000000000e+02,9.490000000000000000e+02,9.500000000000000000e+02,9.510000000000000000e+02,9.520000000000000000e+02,9.530000000000000000e+02,9.540000000000000000e+02,9.550000000000000000e+02,9.560000000000000000e+02,9.570000000000000000e+02,9.580000000000000000e+02,9.590000000000000000e+02,9.600000000000000000e+02,9.610000000000000000e+02,9.620000000000000000e+02,9.630000000000000000e+02,9.640000000000000000e+02,9.650000000000000000e+02,9.660000000000000000e+02,9.670000000000000000e+02,9.680000000000000000e+02,9.690000000000000000e+02,9.700000000000000000e+02,9.710000000000000000e+02,9.720000000000000000e+02,9.730000000000000000e+02,9.740000000000000000e+02,9.750000000000000000e+02,9.760000000000000000e+02,9.770000000000000000e+02,9.780000000000000000e+02,9.790000000000000000e+02,9.800000000000000000e+02,9.810000000000000000e+02,9.820000000000000000e+02,9.830000000000000000e+02,9.840000000000000000e+02,9.850000000000000000e+02,9.860000000000000000e+02,9.870000000000000000e+02,9.880000000000000000e+02,9.890000000000000000e+02,9.900000000000000000e+02,9.910000000000000000e+02,9.920000000000000000e+02,9.930000000000000000e+02,9.940000000000000000e+02,9.950000000000000000e+02,9.960000000000000000e+02,9.970000000000000000e+02,9.980000000000000000e+02,9.990000000000000000e+02,1.000000000000000000e+03,1.001000000000000000e+03,1.002000000000000000e+03,1.003000000000000000e+03,1.004000000000000000e+03,9.110000000000000000e+02,9.120000000000000000e+02,9.130000000000000000e+02,9.140000000000000000e+02,9.150000000000000000e+02,9.160000000000000000e+02,9.170000000000000000e+02,9.180000000000000000e+02,9.190000000000000000e+02,9.200000000000000000e+02,9.210000000000000000e+02,9.220000000000000000e+02,9.230000000000000000e+02,9.240000000000000000e+02,9.250000000000000000e+02,9.260000000000000000e+02,9.270000000000000000e+02,9.280000000000000000e+02,9.290000000000000000e+02,9.300000000000000000e+02,9.310000000000000000e+02,9.320000000000000000e+02,9.330000000000000000e+02,9.340000000000000000e+02,9.350000000000000000e+02,9.360000000000000000e+02,9.370000000000000000e+02,9.380000000000000000e+02,9.390000000000000000e+02,9.400000000000000000e+02,9.410000000000000000e+02,9.420000000000000000e+02,9.430000000000000000e+02,9.440000000000000000e+02,9.450000000000000000e+02,9.460000000000000000e+02,9.470000000000000000e+02,9.480000000000000000e+02,9.490000000000000000e+02,9.500000000000000000e+02,9.510000000000000000e+02,9.520000000000000000e+02,9.530000000000000000e+02,9.540000000000000000e+02,9.550000000000000000e+02,9.560000000000000000e+02,9.570000000000000000e+02,9.580000000000000000e+02,9.590000000000000000e+02,9.600000000000000000e+02,9.610000000000000000e+02,9.620000000000000000e+02,9.630000000000000000e+02,9.640000000000000000e+02,9.650000000000000000e+02,9.660000000000000000e+02,9.670000000000000000e+02,9.680000000000000000e+02,9.690000000000000000e+02,9.700000000000000000e+02,9.710000000000000000e+02,9.720000000000000000e+02,9.730000000000000000e+02,9.740000000000000000e+02,9.750000000000000000e+02,9.760000000000000000e+02,9.770000000000000000e+02,9.780000000000000000e+02,9.790000000000000000e+02,9.800000000000000000e+02,9.810000000000000000e+02,9.820000000000000000e+02,9.830000000000000000e+02,9.840000000000000000e+02,9.850000000000000000e+02,9.860000000000000000e+02,9.870000000000000000e+02,9.880000000000000000e+02,9.890000000000000000e+02,9.900000000000000000e+02,9.910000000000000000e+02,9.920000000000000000e+02,9.930000000000000000e+02,9.940000000000000000e+02,9.950000000000000000e+02,9.960000000000000000e+02,9.970000000000000000e+02,9.980000000000000000e+02,9.990000000000000000e+02,1.000000000000000000e+03,1.001000000000000000e+03,1.002000000000000000e+03,1.003000000000000000e+03,1.004000000000000000e+03,1.005000000000000000e+03,9.110000000000000000e+02,9.120000000000000000e+02,9.130000000000000000e+02,9.140000000000000000e+02,9.150000000000000000e+02,9.160000000000000000e+02,9.170000000000000000e+02,9.180000000000000000e+02,9.190000000000000000e+02,9.200000000000000000e+02,9.210000000000000000e+02,9.220000000000000000e+02,9.230000000000000000e+02,9.240000000000000000e+02,9.250000000000000000e+02,9.260000000000000000e+02,9.270000000000000000e+02,9.280000000000000000e+02,9.290000000000000000e+02,9.300000000000000000e+02,9.310000000000000000e+02,9.320000000000000000e+02,9.330000000000000000e+02,9.340000000000000000e+02,9.350000000000000000e+02,9.360000000000000000e+02,9.370000000000000000e+02,9.380000000000000000e+02,9.390000000000000000e+02,9.400000000000000000e+02,9.410000000000000000e+02,9.420000000000000000e+02,9.430000000000000000e+02,9.440000000000000000e+02,9.450000000000000000e+02,9.460000000000000000e+02,9.470000000000000000e+02,9.480000000000000000e+02,9.490000000000000000e+02,9.500000000000000000e+02,9.510000000000000000e+02,9.520000000000000000e+02,9.530000000000000000e+02,9.540000000000000000e+02,9.550000000000000000e+02,9.560000000000000000e+02,9.570000000000000000e+02,9.580000000000000000e+02,9.590000000000000000e+02,9.600000000000000000e+02,9.610000000000000000e+02,9.620000000000000000e+02,9.630000000000000000e+02,9.640000000000000000e+02,9.650000000000000000e+02,9.660000000000000000e+02,9.670000000000000000e+02,9.680000000000000000e+02,9.690000000000000000e+02,9.700000000000000000e+02,9.710000000000000000e+02,9.720000000000000000e+02,9.730000000000000000e+02,9.740000000000000000e+02,9.750000000000000000e+02,9.760000000000000000e+02,9.770000000000000000e+02,9.780000000000000000e+02,9.790000000000000000e+02,9.800000000000000000e+02,9.810000000000000000e+02,9.820000000000000000e+02,9.830000000000000000e+02,9.840000000000000000e+02,9.850000000000000000e+02,9.860000000000000000e+02,9.870000000000000000e+02,9.880000000000000000e+02,9.890000000000000000e+02,9.900000000000000000e+02,9.910000000000000000e+02,9.920000000000000000e+02,9.930000000000000000e+02,9.940000000000000000e+02,9.950000000000000000e+02,9.960000000000000000e+02,9.970000000000000000e+02,9.980000000000000000e+02,9.990000000000000000e+02,1.000000000000000000e+03,1.001000000000000000e+03,1.002000000000000000e+03,1.003000000000000000e+03,1.004000000000000000e+03,1.005000000000000000e+03,9.100000000000000000e+02,9.110000000000000000e+02,9.120000000000000000e+02,9.130000000000000000e+02,9.140000000000000000e+02,9.150000000000000000e+02,9.160000000000000000e+02,9.170000000000000000e+02,9.180000000000000000e+02,9.190000000000000000e+02,9.200000000000000000e+02,9.210000000000000000e+02,9.220000000000000000e+02,9.230000000000000000e+02,9.240000000000000000e+02,9.250000000000000000e+02,9.260000000000000000e+02,9.270000000000000000e+02,9.280000000000000000e+02,9.290000000000000000e+02,9.300000000000000000e+02,9.310000000000000000e+02,9.320000000000000000e+02,9.330000000000000000e+02,9.340000000000000000e+02,9.350000000000000000e+02,9.360000000000000000e+02,9.370000000000000000e+02,9.380000000000000000e+02,9.390000000000000000e+02,9.400000000000000000e+02,9.410000000000000000e+02,9.420000000000000000e+02,9.430000000000000000e+02,9.440000000000000000e+02,9.450000000000000000e+02,9.460000000000000000e+02,9.470000000000000000e+02,9.480000000000000000e+02,9.490000000000000000e+02,9.500000000000000000e+02,9.510000000000000000e+02,9.520000000000000000e+02,9.530000000000000000e+02,9.540000000000000000e+02,9.550000000000000000e+02,9.560000000000000000e+02,9.570000000000000000e+02,9.580000000000000000e+02,9.590000000000000000e+02,9.600000000000000000e+02,9.610000000000000000e+02,9.620000000000000000e+02,9.630000000000000000e+02,9.640000000000000000e+02,9.650000000000000000e+02,9.660000000000000000e+02,9.670000000000000000e+02,9.680000000000000000e+02,9.690000000000000000e+02,9.700000000000000000e+02,9.710000000000000000e+02,9.720000000000000000e+02,9.730000000000000000e+02,9.740000000000000000e+02,9.750000000000000000e+02,9.760000000000000000e+02,9.770000000000000000e+02,9.780000000000000000e+02,9.790000000000000000e+02,9.800000000000000000e+02,9.810000000000000000e+02,9.820000000000000000e+02,9.830000000000000000e+02,9.840000000000000000e+02,9.850000000000000000e+02,9.860000000000000000e+02,9.870000000000000000e+02,9.880000000000000000e+02,9.890000000000000000e+02,9.900000000000000000e+02,9.910000000000000000e+02,9.920000000000000000e+02,9.930000000000000000e+02,9.940000000000000000e+02,9.950000000000000000e+02,9.960000000000000000e+02,9.970000000000000000e+02,9.980000000000000000e+02,9.990000000000000000e+02,1.000000000000000000e+03,1.001000000000000000e+03,1.002000000000000000e+03,1.003000000000000000e+03,1.004000000000000000e+03,1.005000000000000000e+03,1.006000000000000000e+03,9.100000000000000000e+02,9.110000000000000000e+02,9.120000000000000000e+02,9.130000000000000000e+02,9.140000000000000000e+02,9.150000000000000000e+02,9.160000000000000000e+02,9.170000000000000000e+02,9.180000000000000000e+02,9.190000000000000000e+02,9.200000000000000000e+02,9.210000000000000000e+02,9.220000000000000000e+02,9.230000000000000000e+02,9.240000000000000000e+02,9.250000000000000000e+02,9.260000000000000000e+02,9.270000000000000000e+02,9.280000000000000000e+02,9.290000000000000000e+02,9.300000000000000000e+02,9.310000000000000000e+02,9.320000000000000000e+02,9.330000000000000000e+02,9.340000000000000000e+02,9.350000000000000000e+02,9.360000000000000000e+02,9.370000000000000000e+02,9.380000000000000000e+02,9.390000000000000000e+02,9.400000000000000000e+02,9.410000000000000000e+02,9.420000000000000000e+02,9.430000000000000000e+02,9.440000000000000000e+02,9.450000000000000000e+02,9.460000000000000000e+02,9.470000000000000000e+02,9.480000000000000000e+02,9.490000000000000000e+02,9.500000000000000000e+02,9.510000000000000000e+02,9.520000000000000000e+02,9.530000000000000000e+02,9.540000000000000000e+02,9.550000000000000000e+02,9.560000000000000000e+02,9.570000000000000000e+02,9.580000000000000000e+02,9.590000000000000000e+02,9.600000000000000000e+02,9.610000000000000000e+02,9.620000000000000000e+02,9.630000000000000000e+02,9.640000000000000000e+02,9.650000000000000000e+02,9.660000000000000000e+02,9.670000000000000000e+02,9.680000000000000000e+02,9.690000000000000000e+02,9.700000000000000000e+02,9.710000000000000000e+02,9.720000000000000000e+02,9.730000000000000000e+02,9.740000000000000000e+02,9.750000000000000000e+02,9.760000000000000000e+02,9.770000000000000000e+02,9.780000000000000000e+02,9.790000000000000000e+02,9.800000000000000000e+02,9.810000000000000000e+02,9.820000000000000000e+02,9.830000000000000000e+02,9.840000000000000000e+02,9.850000000000000000e+02,9.860000000000000000e+02,9.870000000000000000e+02,9.880000000000000000e+02,9.890000000000000000e+02,9.900000000000000000e+02,9.910000000000000000e+02,9.920000000000000000e+02,9.930000000000000000e+02,9.940000000000000000e+02,9.950000000000000000e+02,9.960000000000000000e+02,9.970000000000000000e+02,9.980000000000000000e+02,9.990000000000000000e+02,1.000000000000000000e+03,1.001000000000000000e+03,1.002000000000000000e+03,1.003000000000000000e+03,1.004000000000000000e+03,1.005000000000000000e+03,1.006000000000000000e+03,9.090000000000000000e+02,9.100000000000000000e+02,9.110000000000000000e+02,9.120000000000000000e+02,9.130000000000000000e+02,9.140000000000000000e+02,9.150000000000000000e+02,9.160000000000000000e+02,9.170000000000000000e+02,9.180000000000000000e+02,9.190000000000000000e+02,9.200000000000000000e+02,9.210000000000000000e+02,9.220000000000000000e+02,9.230000000000000000e+02,9.240000000000000000e+02,9.250000000000000000e+02,9.260000000000000000e+02,9.270000000000000000e+02,9.280000000000000000e+02,9.290000000000000000e+02,9.300000000000000000e+02,9.310000000000000000e+02,9.320000000000000000e+02,9.330000000000000000e+02,9.340000000000000000e+02,9.350000000000000000e+02,9.360000000000000000e+02,9.370000000000000000e+02,9.380000000000000000e+02,9.390000000000000000e+02,9.400000000000000000e+02,9.410000000000000000e+02,9.420000000000000000e+02,9.430000000000000000e+02,9.440000000000000000e+02,9.450000000000000000e+02,9.460000000000000000e+02,9.470000000000000000e+02,9.480000000000000000e+02,9.490000000000000000e+02,9.500000000000000000e+02,9.510000000000000000e+02,9.520000000000000000e+02,9.530000000000000000e+02,9.540000000000000000e+02,9.550000000000000000e+02,9.560000000000000000e+02,9.570000000000000000e+02,9.580000000000000000e+02,9.590000000000000000e+02,9.600000000000000000e+02,9.610000000000000000e+02,9.620000000000000000e+02,9.630000000000000000e+02,9.640000000000000000e+02,9.650000000000000000e+02,9.660000000000000000e+02,9.670000000000000000e+02,9.680000000000000000e+02,9.690000000000000000e+02,9.700000000000000000e+02,9.710000000000000000e+02,9.720000000000000000e+02,9.730000000000000000e+02,9.740000000000000000e+02,9.750000000000000000e+02,9.760000000000000000e+02,9.770000000000000000e+02,9.780000000000000000e+02,9.790000000000000000e+02,9.800000000000000000e+02,9.810000000000000000e+02,9.820000000000000000e+02,9.830000000000000000e+02,9.840000000000000000e+02,9.850000000000000000e+02,9.860000000000000000e+02,9.870000000000000000e+02,9.880000000000000000e+02,9.890000000000000000e+02,9.900000000000000000e+02,9.910000000000000000e+02,9.920000000000000000e+02,9.930000000000000000e+02,9.940000000000000000e+02,9.950000000000000000e+02,9.960000000000000000e+02,9.970000000000000000e+02,9.980000000000000000e+02,9.990000000000000000e+02,1.000000000000000000e+03,1.001000000000000000e+03,1.002000000000000000e+03,1.003000000000000000e+03,1.004000000000000000e+03,1.005000000000000000e+03,1.006000000000000000e+03,9.090000000000000000e+02,9.100000000000000000e+02,9.110000000000000000e+02,9.120000000000000000e+02,9.130000000000000000e+02,9.140000000000000000e+02,9.150000000000000000e+02,9.160000000000000000e+02,9.170000000000000000e+02,9.180000000000000000e+02,9.190000000000000000e+02,9.200000000000000000e+02,9.210000000000000000e+02,9.220000000000000000e+02,9.230000000000000000e+02,9.240000000000000000e+02,9.250000000000000000e+02,9.260000000000000000e+02,9.270000000000000000e+02,9.280000000000000000e+02,9.290000000000000000e+02,9.300000000000000000e+02,9.310000000000000000e+02,9.320000000000000000e+02,9.330000000000000000e+02,9.340000000000000000e+02,9.350000000000000000e+02,9.360000000000000000e+02,9.370000000000000000e+02,9.380000000000000000e+02,9.390000000000000000e+02,9.400000000000000000e+02,9.410000000000000000e+02,9.420000000000000000e+02,9.430000000000000000e+02,9.440000000000000000e+02,9.450000000000000000e+02,9.460000000000000000e+02,9.470000000000000000e+02,9.480000000000000000e+02,9.490000000000000000e+02,9.500000000000000000e+02,9.510000000000000000e+02,9.520000000000000000e+02,9.530000000000000000e+02,9.540000000000000000e+02,9.550000000000000000e+02,9.560000000000000000e+02,9.570000000000000000e+02,9.580000000000000000e+02,9.590000000000000000e+02,9.600000000000000000e+02,9.610000000000000000e+02,9.620000000000000000e+02,9.630000000000000000e+02,9.640000000000000000e+02,9.650000000000000000e+02,9.660000000000000000e+02,9.670000000000000000e+02,9.680000000000000000e+02,9.690000000000000000e+02,9.700000000000000000e+02,9.710000000000000000e+02,9.720000000000000000e+02,9.730000000000000000e+02,9.740000000000000000e+02,9.750000000000000000e+02,9.760000000000000000e+02,9.770000000000000000e+02,9.780000000000000000e+02,9.790000000000000000e+02,9.800000000000000000e+02,9.810000000000000000e+02,9.820000000000000000e+02,9.830000000000000000e+02,9.840000000000000000e+02,9.850000000000000000e+02,9.860000000000000000e+02,9.870000000000000000e+02,9.880000000000000000e+02,9.890000000000000000e+02,9.900000000000000000e+02,9.910000000000000000e+02,9.920000000000000000e+02,9.930000000000000000e+02,9.940000000000000000e+02,9.950000000000000000e+02,9.960000000000000000e+02,9.970000000000000000e+02,9.980000000000000000e+02,9.990000000000000000e+02,1.000000000000000000e+03,1.001000000000000000e+03,1.002000000000000000e+03,1.003000000000000000e+03,1.004000000000000000e+03,1.005000000000000000e+03,1.006000000000000000e+03,9.080000000000000000e+02,9.090000000000000000e+02,9.100000000000000000e+02,9.110000000000000000e+02,9.120000000000000000e+02,9.130000000000000000e+02,9.140000000000000000e+02,9.150000000000000000e+02,9.160000000000000000e+02,9.170000000000000000e+02,9.180000000000000000e+02,9.190000000000000000e+02,9.200000000000000000e+02,9.210000000000000000e+02,9.220000000000000000e+02,9.230000000000000000e+02,9.240000000000000000e+02,9.250000000000000000e+02,9.260000000000000000e+02,9.270000000000000000e+02,9.280000000000000000e+02,9.290000000000000000e+02,9.300000000000000000e+02,9.310000000000000000e+02,9.320000000000000000e+02,9.330000000000000000e+02,9.340000000000000000e+02,9.350000000000000000e+02,9.360000000000000000e+02,9.370000000000000000e+02,9.380000000000000000e+02,9.390000000000000000e+02,9.400000000000000000e+02,9.410000000000000000e+02,9.420000000000000000e+02,9.430000000000000000e+02,9.440000000000000000e+02,9.450000000000000000e+02,9.460000000000000000e+02,9.470000000000000000e+02,9.480000000000000000e+02,9.490000000000000000e+02,9.500000000000000000e+02,9.510000000000000000e+02,9.520000000000000000e+02,9.530000000000000000e+02,9.540000000000000000e+02,9.550000000000000000e+02,9.560000000000000000e+02,9.570000000000000000e+02,9.580000000000000000e+02,9.590000000000000000e+02,9.600000000000000000e+02,9.610000000000000000e+02,9.620000000000000000e+02,9.630000000000000000e+02,9.640000000000000000e+02,9.650000000000000000e+02,9.660000000000000000e+02,9.670000000000000000e+02,9.680000000000000000e+02,9.690000000000000000e+02,9.700000000000000000e+02,9.710000000000000000e+02,9.720000000000000000e+02,9.730000000000000000e+02,9.740000000000000000e+02,9.750000000000000000e+02,9.760000000000000000e+02,9.770000000000000000e+02,9.780000000000000000e+02,9.790000000000000000e+02,9.800000000000000000e+02,9.810000000000000000e+02,9.820000000000000000e+02,9.830000000000000000e+02,9.840000000000000000e+02,9.850000000000000000e+02,9.860000000000000000e+02,9.870000000000000000e+02,9.880000000000000000e+02,9.890000000000000000e+02,9.900000000000000000e+02,9.910000000000000000e+02,9.920000000000000000e+02,9.930000000000000000e+02,9.940000000000000000e+02,9.950000000000000000e+02,9.960000000000000000e+02,9.970000000000000000e+02,9.980000000000000000e+02,9.990000000000000000e+02,1.000000000000000000e+03,1.001000000000000000e+03,1.002000000000000000e+03,1.003000000000000000e+03,1.004000000000000000e+03,1.005000000000000000e+03,1.006000000000000000e+03,9.080000000000000000e+02,9.090000000000000000e+02,9.100000000000000000e+02,9.110000000000000000e+02,9.120000000000000000e+02,9.130000000000000000e+02,9.140000000000000000e+02,9.150000000000000000e+02,9.160000000000000000e+02,9.170000000000000000e+02,9.180000000000000000e+02,9.190000000000000000e+02,9.200000000000000000e+02,9.210000000000000000e+02,9.220000000000000000e+02,9.230000000000000000e+02,9.240000000000000000e+02,9.250000000000000000e+02,9.260000000000000000e+02,9.270000000000000000e+02,9.280000000000000000e+02,9.290000000000000000e+02,9.300000000000000000e+02,9.310000000000000000e+02,9.320000000000000000e+02,9.330000000000000000e+02,9.340000000000000000e+02,9.350000000000000000e+02,9.360000000000000000e+02,9.370000000000000000e+02,9.380000000000000000e+02,9.390000000000000000e+02,9.400000000000000000e+02,9.410000000000000000e+02,9.420000000000000000e+02,9.430000000000000000e+02,9.440000000000000000e+02,9.450000000000000000e+02,9.460000000000000000e+02,9.470000000000000000e+02,9.480000000000000000e+02,9.490000000000000000e+02,9.500000000000000000e+02,9.510000000000000000e+02,9.520000000000000000e+02,9.530000000000000000e+02,9.540000000000000000e+02,9.550000000000000000e+02,9.560000000000000000e+02,9.570000000000000000e+02,9.580000000000000000e+02,9.590000000000000000e+02,9.600000000000000000e+02,9.610000000000000000e+02,9.620000000000000000e+02,9.630000000000000000e+02,9.640000000000000000e+02,9.650000000000000000e+02,9.660000000000000000e+02,9.670000000000000000e+02,9.680000000000000000e+02,9.690000000000000000e+02,9.700000000000000000e+02,9.710000000000000000e+02,9.720000000000000000e+02,9.730000000000000000e+02,9.740000000000000000e+02,9.750000000000000000e+02,9.760000000000000000e+02,9.770000000000000000e+02,9.780000000000000000e+02,9.790000000000000000e+02,9.800000000000000000e+02,9.810000000000000000e+02,9.820000000000000000e+02,9.830000000000000000e+02,9.840000000000000000e+02,9.850000000000000000e+02,9.860000000000000000e+02,9.870000000000000000e+02,9.880000000000000000e+02,9.890000000000000000e+02,9.900000000000000000e+02,9.910000000000000000e+02,9.920000000000000000e+02,9.930000000000000000e+02,9.940000000000000000e+02,9.950000000000000000e+02,9.960000000000000000e+02,9.970000000000000000e+02,9.980000000000000000e+02,9.990000000000000000e+02,1.000000000000000000e+03,1.001000000000000000e+03,1.002000000000000000e+03,1.003000000000000000e+03,1.004000000000000000e+03,1.005000000000000000e+03,1.006000000000000000e+03,9.070000000000000000e+02,9.080000000000000000e+02,9.090000000000000000e+02,9.100000000000000000e+02,9.110000000000000000e+02,9.120000000000000000e+02,9.130000000000000000e+02,9.140000000000000000e+02,9.150000000000000000e+02,9.160000000000000000e+02,9.170000000000000000e+02,9.180000000000000000e+02,9.190000000000000000e+02,9.200000000000000000e+02,9.210000000000000000e+02,9.220000000000000000e+02,9.230000000000000000e+02,9.240000000000000000e+02,9.250000000000000000e+02,9.260000000000000000e+02,9.270000000000000000e+02,9.280000000000000000e+02,9.290000000000000000e+02,9.300000000000000000e+02,9.310000000000000000e+02,9.320000000000000000e+02,9.330000000000000000e+02,9.340000000000000000e+02,9.350000000000000000e+02,9.360000000000000000e+02,9.370000000000000000e+02,9.380000000000000000e+02,9.390000000000000000e+02,9.400000000000000000e+02,9.410000000000000000e+02,9.420000000000000000e+02,9.430000000000000000e+02,9.440000000000000000e+02,9.450000000000000000e+02,9.460000000000000000e+02,9.470000000000000000e+02,9.480000000000000000e+02,9.490000000000000000e+02,9.500000000000000000e+02,9.510000000000000000e+02,9.520000000000000000e+02,9.530000000000000000e+02,9.540000000000000000e+02,9.550000000000000000e+02,9.560000000000000000e+02,9.570000000000000000e+02,9.580000000000000000e+02,9.590000000000000000e+02,9.600000000000000000e+02,9.610000000000000000e+02,9.620000000000000000e+02,9.630000000000000000e+02,9.640000000000000000e+02,9.650000000000000000e+02,9.660000000000000000e+02,9.670000000000000000e+02,9.680000000000000000e+02,9.690000000000000000e+02,9.700000000000000000e+02,9.710000000000000000e+02,9.720000000000000000e+02,9.730000000000000000e+02,9.740000000000000000e+02,9.750000000000000000e+02,9.760000000000000000e+02,9.770000000000000000e+02,9.780000000000000000e+02,9.790000000000000000e+02,9.800000000000000000e+02,9.810000000000000000e+02,9.820000000000000000e+02,9.830000000000000000e+02,9.840000000000000000e+02,9.850000000000000000e+02,9.860000000000000000e+02,9.870000000000000000e+02,9.880000000000000000e+02,9.890000000000000000e+02,9.900000000000000000e+02,9.910000000000000000e+02,9.920000000000000000e+02,9.930000000000000000e+02,9.940000000000000000e+02,9.950000000000000000e+02,9.960000000000000000e+02,9.970000000000000000e+02,9.980000000000000000e+02,9.990000000000000000e+02,1.000000000000000000e+03,1.001000000000000000e+03,1.002000000000000000e+03,1.003000000000000000e+03,1.004000000000000000e+03,1.005000000000000000e+03,1.006000000000000000e+03,9.060000000000000000e+02,9.070000000000000000e+02,9.080000000000000000e+02,9.090000000000000000e+02,9.100000000000000000e+02,9.110000000000000000e+02,9.120000000000000000e+02,9.130000000000000000e+02,9.140000000000000000e+02,9.150000000000000000e+02,9.160000000000000000e+02,9.170000000000000000e+02,9.180000000000000000e+02,9.190000000000000000e+02,9.200000000000000000e+02,9.210000000000000000e+02,9.220000000000000000e+02,9.230000000000000000e+02,9.240000000000000000e+02,9.250000000000000000e+02,9.260000000000000000e+02,9.270000000000000000e+02,9.280000000000000000e+02,9.290000000000000000e+02,9.300000000000000000e+02,9.310000000000000000e+02,9.320000000000000000e+02,9.330000000000000000e+02,9.340000000000000000e+02,9.350000000000000000e+02,9.360000000000000000e+02,9.370000000000000000e+02,9.380000000000000000e+02,9.390000000000000000e+02,9.400000000000000000e+02,9.410000000000000000e+02,9.420000000000000000e+02,9.430000000000000000e+02,9.440000000000000000e+02,9.450000000000000000e+02,9.460000000000000000e+02,9.470000000000000000e+02,9.480000000000000000e+02,9.490000000000000000e+02,9.500000000000000000e+02,9.510000000000000000e+02,9.520000000000000000e+02,9.530000000000000000e+02,9.540000000000000000e+02,9.550000000000000000e+02,9.560000000000000000e+02,9.570000000000000000e+02,9.580000000000000000e+02,9.590000000000000000e+02,9.600000000000000000e+02,9.610000000000000000e+02,9.620000000000000000e+02,9.630000000000000000e+02,9.640000000000000000e+02,9.650000000000000000e+02,9.660000000000000000e+02,9.670000000000000000e+02,9.680000000000000000e+02,9.690000000000000000e+02,9.700000000000000000e+02,9.710000000000000000e+02,9.720000000000000000e+02,9.730000000000000000e+02,9.740000000000000000e+02,9.750000000000000000e+02,9.760000000000000000e+02,9.770000000000000000e+02,9.780000000000000000e+02,9.790000000000000000e+02,9.800000000000000000e+02,9.810000000000000000e+02,9.820000000000000000e+02,9.830000000000000000e+02,9.840000000000000000e+02,9.850000000000000000e+02,9.860000000000000000e+02,9.870000000000000000e+02,9.880000000000000000e+02,9.890000000000000000e+02,9.900000000000000000e+02,9.910000000000000000e+02,9.920000000000000000e+02,9.930000000000000000e+02,9.940000000000000000e+02,9.950000000000000000e+02,9.960000000000000000e+02,9.970000000000000000e+02,9.980000000000000000e+02,9.990000000000000000e+02,1.000000000000000000e+03,1.001000000000000000e+03,1.002000000000000000e+03,1.003000000000000000e+03,1.004000000000000000e+03,1.005000000000000000e+03,1.006000000000000000e+03,9.050000000000000000e+02,9.060000000000000000e+02,9.070000000000000000e+02,9.080000000000000000e+02,9.090000000000000000e+02,9.100000000000000000e+02,9.110000000000000000e+02,9.120000000000000000e+02,9.130000000000000000e+02,9.140000000000000000e+02,9.150000000000000000e+02,9.160000000000000000e+02,9.170000000000000000e+02,9.180000000000000000e+02,9.190000000000000000e+02,9.200000000000000000e+02,9.210000000000000000e+02,9.220000000000000000e+02,9.230000000000000000e+02,9.240000000000000000e+02,9.250000000000000000e+02,9.260000000000000000e+02,9.270000000000000000e+02,9.280000000000000000e+02,9.290000000000000000e+02,9.300000000000000000e+02,9.310000000000000000e+02,9.320000000000000000e+02,9.330000000000000000e+02,9.340000000000000000e+02,9.350000000000000000e+02,9.360000000000000000e+02,9.370000000000000000e+02,9.380000000000000000e+02,9.390000000000000000e+02,9.400000000000000000e+02,9.410000000000000000e+02,9.420000000000000000e+02,9.430000000000000000e+02,9.440000000000000000e+02,9.450000000000000000e+02,9.460000000000000000e+02,9.470000000000000000e+02,9.480000000000000000e+02,9.490000000000000000e+02,9.500000000000000000e+02,9.510000000000000000e+02,9.520000000000000000e+02,9.530000000000000000e+02,9.540000000000000000e+02,9.550000000000000000e+02,9.560000000000000000e+02,9.570000000000000000e+02,9.580000000000000000e+02,9.590000000000000000e+02,9.600000000000000000e+02,9.610000000000000000e+02,9.620000000000000000e+02,9.630000000000000000e+02,9.640000000000000000e+02,9.650000000000000000e+02,9.660000000000000000e+02,9.670000000000000000e+02,9.680000000000000000e+02,9.690000000000000000e+02,9.700000000000000000e+02,9.710000000000000000e+02,9.720000000000000000e+02,9.730000000000000000e+02,9.740000000000000000e+02,9.750000000000000000e+02,9.760000000000000000e+02,9.770000000000000000e+02,9.780000000000000000e+02,9.790000000000000000e+02,9.800000000000000000e+02,9.810000000000000000e+02,9.820000000000000000e+02,9.830000000000000000e+02,9.840000000000000000e+02,9.850000000000000000e+02,9.860000000000000000e+02,9.870000000000000000e+02,9.880000000000000000e+02,9.890000000000000000e+02,9.900000000000000000e+02,9.910000000000000000e+02,9.920000000000000000e+02,9.930000000000000000e+02,9.940000000000000000e+02,9.950000000000000000e+02,9.960000000000000000e+02,9.970000000000000000e+02,9.980000000000000000e+02,9.990000000000000000e+02,1.000000000000000000e+03,1.001000000000000000e+03,1.002000000000000000e+03,1.003000000000000000e+03,1.004000000000000000e+03,1.005000000000000000e+03,1.006000000000000000e+03,9.040000000000000000e+02,9.050000000000000000e+02,9.060000000000000000e+02,9.070000000000000000e+02,9.080000000000000000e+02,9.090000000000000000e+02,9.100000000000000000e+02,9.110000000000000000e+02,9.120000000000000000e+02,9.130000000000000000e+02,9.140000000000000000e+02,9.150000000000000000e+02,9.160000000000000000e+02,9.170000000000000000e+02,9.180000000000000000e+02,9.190000000000000000e+02,9.200000000000000000e+02,9.210000000000000000e+02,9.220000000000000000e+02,9.230000000000000000e+02,9.240000000000000000e+02,9.250000000000000000e+02,9.260000000000000000e+02,9.270000000000000000e+02,9.280000000000000000e+02,9.290000000000000000e+02,9.300000000000000000e+02,9.310000000000000000e+02,9.320000000000000000e+02,9.330000000000000000e+02,9.340000000000000000e+02,9.350000000000000000e+02,9.360000000000000000e+02,9.370000000000000000e+02,9.380000000000000000e+02,9.390000000000000000e+02,9.400000000000000000e+02,9.410000000000000000e+02,9.420000000000000000e+02,9.430000000000000000e+02,9.440000000000000000e+02,9.450000000000000000e+02,9.460000000000000000e+02,9.470000000000000000e+02,9.480000000000000000e+02,9.490000000000000000e+02,9.500000000000000000e+02,9.510000000000000000e+02,9.520000000000000000e+02,9.530000000000000000e+02,9.540000000000000000e+02,9.550000000000000000e+02,9.560000000000000000e+02,9.570000000000000000e+02,9.580000000000000000e+02,9.590000000000000000e+02,9.600000000000000000e+02,9.610000000000000000e+02,9.620000000000000000e+02,9.630000000000000000e+02,9.640000000000000000e+02,9.650000000000000000e+02,9.660000000000000000e+02,9.670000000000000000e+02,9.680000000000000000e+02,9.690000000000000000e+02,9.700000000000000000e+02,9.710000000000000000e+02,9.720000000000000000e+02,9.730000000000000000e+02,9.740000000000000000e+02,9.750000000000000000e+02,9.760000000000000000e+02,9.770000000000000000e+02,9.780000000000000000e+02,9.790000000000000000e+02,9.800000000000000000e+02,9.810000000000000000e+02,9.820000000000000000e+02,9.830000000000000000e+02,9.840000000000000000e+02,9.850000000000000000e+02,9.860000000000000000e+02,9.870000000000000000e+02,9.880000000000000000e+02,9.890000000000000000e+02,9.900000000000000000e+02,9.910000000000000000e+02,9.920000000000000000e+02,9.930000000000000000e+02,9.940000000000000000e+02,9.950000000000000000e+02,9.960000000000000000e+02,9.970000000000000000e+02,9.980000000000000000e+02,9.990000000000000000e+02,1.000000000000000000e+03,1.001000000000000000e+03,1.002000000000000000e+03,1.003000000000000000e+03,1.004000000000000000e+03,1.005000000000000000e+03,1.006000000000000000e+03,9.030000000000000000e+02,9.040000000000000000e+02,9.050000000000000000e+02,9.060000000000000000e+02,9.070000000000000000e+02,9.080000000000000000e+02,9.090000000000000000e+02,9.100000000000000000e+02,9.110000000000000000e+02,9.120000000000000000e+02,9.130000000000000000e+02,9.140000000000000000e+02,9.150000000000000000e+02,9.160000000000000000e+02,9.170000000000000000e+02,9.180000000000000000e+02,9.190000000000000000e+02,9.200000000000000000e+02,9.210000000000000000e+02,9.220000000000000000e+02,9.230000000000000000e+02,9.240000000000000000e+02,9.250000000000000000e+02,9.260000000000000000e+02,9.270000000000000000e+02,9.280000000000000000e+02,9.290000000000000000e+02,9.300000000000000000e+02,9.310000000000000000e+02,9.320000000000000000e+02,9.330000000000000000e+02,9.340000000000000000e+02,9.350000000000000000e+02,9.360000000000000000e+02,9.370000000000000000e+02,9.380000000000000000e+02,9.390000000000000000e+02,9.400000000000000000e+02,9.410000000000000000e+02,9.420000000000000000e+02,9.430000000000000000e+02,9.440000000000000000e+02,9.450000000000000000e+02,9.460000000000000000e+02,9.470000000000000000e+02,9.480000000000000000e+02,9.490000000000000000e+02,9.500000000000000000e+02,9.510000000000000000e+02,9.520000000000000000e+02,9.530000000000000000e+02,9.540000000000000000e+02,9.550000000000000000e+02,9.560000000000000000e+02,9.570000000000000000e+02,9.580000000000000000e+02,9.590000000000000000e+02,9.600000000000000000e+02,9.610000000000000000e+02,9.620000000000000000e+02,9.630000000000000000e+02,9.640000000000000000e+02,9.650000000000000000e+02,9.660000000000000000e+02,9.670000000000000000e+02,9.680000000000000000e+02,9.690000000000000000e+02,9.700000000000000000e+02,9.710000000000000000e+02,9.720000000000000000e+02,9.730000000000000000e+02,9.740000000000000000e+02,9.750000000000000000e+02,9.760000000000000000e+02,9.770000000000000000e+02,9.780000000000000000e+02,9.790000000000000000e+02,9.800000000000000000e+02,9.810000000000000000e+02,9.820000000000000000e+02,9.830000000000000000e+02,9.840000000000000000e+02,9.850000000000000000e+02,9.860000000000000000e+02,9.870000000000000000e+02,9.880000000000000000e+02,9.890000000000000000e+02,9.900000000000000000e+02,9.910000000000000000e+02,9.920000000000000000e+02,9.930000000000000000e+02,9.940000000000000000e+02,9.950000000000000000e+02,9.960000000000000000e+02,9.970000000000000000e+02,9.980000000000000000e+02,9.990000000000000000e+02,1.000000000000000000e+03,1.001000000000000000e+03,1.002000000000000000e+03,1.003000000000000000e+03,1.004000000000000000e+03,1.005000000000000000e+03,1.006000000000000000e+03,9.020000000000000000e+02,9.030000000000000000e+02,9.040000000000000000e+02,9.050000000000000000e+02,9.060000000000000000e+02,9.070000000000000000e+02,9.080000000000000000e+02,9.090000000000000000e+02,9.100000000000000000e+02,9.110000000000000000e+02,9.120000000000000000e+02,9.130000000000000000e+02,9.140000000000000000e+02,9.150000000000000000e+02,9.160000000000000000e+02,9.170000000000000000e+02,9.180000000000000000e+02,9.190000000000000000e+02,9.200000000000000000e+02,9.210000000000000000e+02,9.220000000000000000e+02,9.230000000000000000e+02,9.240000000000000000e+02,9.250000000000000000e+02,9.260000000000000000e+02,9.270000000000000000e+02,9.280000000000000000e+02,9.290000000000000000e+02,9.300000000000000000e+02,9.310000000000000000e+02,9.320000000000000000e+02,9.330000000000000000e+02,9.340000000000000000e+02,9.350000000000000000e+02,9.360000000000000000e+02,9.370000000000000000e+02,9.380000000000000000e+02,9.390000000000000000e+02,9.400000000000000000e+02,9.410000000000000000e+02,9.420000000000000000e+02,9.430000000000000000e+02,9.440000000000000000e+02,9.450000000000000000e+02,9.460000000000000000e+02,9.470000000000000000e+02,9.480000000000000000e+02,9.490000000000000000e+02,9.500000000000000000e+02,9.510000000000000000e+02,9.520000000000000000e+02,9.530000000000000000e+02,9.540000000000000000e+02,9.550000000000000000e+02,9.560000000000000000e+02,9.570000000000000000e+02,9.580000000000000000e+02,9.590000000000000000e+02,9.600000000000000000e+02,9.610000000000000000e+02,9.620000000000000000e+02,9.630000000000000000e+02,9.640000000000000000e+02,9.650000000000000000e+02,9.660000000000000000e+02,9.670000000000000000e+02,9.680000000000000000e+02,9.690000000000000000e+02,9.700000000000000000e+02,9.710000000000000000e+02,9.720000000000000000e+02,9.730000000000000000e+02,9.740000000000000000e+02,9.750000000000000000e+02,9.760000000000000000e+02,9.770000000000000000e+02,9.780000000000000000e+02,9.790000000000000000e+02,9.800000000000000000e+02,9.810000000000000000e+02,9.820000000000000000e+02,9.830000000000000000e+02,9.840000000000000000e+02,9.850000000000000000e+02,9.860000000000000000e+02,9.870000000000000000e+02,9.880000000000000000e+02,9.890000000000000000e+02,9.900000000000000000e+02,9.910000000000000000e+02,9.920000000000000000e+02,9.930000000000000000e+02,9.940000000000000000e+02,9.950000000000000000e+02,9.960000000000000000e+02,9.970000000000000000e+02,9.980000000000000000e+02,9.990000000000000000e+02,1.000000000000000000e+03,1.001000000000000000e+03,1.002000000000000000e+03,1.003000000000000000e+03,1.004000000000000000e+03,1.005000000000000000e+03,1.006000000000000000e+03,9.020000000000000000e+02,9.030000000000000000e+02,9.040000000000000000e+02,9.050000000000000000e+02,9.060000000000000000e+02,9.070000000000000000e+02,9.080000000000000000e+02,9.090000000000000000e+02,9.100000000000000000e+02,9.110000000000000000e+02,9.120000000000000000e+02,9.130000000000000000e+02,9.140000000000000000e+02,9.150000000000000000e+02,9.160000000000000000e+02,9.170000000000000000e+02,9.180000000000000000e+02,9.190000000000000000e+02,9.200000000000000000e+02,9.210000000000000000e+02,9.220000000000000000e+02,9.230000000000000000e+02,9.240000000000000000e+02,9.250000000000000000e+02,9.260000000000000000e+02,9.270000000000000000e+02,9.280000000000000000e+02,9.290000000000000000e+02,9.300000000000000000e+02,9.310000000000000000e+02,9.320000000000000000e+02,9.330000000000000000e+02,9.340000000000000000e+02,9.350000000000000000e+02,9.360000000000000000e+02,9.370000000000000000e+02,9.380000000000000000e+02,9.390000000000000000e+02,9.400000000000000000e+02,9.410000000000000000e+02,9.420000000000000000e+02,9.430000000000000000e+02,9.440000000000000000e+02,9.450000000000000000e+02,9.460000000000000000e+02,9.470000000000000000e+02,9.480000000000000000e+02,9.490000000000000000e+02,9.500000000000000000e+02,9.510000000000000000e+02,9.520000000000000000e+02,9.530000000000000000e+02,9.540000000000000000e+02,9.550000000000000000e+02,9.560000000000000000e+02,9.570000000000000000e+02,9.580000000000000000e+02,9.590000000000000000e+02,9.600000000000000000e+02,9.610000000000000000e+02,9.620000000000000000e+02,9.630000000000000000e+02,9.640000000000000000e+02,9.650000000000000000e+02,9.660000000000000000e+02,9.670000000000000000e+02,9.680000000000000000e+02,9.690000000000000000e+02,9.700000000000000000e+02,9.710000000000000000e+02,9.720000000000000000e+02,9.730000000000000000e+02,9.740000000000000000e+02,9.750000000000000000e+02,9.760000000000000000e+02,9.770000000000000000e+02,9.780000000000000000e+02,9.790000000000000000e+02,9.800000000000000000e+02,9.810000000000000000e+02,9.820000000000000000e+02,9.830000000000000000e+02,9.840000000000000000e+02,9.850000000000000000e+02,9.860000000000000000e+02,9.870000000000000000e+02,9.880000000000000000e+02,9.890000000000000000e+02,9.900000000000000000e+02,9.910000000000000000e+02,9.920000000000000000e+02,9.930000000000000000e+02,9.940000000000000000e+02,9.950000000000000000e+02,9.960000000000000000e+02,9.970000000000000000e+02,9.980000000000000000e+02,9.990000000000000000e+02,1.000000000000000000e+03,1.001000000000000000e+03,1.002000000000000000e+03,1.003000000000000000e+03,1.004000000000000000e+03,1.005000000000000000e+03,1.006000000000000000e+03,9.010000000000000000e+02,9.020000000000000000e+02,9.030000000000000000e+02,9.040000000000000000e+02,9.050000000000000000e+02,9.060000000000000000e+02,9.070000000000000000e+02,9.080000000000000000e+02,9.090000000000000000e+02,9.100000000000000000e+02,9.110000000000000000e+02,9.120000000000000000e+02,9.130000000000000000e+02,9.140000000000000000e+02,9.150000000000000000e+02,9.160000000000000000e+02,9.170000000000000000e+02,9.180000000000000000e+02,9.190000000000000000e+02,9.200000000000000000e+02,9.210000000000000000e+02,9.220000000000000000e+02,9.230000000000000000e+02,9.240000000000000000e+02,9.250000000000000000e+02,9.260000000000000000e+02,9.270000000000000000e+02,9.280000000000000000e+02,9.290000000000000000e+02,9.300000000000000000e+02,9.310000000000000000e+02,9.320000000000000000e+02,9.330000000000000000e+02,9.340000000000000000e+02,9.350000000000000000e+02,9.360000000000000000e+02,9.370000000000000000e+02,9.380000000000000000e+02,9.390000000000000000e+02,9.400000000000000000e+02,9.410000000000000000e+02,9.420000000000000000e+02,9.430000000000000000e+02,9.440000000000000000e+02,9.450000000000000000e+02,9.460000000000000000e+02,9.470000000000000000e+02,9.480000000000000000e+02,9.490000000000000000e+02,9.500000000000000000e+02,9.510000000000000000e+02,9.520000000000000000e+02,9.530000000000000000e+02,9.540000000000000000e+02,9.550000000000000000e+02,9.560000000000000000e+02,9.570000000000000000e+02,9.580000000000000000e+02,9.590000000000000000e+02,9.600000000000000000e+02,9.610000000000000000e+02,9.620000000000000000e+02,9.630000000000000000e+02,9.640000000000000000e+02,9.650000000000000000e+02,9.660000000000000000e+02,9.670000000000000000e+02,9.680000000000000000e+02,9.690000000000000000e+02,9.700000000000000000e+02,9.710000000000000000e+02,9.720000000000000000e+02,9.730000000000000000e+02,9.740000000000000000e+02,9.750000000000000000e+02,9.760000000000000000e+02,9.770000000000000000e+02,9.780000000000000000e+02,9.790000000000000000e+02,9.800000000000000000e+02,9.810000000000000000e+02,9.820000000000000000e+02,9.830000000000000000e+02,9.840000000000000000e+02,9.850000000000000000e+02,9.860000000000000000e+02,9.870000000000000000e+02,9.880000000000000000e+02,9.890000000000000000e+02,9.900000000000000000e+02,9.910000000000000000e+02,9.920000000000000000e+02,9.930000000000000000e+02,9.940000000000000000e+02,9.950000000000000000e+02,9.960000000000000000e+02,9.970000000000000000e+02,9.980000000000000000e+02,9.990000000000000000e+02,1.000000000000000000e+03,1.001000000000000000e+03,1.002000000000000000e+03,1.003000000000000000e+03,1.004000000000000000e+03,1.005000000000000000e+03,1.006000000000000000e+03,9.010000000000000000e+02,9.020000000000000000e+02,9.030000000000000000e+02,9.040000000000000000e+02,9.050000000000000000e+02,9.060000000000000000e+02,9.070000000000000000e+02,9.080000000000000000e+02,9.090000000000000000e+02,9.100000000000000000e+02,9.110000000000000000e+02,9.120000000000000000e+02,9.130000000000000000e+02,9.140000000000000000e+02,9.150000000000000000e+02,9.160000000000000000e+02,9.170000000000000000e+02,9.180000000000000000e+02,9.190000000000000000e+02,9.200000000000000000e+02,9.210000000000000000e+02,9.220000000000000000e+02,9.230000000000000000e+02,9.240000000000000000e+02,9.250000000000000000e+02,9.260000000000000000e+02,9.270000000000000000e+02,9.280000000000000000e+02,9.290000000000000000e+02,9.300000000000000000e+02,9.310000000000000000e+02,9.320000000000000000e+02,9.330000000000000000e+02,9.340000000000000000e+02,9.350000000000000000e+02,9.360000000000000000e+02,9.370000000000000000e+02,9.380000000000000000e+02,9.390000000000000000e+02,9.400000000000000000e+02,9.410000000000000000e+02,9.420000000000000000e+02,9.430000000000000000e+02,9.440000000000000000e+02,9.450000000000000000e+02,9.460000000000000000e+02,9.470000000000000000e+02,9.480000000000000000e+02,9.490000000000000000e+02,9.500000000000000000e+02,9.510000000000000000e+02,9.520000000000000000e+02,9.530000000000000000e+02,9.540000000000000000e+02,9.550000000000000000e+02,9.560000000000000000e+02,9.570000000000000000e+02,9.580000000000000000e+02,9.590000000000000000e+02,9.600000000000000000e+02,9.610000000000000000e+02,9.620000000000000000e+02,9.630000000000000000e+02,9.640000000000000000e+02,9.650000000000000000e+02,9.660000000000000000e+02,9.670000000000000000e+02,9.680000000000000000e+02,9.690000000000000000e+02,9.700000000000000000e+02,9.710000000000000000e+02,9.720000000000000000e+02,9.730000000000000000e+02,9.740000000000000000e+02,9.750000000000000000e+02,9.760000000000000000e+02,9.770000000000000000e+02,9.780000000000000000e+02,9.790000000000000000e+02,9.800000000000000000e+02,9.810000000000000000e+02,9.820000000000000000e+02,9.830000000000000000e+02,9.840000000000000000e+02,9.850000000000000000e+02,9.860000000000000000e+02,9.870000000000000000e+02,9.880000000000000000e+02,9.890000000000000000e+02,9.900000000000000000e+02,9.910000000000000000e+02,9.920000000000000000e+02,9.930000000000000000e+02,9.940000000000000000e+02,9.950000000000000000e+02,9.960000000000000000e+02,9.970000000000000000e+02,9.980000000000000000e+02,9.990000000000000000e+02,1.000000000000000000e+03,1.001000000000000000e+03,1.002000000000000000e+03,1.003000000000000000e+03,1.004000000000000000e+03,1.005000000000000000e+03,1.006000000000000000e+03,9.000000000000000000e+02,9.010000000000000000e+02,9.020000000000000000e+02,9.030000000000000000e+02,9.040000000000000000e+02,9.050000000000000000e+02,9.060000000000000000e+02,9.070000000000000000e+02,9.080000000000000000e+02,9.090000000000000000e+02,9.100000000000000000e+02,9.110000000000000000e+02,9.120000000000000000e+02,9.130000000000000000e+02,9.140000000000000000e+02,9.150000000000000000e+02,9.160000000000000000e+02,9.170000000000000000e+02,9.180000000000000000e+02,9.190000000000000000e+02,9.200000000000000000e+02,9.210000000000000000e+02,9.220000000000000000e+02,9.230000000000000000e+02,9.240000000000000000e+02,9.250000000000000000e+02,9.260000000000000000e+02,9.270000000000000000e+02,9.280000000000000000e+02,9.290000000000000000e+02,9.300000000000000000e+02,9.310000000000000000e+02,9.320000000000000000e+02,9.330000000000000000e+02,9.340000000000000000e+02,9.350000000000000000e+02,9.360000000000000000e+02,9.370000000000000000e+02,9.380000000000000000e+02,9.390000000000000000e+02,9.400000000000000000e+02,9.410000000000000000e+02,9.420000000000000000e+02,9.430000000000000000e+02,9.440000000000000000e+02,9.450000000000000000e+02,9.460000000000000000e+02,9.470000000000000000e+02,9.480000000000000000e+02,9.490000000000000000e+02,9.500000000000000000e+02,9.510000000000000000e+02,9.520000000000000000e+02,9.530000000000000000e+02,9.540000000000000000e+02,9.550000000000000000e+02,9.560000000000000000e+02,9.570000000000000000e+02,9.580000000000000000e+02,9.590000000000000000e+02,9.600000000000000000e+02,9.610000000000000000e+02,9.620000000000000000e+02,9.630000000000000000e+02,9.640000000000000000e+02,9.650000000000000000e+02,9.660000000000000000e+02,9.670000000000000000e+02,9.680000000000000000e+02,9.690000000000000000e+02,9.700000000000000000e+02,9.710000000000000000e+02,9.720000000000000000e+02,9.730000000000000000e+02,9.740000000000000000e+02,9.750000000000000000e+02,9.760000000000000000e+02,9.770000000000000000e+02,9.780000000000000000e+02,9.790000000000000000e+02,9.800000000000000000e+02,9.810000000000000000e+02,9.820000000000000000e+02,9.830000000000000000e+02,9.840000000000000000e+02,9.850000000000000000e+02,9.860000000000000000e+02,9.870000000000000000e+02,9.880000000000000000e+02,9.890000000000000000e+02,9.900000000000000000e+02,9.910000000000000000e+02,9.920000000000000000e+02,9.930000000000000000e+02,9.940000000000000000e+02,9.950000000000000000e+02,9.960000000000000000e+02,9.970000000000000000e+02,9.980000000000000000e+02,9.990000000000000000e+02,1.000000000000000000e+03,1.001000000000000000e+03,1.002000000000000000e+03,1.003000000000000000e+03,1.004000000000000000e+03,1.005000000000000000e+03,1.006000000000000000e+03,9.000000000000000000e+02,9.010000000000000000e+02,9.020000000000000000e+02,9.030000000000000000e+02,9.040000000000000000e+02,9.050000000000000000e+02,9.060000000000000000e+02,9.070000000000000000e+02,9.080000000000000000e+02,9.090000000000000000e+02,9.100000000000000000e+02,9.110000000000000000e+02,9.120000000000000000e+02,9.130000000000000000e+02,9.140000000000000000e+02,9.150000000000000000e+02,9.160000000000000000e+02,9.170000000000000000e+02,9.180000000000000000e+02,9.190000000000000000e+02,9.200000000000000000e+02,9.210000000000000000e+02,9.220000000000000000e+02,9.230000000000000000e+02,9.240000000000000000e+02,9.250000000000000000e+02,9.260000000000000000e+02,9.270000000000000000e+02,9.280000000000000000e+02,9.290000000000000000e+02,9.300000000000000000e+02,9.310000000000000000e+02,9.320000000000000000e+02,9.330000000000000000e+02,9.340000000000000000e+02,9.350000000000000000e+02,9.360000000000000000e+02,9.370000000000000000e+02,9.380000000000000000e+02,9.390000000000000000e+02,9.400000000000000000e+02,9.410000000000000000e+02,9.420000000000000000e+02,9.430000000000000000e+02,9.440000000000000000e+02,9.450000000000000000e+02,9.460000000000000000e+02,9.470000000000000000e+02,9.480000000000000000e+02,9.490000000000000000e+02,9.500000000000000000e+02,9.510000000000000000e+02,9.520000000000000000e+02,9.530000000000000000e+02,9.540000000000000000e+02,9.550000000000000000e+02,9.560000000000000000e+02,9.570000000000000000e+02,9.580000000000000000e+02,9.590000000000000000e+02,9.600000000000000000e+02,9.610000000000000000e+02,9.620000000000000000e+02,9.630000000000000000e+02,9.640000000000000000e+02,9.650000000000000000e+02,9.660000000000000000e+02,9.670000000000000000e+02,9.680000000000000000e+02,9.690000000000000000e+02,9.700000000000000000e+02,9.710000000000000000e+02,9.720000000000000000e+02,9.730000000000000000e+02,9.740000000000000000e+02,9.750000000000000000e+02,9.760000000000000000e+02,9.770000000000000000e+02,9.780000000000000000e+02,9.790000000000000000e+02,9.800000000000000000e+02,9.810000000000000000e+02,9.820000000000000000e+02,9.830000000000000000e+02,9.840000000000000000e+02,9.850000000000000000e+02,9.860000000000000000e+02,9.870000000000000000e+02,9.880000000000000000e+02,9.890000000000000000e+02,9.900000000000000000e+02,9.910000000000000000e+02,9.920000000000000000e+02,9.930000000000000000e+02,9.940000000000000000e+02,9.950000000000000000e+02,9.960000000000000000e+02,9.970000000000000000e+02,9.980000000000000000e+02,9.990000000000000000e+02,1.000000000000000000e+03,1.001000000000000000e+03,1.002000000000000000e+03,1.003000000000000000e+03,1.004000000000000000e+03,1.005000000000000000e+03,1.006000000000000000e+03,8.990000000000000000e+02,9.000000000000000000e+02,9.010000000000000000e+02,9.020000000000000000e+02,9.030000000000000000e+02,9.040000000000000000e+02,9.050000000000000000e+02,9.060000000000000000e+02,9.070000000000000000e+02,9.080000000000000000e+02,9.090000000000000000e+02,9.100000000000000000e+02,9.110000000000000000e+02,9.120000000000000000e+02,9.130000000000000000e+02,9.140000000000000000e+02,9.150000000000000000e+02,9.160000000000000000e+02,9.170000000000000000e+02,9.180000000000000000e+02,9.190000000000000000e+02,9.200000000000000000e+02,9.210000000000000000e+02,9.220000000000000000e+02,9.230000000000000000e+02,9.240000000000000000e+02,9.250000000000000000e+02,9.260000000000000000e+02,9.270000000000000000e+02,9.280000000000000000e+02,9.290000000000000000e+02,9.300000000000000000e+02,9.310000000000000000e+02,9.320000000000000000e+02,9.330000000000000000e+02,9.340000000000000000e+02,9.350000000000000000e+02,9.360000000000000000e+02,9.370000000000000000e+02,9.380000000000000000e+02,9.390000000000000000e+02,9.400000000000000000e+02,9.410000000000000000e+02,9.420000000000000000e+02,9.430000000000000000e+02,9.440000000000000000e+02,9.450000000000000000e+02,9.460000000000000000e+02,9.470000000000000000e+02,9.480000000000000000e+02,9.490000000000000000e+02,9.500000000000000000e+02,9.510000000000000000e+02,9.520000000000000000e+02,9.530000000000000000e+02,9.540000000000000000e+02,9.550000000000000000e+02,9.560000000000000000e+02,9.570000000000000000e+02,9.580000000000000000e+02,9.590000000000000000e+02,9.600000000000000000e+02,9.610000000000000000e+02,9.620000000000000000e+02,9.630000000000000000e+02,9.640000000000000000e+02,9.650000000000000000e+02,9.660000000000000000e+02,9.670000000000000000e+02,9.680000000000000000e+02,9.690000000000000000e+02,9.700000000000000000e+02,9.710000000000000000e+02,9.720000000000000000e+02,9.730000000000000000e+02,9.740000000000000000e+02,9.750000000000000000e+02,9.760000000000000000e+02,9.770000000000000000e+02,9.780000000000000000e+02,9.790000000000000000e+02,9.800000000000000000e+02,9.810000000000000000e+02,9.820000000000000000e+02,9.830000000000000000e+02,9.840000000000000000e+02,9.850000000000000000e+02,9.860000000000000000e+02,9.870000000000000000e+02,9.880000000000000000e+02,9.890000000000000000e+02,9.900000000000000000e+02,9.910000000000000000e+02,9.920000000000000000e+02,9.930000000000000000e+02,9.940000000000000000e+02,9.950000000000000000e+02,9.960000000000000000e+02,9.970000000000000000e+02,9.980000000000000000e+02,9.990000000000000000e+02,1.000000000000000000e+03,1.001000000000000000e+03,1.002000000000000000e+03,1.003000000000000000e+03,1.004000000000000000e+03,1.005000000000000000e+03,1.006000000000000000e+03,8.980000000000000000e+02,8.990000000000000000e+02,9.000000000000000000e+02,9.010000000000000000e+02,9.020000000000000000e+02,9.030000000000000000e+02,9.040000000000000000e+02,9.050000000000000000e+02,9.060000000000000000e+02,9.070000000000000000e+02,9.080000000000000000e+02,9.090000000000000000e+02,9.100000000000000000e+02,9.110000000000000000e+02,9.120000000000000000e+02,9.130000000000000000e+02,9.140000000000000000e+02,9.150000000000000000e+02,9.160000000000000000e+02,9.170000000000000000e+02,9.180000000000000000e+02,9.190000000000000000e+02,9.200000000000000000e+02,9.210000000000000000e+02,9.220000000000000000e+02,9.230000000000000000e+02,9.240000000000000000e+02,9.250000000000000000e+02,9.260000000000000000e+02,9.270000000000000000e+02,9.280000000000000000e+02,9.290000000000000000e+02,9.300000000000000000e+02,9.310000000000000000e+02,9.320000000000000000e+02,9.330000000000000000e+02,9.340000000000000000e+02,9.350000000000000000e+02,9.360000000000000000e+02,9.370000000000000000e+02,9.380000000000000000e+02,9.390000000000000000e+02,9.400000000000000000e+02,9.410000000000000000e+02,9.420000000000000000e+02,9.430000000000000000e+02,9.440000000000000000e+02,9.450000000000000000e+02,9.460000000000000000e+02,9.470000000000000000e+02,9.480000000000000000e+02,9.490000000000000000e+02,9.500000000000000000e+02,9.510000000000000000e+02,9.520000000000000000e+02,9.530000000000000000e+02,9.540000000000000000e+02,9.550000000000000000e+02,9.560000000000000000e+02,9.570000000000000000e+02,9.580000000000000000e+02,9.590000000000000000e+02,9.600000000000000000e+02,9.610000000000000000e+02,9.620000000000000000e+02,9.630000000000000000e+02,9.640000000000000000e+02,9.650000000000000000e+02,9.660000000000000000e+02,9.670000000000000000e+02,9.680000000000000000e+02,9.690000000000000000e+02,9.700000000000000000e+02,9.710000000000000000e+02,9.720000000000000000e+02,9.730000000000000000e+02,9.740000000000000000e+02,9.750000000000000000e+02,9.760000000000000000e+02,9.770000000000000000e+02,9.780000000000000000e+02,9.790000000000000000e+02,9.800000000000000000e+02,9.810000000000000000e+02,9.820000000000000000e+02,9.830000000000000000e+02,9.840000000000000000e+02,9.850000000000000000e+02,9.860000000000000000e+02,9.870000000000000000e+02,9.880000000000000000e+02,9.890000000000000000e+02,9.900000000000000000e+02,9.910000000000000000e+02,9.920000000000000000e+02,9.930000000000000000e+02,9.940000000000000000e+02,9.950000000000000000e+02,9.960000000000000000e+02,9.970000000000000000e+02,9.980000000000000000e+02,9.990000000000000000e+02,1.000000000000000000e+03,1.001000000000000000e+03,1.002000000000000000e+03,1.003000000000000000e+03,1.004000000000000000e+03,1.005000000000000000e+03,1.006000000000000000e+03,8.970000000000000000e+02,8.980000000000000000e+02,8.990000000000000000e+02,9.000000000000000000e+02,9.010000000000000000e+02,9.020000000000000000e+02,9.030000000000000000e+02,9.040000000000000000e+02,9.050000000000000000e+02,9.060000000000000000e+02,9.070000000000000000e+02,9.080000000000000000e+02,9.090000000000000000e+02,9.100000000000000000e+02,9.110000000000000000e+02,9.120000000000000000e+02,9.130000000000000000e+02,9.140000000000000000e+02,9.150000000000000000e+02,9.160000000000000000e+02,9.170000000000000000e+02,9.180000000000000000e+02,9.190000000000000000e+02,9.200000000000000000e+02,9.210000000000000000e+02,9.220000000000000000e+02,9.230000000000000000e+02,9.240000000000000000e+02,9.250000000000000000e+02,9.260000000000000000e+02,9.270000000000000000e+02,9.280000000000000000e+02,9.290000000000000000e+02,9.300000000000000000e+02,9.310000000000000000e+02,9.320000000000000000e+02,9.330000000000000000e+02,9.340000000000000000e+02,9.350000000000000000e+02,9.360000000000000000e+02,9.370000000000000000e+02,9.380000000000000000e+02,9.390000000000000000e+02,9.400000000000000000e+02,9.410000000000000000e+02,9.420000000000000000e+02,9.430000000000000000e+02,9.440000000000000000e+02,9.450000000000000000e+02,9.460000000000000000e+02,9.470000000000000000e+02,9.480000000000000000e+02,9.490000000000000000e+02,9.500000000000000000e+02,9.510000000000000000e+02,9.520000000000000000e+02,9.530000000000000000e+02,9.540000000000000000e+02,9.550000000000000000e+02,9.560000000000000000e+02,9.570000000000000000e+02,9.580000000000000000e+02,9.590000000000000000e+02,9.600000000000000000e+02,9.610000000000000000e+02,9.620000000000000000e+02,9.630000000000000000e+02,9.640000000000000000e+02,9.650000000000000000e+02,9.660000000000000000e+02,9.670000000000000000e+02,9.680000000000000000e+02,9.690000000000000000e+02,9.700000000000000000e+02,9.710000000000000000e+02,9.720000000000000000e+02,9.730000000000000000e+02,9.740000000000000000e+02,9.750000000000000000e+02,9.760000000000000000e+02,9.770000000000000000e+02,9.780000000000000000e+02,9.790000000000000000e+02,9.800000000000000000e+02,9.810000000000000000e+02,9.820000000000000000e+02,9.830000000000000000e+02,9.840000000000000000e+02,9.850000000000000000e+02,9.860000000000000000e+02,9.870000000000000000e+02,9.880000000000000000e+02,9.890000000000000000e+02,9.900000000000000000e+02,9.910000000000000000e+02,9.920000000000000000e+02,9.930000000000000000e+02,9.940000000000000000e+02,9.950000000000000000e+02,9.960000000000000000e+02,9.970000000000000000e+02,9.980000000000000000e+02,9.990000000000000000e+02,1.000000000000000000e+03,1.001000000000000000e+03,1.002000000000000000e+03,1.003000000000000000e+03,1.004000000000000000e+03,1.005000000000000000e+03,1.006000000000000000e+03,8.960000000000000000e+02,8.970000000000000000e+02,8.980000000000000000e+02,8.990000000000000000e+02,9.000000000000000000e+02,9.010000000000000000e+02,9.020000000000000000e+02,9.030000000000000000e+02,9.040000000000000000e+02,9.050000000000000000e+02,9.060000000000000000e+02,9.070000000000000000e+02,9.080000000000000000e+02,9.090000000000000000e+02,9.100000000000000000e+02,9.110000000000000000e+02,9.120000000000000000e+02,9.130000000000000000e+02,9.140000000000000000e+02,9.150000000000000000e+02,9.160000000000000000e+02,9.170000000000000000e+02,9.180000000000000000e+02,9.190000000000000000e+02,9.200000000000000000e+02,9.210000000000000000e+02,9.220000000000000000e+02,9.230000000000000000e+02,9.240000000000000000e+02,9.250000000000000000e+02,9.260000000000000000e+02,9.270000000000000000e+02,9.280000000000000000e+02,9.290000000000000000e+02,9.300000000000000000e+02,9.310000000000000000e+02,9.320000000000000000e+02,9.330000000000000000e+02,9.340000000000000000e+02,9.350000000000000000e+02,9.360000000000000000e+02,9.370000000000000000e+02,9.380000000000000000e+02,9.390000000000000000e+02,9.400000000000000000e+02,9.410000000000000000e+02,9.420000000000000000e+02,9.430000000000000000e+02,9.440000000000000000e+02,9.450000000000000000e+02,9.460000000000000000e+02,9.470000000000000000e+02,9.480000000000000000e+02,9.490000000000000000e+02,9.500000000000000000e+02,9.510000000000000000e+02,9.520000000000000000e+02,9.530000000000000000e+02,9.540000000000000000e+02,9.550000000000000000e+02,9.560000000000000000e+02,9.570000000000000000e+02,9.580000000000000000e+02,9.590000000000000000e+02,9.600000000000000000e+02,9.610000000000000000e+02,9.620000000000000000e+02,9.630000000000000000e+02,9.640000000000000000e+02,9.650000000000000000e+02,9.660000000000000000e+02,9.670000000000000000e+02,9.680000000000000000e+02,9.690000000000000000e+02,9.700000000000000000e+02,9.710000000000000000e+02,9.720000000000000000e+02,9.730000000000000000e+02,9.740000000000000000e+02,9.750000000000000000e+02,9.760000000000000000e+02,9.770000000000000000e+02,9.780000000000000000e+02,9.790000000000000000e+02,9.800000000000000000e+02,9.810000000000000000e+02,9.820000000000000000e+02,9.830000000000000000e+02,9.840000000000000000e+02,9.850000000000000000e+02,9.860000000000000000e+02,9.870000000000000000e+02,9.880000000000000000e+02,9.890000000000000000e+02,9.900000000000000000e+02,9.910000000000000000e+02,9.920000000000000000e+02,9.930000000000000000e+02,9.940000000000000000e+02,9.950000000000000000e+02,9.960000000000000000e+02,9.970000000000000000e+02,9.980000000000000000e+02,9.990000000000000000e+02,1.000000000000000000e+03,1.001000000000000000e+03,1.002000000000000000e+03,1.003000000000000000e+03,1.004000000000000000e+03,1.005000000000000000e+03,1.006000000000000000e+03,8.950000000000000000e+02,8.960000000000000000e+02,8.970000000000000000e+02,8.980000000000000000e+02,8.990000000000000000e+02,9.000000000000000000e+02,9.010000000000000000e+02,9.020000000000000000e+02,9.030000000000000000e+02,9.040000000000000000e+02,9.050000000000000000e+02,9.060000000000000000e+02,9.070000000000000000e+02,9.080000000000000000e+02,9.090000000000000000e+02,9.100000000000000000e+02,9.110000000000000000e+02,9.120000000000000000e+02,9.130000000000000000e+02,9.140000000000000000e+02,9.150000000000000000e+02,9.160000000000000000e+02,9.170000000000000000e+02,9.180000000000000000e+02,9.190000000000000000e+02,9.200000000000000000e+02,9.210000000000000000e+02,9.220000000000000000e+02,9.230000000000000000e+02,9.240000000000000000e+02,9.250000000000000000e+02,9.260000000000000000e+02,9.270000000000000000e+02,9.280000000000000000e+02,9.290000000000000000e+02,9.300000000000000000e+02,9.310000000000000000e+02,9.320000000000000000e+02,9.330000000000000000e+02,9.340000000000000000e+02,9.350000000000000000e+02,9.360000000000000000e+02,9.370000000000000000e+02,9.380000000000000000e+02,9.390000000000000000e+02,9.400000000000000000e+02,9.410000000000000000e+02,9.420000000000000000e+02,9.430000000000000000e+02,9.440000000000000000e+02,9.450000000000000000e+02,9.460000000000000000e+02,9.470000000000000000e+02,9.480000000000000000e+02,9.490000000000000000e+02,9.500000000000000000e+02,9.510000000000000000e+02,9.520000000000000000e+02,9.530000000000000000e+02,9.540000000000000000e+02,9.550000000000000000e+02,9.560000000000000000e+02,9.570000000000000000e+02,9.580000000000000000e+02,9.590000000000000000e+02,9.600000000000000000e+02,9.610000000000000000e+02,9.620000000000000000e+02,9.630000000000000000e+02,9.640000000000000000e+02,9.650000000000000000e+02,9.660000000000000000e+02,9.670000000000000000e+02,9.680000000000000000e+02,9.690000000000000000e+02,9.700000000000000000e+02,9.710000000000000000e+02,9.720000000000000000e+02,9.730000000000000000e+02,9.740000000000000000e+02,9.750000000000000000e+02,9.760000000000000000e+02,9.770000000000000000e+02,9.780000000000000000e+02,9.790000000000000000e+02,9.800000000000000000e+02,9.810000000000000000e+02,9.820000000000000000e+02,9.830000000000000000e+02,9.840000000000000000e+02,9.850000000000000000e+02,9.860000000000000000e+02,9.870000000000000000e+02,9.880000000000000000e+02,9.890000000000000000e+02,9.900000000000000000e+02,9.910000000000000000e+02,9.920000000000000000e+02,9.930000000000000000e+02,9.940000000000000000e+02,9.950000000000000000e+02,9.960000000000000000e+02,9.970000000000000000e+02,9.980000000000000000e+02,9.990000000000000000e+02,1.000000000000000000e+03,1.001000000000000000e+03,1.002000000000000000e+03,1.003000000000000000e+03,1.004000000000000000e+03,1.005000000000000000e+03,1.006000000000000000e+03,8.930000000000000000e+02,8.940000000000000000e+02,8.950000000000000000e+02,8.960000000000000000e+02,8.970000000000000000e+02,8.980000000000000000e+02,8.990000000000000000e+02,9.000000000000000000e+02,9.010000000000000000e+02,9.020000000000000000e+02,9.030000000000000000e+02,9.040000000000000000e+02,9.050000000000000000e+02,9.060000000000000000e+02,9.070000000000000000e+02,9.080000000000000000e+02,9.090000000000000000e+02,9.100000000000000000e+02,9.110000000000000000e+02,9.120000000000000000e+02,9.130000000000000000e+02,9.140000000000000000e+02,9.150000000000000000e+02,9.160000000000000000e+02,9.170000000000000000e+02,9.180000000000000000e+02,9.190000000000000000e+02,9.200000000000000000e+02,9.210000000000000000e+02,9.220000000000000000e+02,9.230000000000000000e+02,9.240000000000000000e+02,9.250000000000000000e+02,9.260000000000000000e+02,9.270000000000000000e+02,9.280000000000000000e+02,9.290000000000000000e+02,9.300000000000000000e+02,9.310000000000000000e+02,9.320000000000000000e+02,9.330000000000000000e+02,9.340000000000000000e+02,9.350000000000000000e+02,9.360000000000000000e+02,9.370000000000000000e+02,9.380000000000000000e+02,9.390000000000000000e+02,9.400000000000000000e+02,9.410000000000000000e+02,9.420000000000000000e+02,9.430000000000000000e+02,9.440000000000000000e+02,9.450000000000000000e+02,9.460000000000000000e+02,9.470000000000000000e+02,9.480000000000000000e+02,9.490000000000000000e+02,9.500000000000000000e+02,9.510000000000000000e+02,9.520000000000000000e+02,9.530000000000000000e+02,9.540000000000000000e+02,9.550000000000000000e+02,9.560000000000000000e+02,9.570000000000000000e+02,9.580000000000000000e+02,9.590000000000000000e+02,9.600000000000000000e+02,9.610000000000000000e+02,9.620000000000000000e+02,9.630000000000000000e+02,9.640000000000000000e+02,9.650000000000000000e+02,9.660000000000000000e+02,9.670000000000000000e+02,9.680000000000000000e+02,9.690000000000000000e+02,9.700000000000000000e+02,9.710000000000000000e+02,9.720000000000000000e+02,9.730000000000000000e+02,9.740000000000000000e+02,9.750000000000000000e+02,9.760000000000000000e+02,9.770000000000000000e+02,9.780000000000000000e+02,9.790000000000000000e+02,9.800000000000000000e+02,9.810000000000000000e+02,9.820000000000000000e+02,9.830000000000000000e+02,9.840000000000000000e+02,9.850000000000000000e+02,9.860000000000000000e+02,9.870000000000000000e+02,9.880000000000000000e+02,9.890000000000000000e+02,9.900000000000000000e+02,9.910000000000000000e+02,9.920000000000000000e+02,9.930000000000000000e+02,9.940000000000000000e+02,9.950000000000000000e+02,9.960000000000000000e+02,9.970000000000000000e+02,9.980000000000000000e+02,9.990000000000000000e+02,1.000000000000000000e+03,1.001000000000000000e+03,1.002000000000000000e+03,1.003000000000000000e+03,1.004000000000000000e+03,1.005000000000000000e+03,1.006000000000000000e+03,8.910000000000000000e+02,8.920000000000000000e+02,8.930000000000000000e+02,8.940000000000000000e+02,8.950000000000000000e+02,8.960000000000000000e+02,8.970000000000000000e+02,8.980000000000000000e+02,8.990000000000000000e+02,9.000000000000000000e+02,9.010000000000000000e+02,9.020000000000000000e+02,9.030000000000000000e+02,9.040000000000000000e+02,9.050000000000000000e+02,9.060000000000000000e+02,9.070000000000000000e+02,9.080000000000000000e+02,9.090000000000000000e+02,9.100000000000000000e+02,9.110000000000000000e+02,9.120000000000000000e+02,9.130000000000000000e+02,9.140000000000000000e+02,9.150000000000000000e+02,9.160000000000000000e+02,9.170000000000000000e+02,9.180000000000000000e+02,9.190000000000000000e+02,9.200000000000000000e+02,9.210000000000000000e+02,9.220000000000000000e+02,9.230000000000000000e+02,9.240000000000000000e+02,9.250000000000000000e+02,9.260000000000000000e+02,9.270000000000000000e+02,9.280000000000000000e+02,9.290000000000000000e+02,9.300000000000000000e+02,9.310000000000000000e+02,9.320000000000000000e+02,9.330000000000000000e+02,9.340000000000000000e+02,9.350000000000000000e+02,9.360000000000000000e+02,9.370000000000000000e+02,9.380000000000000000e+02,9.390000000000000000e+02,9.400000000000000000e+02,9.410000000000000000e+02,9.420000000000000000e+02,9.430000000000000000e+02,9.440000000000000000e+02,9.450000000000000000e+02,9.460000000000000000e+02,9.470000000000000000e+02,9.480000000000000000e+02,9.490000000000000000e+02,9.500000000000000000e+02,9.510000000000000000e+02,9.520000000000000000e+02,9.530000000000000000e+02,9.540000000000000000e+02,9.550000000000000000e+02,9.560000000000000000e+02,9.570000000000000000e+02,9.580000000000000000e+02,9.590000000000000000e+02,9.600000000000000000e+02,9.610000000000000000e+02,9.620000000000000000e+02,9.630000000000000000e+02,9.640000000000000000e+02,9.650000000000000000e+02,9.660000000000000000e+02,9.670000000000000000e+02,9.680000000000000000e+02,9.690000000000000000e+02,9.700000000000000000e+02,9.710000000000000000e+02,9.720000000000000000e+02,9.730000000000000000e+02,9.740000000000000000e+02,9.750000000000000000e+02,9.760000000000000000e+02,9.770000000000000000e+02,9.780000000000000000e+02,9.790000000000000000e+02,9.800000000000000000e+02,9.810000000000000000e+02,9.820000000000000000e+02,9.830000000000000000e+02,9.840000000000000000e+02,9.850000000000000000e+02,9.860000000000000000e+02,9.870000000000000000e+02,9.880000000000000000e+02,9.890000000000000000e+02,9.900000000000000000e+02,9.910000000000000000e+02,9.920000000000000000e+02,9.930000000000000000e+02,9.940000000000000000e+02,9.950000000000000000e+02,9.960000000000000000e+02,9.970000000000000000e+02,9.980000000000000000e+02,9.990000000000000000e+02,1.000000000000000000e+03,1.001000000000000000e+03,1.002000000000000000e+03,1.003000000000000000e+03,1.004000000000000000e+03,1.005000000000000000e+03,1.006000000000000000e+03,8.900000000000000000e+02,8.910000000000000000e+02,8.920000000000000000e+02,8.930000000000000000e+02,8.940000000000000000e+02,8.950000000000000000e+02,8.960000000000000000e+02,8.970000000000000000e+02,8.980000000000000000e+02,8.990000000000000000e+02,9.000000000000000000e+02,9.010000000000000000e+02,9.020000000000000000e+02,9.030000000000000000e+02,9.040000000000000000e+02,9.050000000000000000e+02,9.060000000000000000e+02,9.070000000000000000e+02,9.080000000000000000e+02,9.090000000000000000e+02,9.100000000000000000e+02,9.110000000000000000e+02,9.120000000000000000e+02,9.130000000000000000e+02,9.140000000000000000e+02,9.150000000000000000e+02,9.160000000000000000e+02,9.170000000000000000e+02,9.180000000000000000e+02,9.190000000000000000e+02,9.200000000000000000e+02,9.210000000000000000e+02,9.220000000000000000e+02,9.230000000000000000e+02,9.240000000000000000e+02,9.250000000000000000e+02,9.260000000000000000e+02,9.270000000000000000e+02,9.280000000000000000e+02,9.290000000000000000e+02,9.300000000000000000e+02,9.310000000000000000e+02,9.320000000000000000e+02,9.330000000000000000e+02,9.340000000000000000e+02,9.350000000000000000e+02,9.360000000000000000e+02,9.370000000000000000e+02,9.380000000000000000e+02,9.390000000000000000e+02,9.400000000000000000e+02,9.410000000000000000e+02,9.420000000000000000e+02,9.430000000000000000e+02,9.440000000000000000e+02,9.450000000000000000e+02,9.460000000000000000e+02,9.470000000000000000e+02,9.480000000000000000e+02,9.490000000000000000e+02,9.500000000000000000e+02,9.510000000000000000e+02,9.520000000000000000e+02,9.530000000000000000e+02,9.540000000000000000e+02,9.550000000000000000e+02,9.560000000000000000e+02,9.570000000000000000e+02,9.580000000000000000e+02,9.590000000000000000e+02,9.600000000000000000e+02,9.610000000000000000e+02,9.620000000000000000e+02,9.630000000000000000e+02,9.640000000000000000e+02,9.650000000000000000e+02,9.660000000000000000e+02,9.670000000000000000e+02,9.680000000000000000e+02,9.690000000000000000e+02,9.700000000000000000e+02,9.710000000000000000e+02,9.720000000000000000e+02,9.730000000000000000e+02,9.740000000000000000e+02,9.750000000000000000e+02,9.760000000000000000e+02,9.770000000000000000e+02,9.780000000000000000e+02,9.790000000000000000e+02,9.800000000000000000e+02,9.810000000000000000e+02,9.820000000000000000e+02,9.830000000000000000e+02,9.840000000000000000e+02,9.850000000000000000e+02,9.860000000000000000e+02,9.870000000000000000e+02,9.880000000000000000e+02,9.890000000000000000e+02,9.900000000000000000e+02,9.910000000000000000e+02,9.920000000000000000e+02,9.930000000000000000e+02,9.940000000000000000e+02,9.950000000000000000e+02,9.960000000000000000e+02,9.970000000000000000e+02,9.980000000000000000e+02,9.990000000000000000e+02,1.000000000000000000e+03,1.001000000000000000e+03,1.002000000000000000e+03,1.003000000000000000e+03,1.004000000000000000e+03,1.005000000000000000e+03,1.006000000000000000e+03,8.890000000000000000e+02,8.900000000000000000e+02,8.910000000000000000e+02,8.920000000000000000e+02,8.930000000000000000e+02,8.940000000000000000e+02,8.950000000000000000e+02,8.960000000000000000e+02,8.970000000000000000e+02,8.980000000000000000e+02,8.990000000000000000e+02,9.000000000000000000e+02,9.010000000000000000e+02,9.020000000000000000e+02,9.030000000000000000e+02,9.040000000000000000e+02,9.050000000000000000e+02,9.060000000000000000e+02,9.070000000000000000e+02,9.080000000000000000e+02,9.090000000000000000e+02,9.100000000000000000e+02,9.110000000000000000e+02,9.120000000000000000e+02,9.130000000000000000e+02,9.140000000000000000e+02,9.150000000000000000e+02,9.160000000000000000e+02,9.170000000000000000e+02,9.180000000000000000e+02,9.190000000000000000e+02,9.200000000000000000e+02,9.210000000000000000e+02,9.220000000000000000e+02,9.230000000000000000e+02,9.240000000000000000e+02,9.250000000000000000e+02,9.260000000000000000e+02,9.270000000000000000e+02,9.280000000000000000e+02,9.290000000000000000e+02,9.300000000000000000e+02,9.310000000000000000e+02,9.320000000000000000e+02,9.330000000000000000e+02,9.340000000000000000e+02,9.350000000000000000e+02,9.360000000000000000e+02,9.370000000000000000e+02,9.380000000000000000e+02,9.390000000000000000e+02,9.400000000000000000e+02,9.410000000000000000e+02,9.420000000000000000e+02,9.430000000000000000e+02,9.440000000000000000e+02,9.450000000000000000e+02,9.460000000000000000e+02,9.470000000000000000e+02,9.480000000000000000e+02,9.490000000000000000e+02,9.500000000000000000e+02,9.510000000000000000e+02,9.520000000000000000e+02,9.530000000000000000e+02,9.540000000000000000e+02,9.550000000000000000e+02,9.560000000000000000e+02,9.570000000000000000e+02,9.580000000000000000e+02,9.590000000000000000e+02,9.600000000000000000e+02,9.610000000000000000e+02,9.620000000000000000e+02,9.630000000000000000e+02,9.640000000000000000e+02,9.650000000000000000e+02,9.660000000000000000e+02,9.670000000000000000e+02,9.680000000000000000e+02,9.690000000000000000e+02,9.700000000000000000e+02,9.710000000000000000e+02,9.720000000000000000e+02,9.730000000000000000e+02,9.740000000000000000e+02,9.750000000000000000e+02,9.760000000000000000e+02,9.770000000000000000e+02,9.780000000000000000e+02,9.790000000000000000e+02,9.800000000000000000e+02,9.810000000000000000e+02,9.820000000000000000e+02,9.830000000000000000e+02,9.840000000000000000e+02,9.850000000000000000e+02,9.860000000000000000e+02,9.870000000000000000e+02,9.880000000000000000e+02,9.890000000000000000e+02,9.900000000000000000e+02,9.910000000000000000e+02,9.920000000000000000e+02,9.930000000000000000e+02,9.940000000000000000e+02,9.950000000000000000e+02,9.960000000000000000e+02,9.970000000000000000e+02,9.980000000000000000e+02,9.990000000000000000e+02,1.000000000000000000e+03,1.001000000000000000e+03,1.002000000000000000e+03,1.003000000000000000e+03,1.004000000000000000e+03,1.005000000000000000e+03,1.006000000000000000e+03,8.880000000000000000e+02,8.890000000000000000e+02,8.900000000000000000e+02,8.910000000000000000e+02,8.920000000000000000e+02,8.930000000000000000e+02,8.940000000000000000e+02,8.950000000000000000e+02,8.960000000000000000e+02,8.970000000000000000e+02,8.980000000000000000e+02,8.990000000000000000e+02,9.000000000000000000e+02,9.010000000000000000e+02,9.020000000000000000e+02,9.030000000000000000e+02,9.040000000000000000e+02,9.050000000000000000e+02,9.060000000000000000e+02,9.070000000000000000e+02,9.080000000000000000e+02,9.090000000000000000e+02,9.100000000000000000e+02,9.110000000000000000e+02,9.120000000000000000e+02,9.130000000000000000e+02,9.140000000000000000e+02,9.150000000000000000e+02,9.160000000000000000e+02,9.170000000000000000e+02,9.180000000000000000e+02,9.190000000000000000e+02,9.200000000000000000e+02,9.210000000000000000e+02,9.220000000000000000e+02,9.230000000000000000e+02,9.240000000000000000e+02,9.250000000000000000e+02,9.260000000000000000e+02,9.270000000000000000e+02,9.280000000000000000e+02,9.290000000000000000e+02,9.300000000000000000e+02,9.310000000000000000e+02,9.320000000000000000e+02,9.330000000000000000e+02,9.340000000000000000e+02,9.350000000000000000e+02,9.360000000000000000e+02,9.370000000000000000e+02,9.380000000000000000e+02,9.390000000000000000e+02,9.400000000000000000e+02,9.410000000000000000e+02,9.420000000000000000e+02,9.430000000000000000e+02,9.440000000000000000e+02,9.450000000000000000e+02,9.460000000000000000e+02,9.470000000000000000e+02,9.480000000000000000e+02,9.490000000000000000e+02,9.500000000000000000e+02,9.510000000000000000e+02,9.520000000000000000e+02,9.530000000000000000e+02,9.540000000000000000e+02,9.550000000000000000e+02,9.560000000000000000e+02,9.570000000000000000e+02,9.580000000000000000e+02,9.590000000000000000e+02,9.600000000000000000e+02,9.610000000000000000e+02,9.620000000000000000e+02,9.630000000000000000e+02,9.640000000000000000e+02,9.650000000000000000e+02,9.660000000000000000e+02,9.670000000000000000e+02,9.680000000000000000e+02,9.690000000000000000e+02,9.700000000000000000e+02,9.710000000000000000e+02,9.720000000000000000e+02,9.730000000000000000e+02,9.740000000000000000e+02,9.750000000000000000e+02,9.760000000000000000e+02,9.770000000000000000e+02,9.780000000000000000e+02,9.790000000000000000e+02,9.800000000000000000e+02,9.810000000000000000e+02,9.820000000000000000e+02,9.830000000000000000e+02,9.840000000000000000e+02,9.850000000000000000e+02,9.860000000000000000e+02,9.870000000000000000e+02,9.880000000000000000e+02,9.890000000000000000e+02,9.900000000000000000e+02,9.910000000000000000e+02,9.920000000000000000e+02,9.930000000000000000e+02,9.940000000000000000e+02,9.950000000000000000e+02,9.960000000000000000e+02,9.970000000000000000e+02,9.980000000000000000e+02,9.990000000000000000e+02,1.000000000000000000e+03,1.001000000000000000e+03,1.002000000000000000e+03,1.003000000000000000e+03,1.004000000000000000e+03,1.005000000000000000e+03,1.006000000000000000e+03,8.880000000000000000e+02,8.890000000000000000e+02,8.900000000000000000e+02,8.910000000000000000e+02,8.920000000000000000e+02,8.930000000000000000e+02,8.940000000000000000e+02,8.950000000000000000e+02,8.960000000000000000e+02,8.970000000000000000e+02,8.980000000000000000e+02,8.990000000000000000e+02,9.000000000000000000e+02,9.010000000000000000e+02,9.020000000000000000e+02,9.030000000000000000e+02,9.040000000000000000e+02,9.050000000000000000e+02,9.060000000000000000e+02,9.070000000000000000e+02,9.080000000000000000e+02,9.090000000000000000e+02,9.100000000000000000e+02,9.110000000000000000e+02,9.120000000000000000e+02,9.130000000000000000e+02,9.140000000000000000e+02,9.150000000000000000e+02,9.160000000000000000e+02,9.170000000000000000e+02,9.180000000000000000e+02,9.190000000000000000e+02,9.200000000000000000e+02,9.210000000000000000e+02,9.220000000000000000e+02,9.230000000000000000e+02,9.240000000000000000e+02,9.250000000000000000e+02,9.260000000000000000e+02,9.270000000000000000e+02,9.280000000000000000e+02,9.290000000000000000e+02,9.300000000000000000e+02,9.310000000000000000e+02,9.320000000000000000e+02,9.330000000000000000e+02,9.340000000000000000e+02,9.350000000000000000e+02,9.360000000000000000e+02,9.370000000000000000e+02,9.380000000000000000e+02,9.390000000000000000e+02,9.400000000000000000e+02,9.410000000000000000e+02,9.420000000000000000e+02,9.430000000000000000e+02,9.440000000000000000e+02,9.450000000000000000e+02,9.460000000000000000e+02,9.470000000000000000e+02,9.480000000000000000e+02,9.490000000000000000e+02,9.500000000000000000e+02,9.510000000000000000e+02,9.520000000000000000e+02,9.530000000000000000e+02,9.540000000000000000e+02,9.550000000000000000e+02,9.560000000000000000e+02,9.570000000000000000e+02,9.580000000000000000e+02,9.590000000000000000e+02,9.600000000000000000e+02,9.610000000000000000e+02,9.620000000000000000e+02,9.630000000000000000e+02,9.640000000000000000e+02,9.650000000000000000e+02,9.660000000000000000e+02,9.670000000000000000e+02,9.680000000000000000e+02,9.690000000000000000e+02,9.700000000000000000e+02,9.710000000000000000e+02,9.720000000000000000e+02,9.730000000000000000e+02,9.740000000000000000e+02,9.750000000000000000e+02,9.760000000000000000e+02,9.770000000000000000e+02,9.780000000000000000e+02,9.790000000000000000e+02,9.800000000000000000e+02,9.810000000000000000e+02,9.820000000000000000e+02,9.830000000000000000e+02,9.840000000000000000e+02,9.850000000000000000e+02,9.860000000000000000e+02,9.870000000000000000e+02,9.880000000000000000e+02,9.890000000000000000e+02,9.900000000000000000e+02,9.910000000000000000e+02,9.920000000000000000e+02,9.930000000000000000e+02,9.940000000000000000e+02,9.950000000000000000e+02,9.960000000000000000e+02,9.970000000000000000e+02,9.980000000000000000e+02,9.990000000000000000e+02,1.000000000000000000e+03,1.001000000000000000e+03,1.002000000000000000e+03,1.003000000000000000e+03,1.004000000000000000e+03,1.005000000000000000e+03,1.006000000000000000e+03,8.870000000000000000e+02,8.880000000000000000e+02,8.890000000000000000e+02,8.900000000000000000e+02,8.910000000000000000e+02,8.920000000000000000e+02,8.930000000000000000e+02,8.940000000000000000e+02,8.950000000000000000e+02,8.960000000000000000e+02,8.970000000000000000e+02,8.980000000000000000e+02,8.990000000000000000e+02,9.000000000000000000e+02,9.010000000000000000e+02,9.020000000000000000e+02,9.030000000000000000e+02,9.040000000000000000e+02,9.050000000000000000e+02,9.060000000000000000e+02,9.070000000000000000e+02,9.080000000000000000e+02,9.090000000000000000e+02,9.100000000000000000e+02,9.110000000000000000e+02,9.120000000000000000e+02,9.130000000000000000e+02,9.140000000000000000e+02,9.150000000000000000e+02,9.160000000000000000e+02,9.170000000000000000e+02,9.180000000000000000e+02,9.190000000000000000e+02,9.200000000000000000e+02,9.210000000000000000e+02,9.220000000000000000e+02,9.230000000000000000e+02,9.240000000000000000e+02,9.250000000000000000e+02,9.260000000000000000e+02,9.270000000000000000e+02,9.280000000000000000e+02,9.290000000000000000e+02,9.300000000000000000e+02,9.310000000000000000e+02,9.320000000000000000e+02,9.330000000000000000e+02,9.340000000000000000e+02,9.350000000000000000e+02,9.360000000000000000e+02,9.370000000000000000e+02,9.380000000000000000e+02,9.390000000000000000e+02,9.400000000000000000e+02,9.410000000000000000e+02,9.420000000000000000e+02,9.430000000000000000e+02,9.440000000000000000e+02,9.450000000000000000e+02,9.460000000000000000e+02,9.470000000000000000e+02,9.480000000000000000e+02,9.490000000000000000e+02,9.500000000000000000e+02,9.510000000000000000e+02,9.520000000000000000e+02,9.530000000000000000e+02,9.540000000000000000e+02,9.550000000000000000e+02,9.560000000000000000e+02,9.570000000000000000e+02,9.580000000000000000e+02,9.590000000000000000e+02,9.600000000000000000e+02,9.610000000000000000e+02,9.620000000000000000e+02,9.630000000000000000e+02,9.640000000000000000e+02,9.650000000000000000e+02,9.660000000000000000e+02,9.670000000000000000e+02,9.680000000000000000e+02,9.690000000000000000e+02,9.700000000000000000e+02,9.710000000000000000e+02,9.720000000000000000e+02,9.730000000000000000e+02,9.740000000000000000e+02,9.750000000000000000e+02,9.760000000000000000e+02,9.770000000000000000e+02,9.780000000000000000e+02,9.790000000000000000e+02,9.800000000000000000e+02,9.810000000000000000e+02,9.820000000000000000e+02,9.830000000000000000e+02,9.840000000000000000e+02,9.850000000000000000e+02,9.860000000000000000e+02,9.870000000000000000e+02,9.880000000000000000e+02,9.890000000000000000e+02,9.900000000000000000e+02,9.910000000000000000e+02,9.920000000000000000e+02,9.930000000000000000e+02,9.940000000000000000e+02,9.950000000000000000e+02,9.960000000000000000e+02,9.970000000000000000e+02,9.980000000000000000e+02,9.990000000000000000e+02,1.000000000000000000e+03,1.001000000000000000e+03,1.002000000000000000e+03,1.003000000000000000e+03,1.004000000000000000e+03,1.005000000000000000e+03,1.006000000000000000e+03,8.870000000000000000e+02,8.880000000000000000e+02,8.890000000000000000e+02,8.900000000000000000e+02,8.910000000000000000e+02,8.920000000000000000e+02,8.930000000000000000e+02,8.940000000000000000e+02,8.950000000000000000e+02,8.960000000000000000e+02,8.970000000000000000e+02,8.980000000000000000e+02,8.990000000000000000e+02,9.000000000000000000e+02,9.010000000000000000e+02,9.020000000000000000e+02,9.030000000000000000e+02,9.040000000000000000e+02,9.050000000000000000e+02,9.060000000000000000e+02,9.070000000000000000e+02,9.080000000000000000e+02,9.090000000000000000e+02,9.100000000000000000e+02,9.110000000000000000e+02,9.120000000000000000e+02,9.130000000000000000e+02,9.140000000000000000e+02,9.150000000000000000e+02,9.160000000000000000e+02,9.170000000000000000e+02,9.180000000000000000e+02,9.190000000000000000e+02,9.200000000000000000e+02,9.210000000000000000e+02,9.220000000000000000e+02,9.230000000000000000e+02,9.240000000000000000e+02,9.250000000000000000e+02,9.260000000000000000e+02,9.270000000000000000e+02,9.280000000000000000e+02,9.290000000000000000e+02,9.300000000000000000e+02,9.310000000000000000e+02,9.320000000000000000e+02,9.330000000000000000e+02,9.340000000000000000e+02,9.350000000000000000e+02,9.360000000000000000e+02,9.370000000000000000e+02,9.380000000000000000e+02,9.390000000000000000e+02,9.400000000000000000e+02,9.410000000000000000e+02,9.420000000000000000e+02,9.430000000000000000e+02,9.440000000000000000e+02,9.450000000000000000e+02,9.460000000000000000e+02,9.470000000000000000e+02,9.480000000000000000e+02,9.490000000000000000e+02,9.500000000000000000e+02,9.510000000000000000e+02,9.520000000000000000e+02,9.530000000000000000e+02,9.540000000000000000e+02,9.550000000000000000e+02,9.560000000000000000e+02,9.570000000000000000e+02,9.580000000000000000e+02,9.590000000000000000e+02,9.600000000000000000e+02,9.610000000000000000e+02,9.620000000000000000e+02,9.630000000000000000e+02,9.640000000000000000e+02,9.650000000000000000e+02,9.660000000000000000e+02,9.670000000000000000e+02,9.680000000000000000e+02,9.690000000000000000e+02,9.700000000000000000e+02,9.710000000000000000e+02,9.720000000000000000e+02,9.730000000000000000e+02,9.740000000000000000e+02,9.750000000000000000e+02,9.760000000000000000e+02,9.770000000000000000e+02,9.780000000000000000e+02,9.790000000000000000e+02,9.800000000000000000e+02,9.810000000000000000e+02,9.820000000000000000e+02,9.830000000000000000e+02,9.840000000000000000e+02,9.850000000000000000e+02,9.860000000000000000e+02,9.870000000000000000e+02,9.880000000000000000e+02,9.890000000000000000e+02,9.900000000000000000e+02,9.910000000000000000e+02,9.920000000000000000e+02,9.930000000000000000e+02,9.940000000000000000e+02,9.950000000000000000e+02,9.960000000000000000e+02,9.970000000000000000e+02,9.980000000000000000e+02,9.990000000000000000e+02,1.000000000000000000e+03,1.001000000000000000e+03,1.002000000000000000e+03,1.003000000000000000e+03,1.004000000000000000e+03,1.005000000000000000e+03,1.006000000000000000e+03,8.860000000000000000e+02,8.870000000000000000e+02,8.880000000000000000e+02,8.890000000000000000e+02,8.900000000000000000e+02,8.910000000000000000e+02,8.920000000000000000e+02,8.930000000000000000e+02,8.940000000000000000e+02,8.950000000000000000e+02,8.960000000000000000e+02,8.970000000000000000e+02,8.980000000000000000e+02,8.990000000000000000e+02,9.000000000000000000e+02,9.010000000000000000e+02,9.020000000000000000e+02,9.030000000000000000e+02,9.040000000000000000e+02,9.050000000000000000e+02,9.060000000000000000e+02,9.070000000000000000e+02,9.080000000000000000e+02,9.090000000000000000e+02,9.100000000000000000e+02,9.110000000000000000e+02,9.120000000000000000e+02,9.130000000000000000e+02,9.140000000000000000e+02,9.150000000000000000e+02,9.160000000000000000e+02,9.170000000000000000e+02,9.180000000000000000e+02,9.190000000000000000e+02,9.200000000000000000e+02,9.210000000000000000e+02,9.220000000000000000e+02,9.230000000000000000e+02,9.240000000000000000e+02,9.250000000000000000e+02,9.260000000000000000e+02,9.270000000000000000e+02,9.280000000000000000e+02,9.290000000000000000e+02,9.300000000000000000e+02,9.310000000000000000e+02,9.320000000000000000e+02,9.330000000000000000e+02,9.340000000000000000e+02,9.350000000000000000e+02,9.360000000000000000e+02,9.370000000000000000e+02,9.380000000000000000e+02,9.390000000000000000e+02,9.400000000000000000e+02,9.410000000000000000e+02,9.420000000000000000e+02,9.430000000000000000e+02,9.440000000000000000e+02,9.450000000000000000e+02,9.460000000000000000e+02,9.470000000000000000e+02,9.480000000000000000e+02,9.490000000000000000e+02,9.500000000000000000e+02,9.510000000000000000e+02,9.520000000000000000e+02,9.530000000000000000e+02,9.540000000000000000e+02,9.550000000000000000e+02,9.560000000000000000e+02,9.570000000000000000e+02,9.580000000000000000e+02,9.590000000000000000e+02,9.600000000000000000e+02,9.610000000000000000e+02,9.620000000000000000e+02,9.630000000000000000e+02,9.640000000000000000e+02,9.650000000000000000e+02,9.660000000000000000e+02,9.670000000000000000e+02,9.680000000000000000e+02,9.690000000000000000e+02,9.700000000000000000e+02,9.710000000000000000e+02,9.720000000000000000e+02,9.730000000000000000e+02,9.740000000000000000e+02,9.750000000000000000e+02,9.760000000000000000e+02,9.770000000000000000e+02,9.780000000000000000e+02,9.790000000000000000e+02,9.800000000000000000e+02,9.810000000000000000e+02,9.820000000000000000e+02,9.830000000000000000e+02,9.840000000000000000e+02,9.850000000000000000e+02,9.860000000000000000e+02,9.870000000000000000e+02,9.880000000000000000e+02,9.890000000000000000e+02,9.900000000000000000e+02,9.910000000000000000e+02,9.920000000000000000e+02,9.930000000000000000e+02,9.940000000000000000e+02,9.950000000000000000e+02,9.960000000000000000e+02,9.970000000000000000e+02,9.980000000000000000e+02,9.990000000000000000e+02,1.000000000000000000e+03,1.001000000000000000e+03,1.002000000000000000e+03,1.003000000000000000e+03,1.004000000000000000e+03,1.005000000000000000e+03,1.006000000000000000e+03,8.860000000000000000e+02,8.870000000000000000e+02,8.880000000000000000e+02,8.890000000000000000e+02,8.900000000000000000e+02,8.910000000000000000e+02,8.920000000000000000e+02,8.930000000000000000e+02,8.940000000000000000e+02,8.950000000000000000e+02,8.960000000000000000e+02,8.970000000000000000e+02,8.980000000000000000e+02,8.990000000000000000e+02,9.000000000000000000e+02,9.010000000000000000e+02,9.020000000000000000e+02,9.030000000000000000e+02,9.040000000000000000e+02,9.050000000000000000e+02,9.060000000000000000e+02,9.070000000000000000e+02,9.080000000000000000e+02,9.090000000000000000e+02,9.100000000000000000e+02,9.110000000000000000e+02,9.120000000000000000e+02,9.130000000000000000e+02,9.140000000000000000e+02,9.150000000000000000e+02,9.160000000000000000e+02,9.170000000000000000e+02,9.180000000000000000e+02,9.190000000000000000e+02,9.200000000000000000e+02,9.210000000000000000e+02,9.220000000000000000e+02,9.230000000000000000e+02,9.240000000000000000e+02,9.250000000000000000e+02,9.260000000000000000e+02,9.270000000000000000e+02,9.280000000000000000e+02,9.290000000000000000e+02,9.300000000000000000e+02,9.310000000000000000e+02,9.320000000000000000e+02,9.330000000000000000e+02,9.340000000000000000e+02,9.350000000000000000e+02,9.360000000000000000e+02,9.370000000000000000e+02,9.380000000000000000e+02,9.390000000000000000e+02,9.400000000000000000e+02,9.410000000000000000e+02,9.420000000000000000e+02,9.430000000000000000e+02,9.440000000000000000e+02,9.450000000000000000e+02,9.460000000000000000e+02,9.470000000000000000e+02,9.480000000000000000e+02,9.490000000000000000e+02,9.500000000000000000e+02,9.510000000000000000e+02,9.520000000000000000e+02,9.530000000000000000e+02,9.540000000000000000e+02,9.550000000000000000e+02,9.560000000000000000e+02,9.570000000000000000e+02,9.580000000000000000e+02,9.590000000000000000e+02,9.600000000000000000e+02,9.610000000000000000e+02,9.620000000000000000e+02,9.630000000000000000e+02,9.640000000000000000e+02,9.650000000000000000e+02,9.660000000000000000e+02,9.670000000000000000e+02,9.680000000000000000e+02,9.690000000000000000e+02,9.700000000000000000e+02,9.710000000000000000e+02,9.720000000000000000e+02,9.730000000000000000e+02,9.740000000000000000e+02,9.750000000000000000e+02,9.760000000000000000e+02,9.770000000000000000e+02,9.780000000000000000e+02,9.790000000000000000e+02,9.800000000000000000e+02,9.810000000000000000e+02,9.820000000000000000e+02,9.830000000000000000e+02,9.840000000000000000e+02,9.850000000000000000e+02,9.860000000000000000e+02,9.870000000000000000e+02,9.880000000000000000e+02,9.890000000000000000e+02,9.900000000000000000e+02,9.910000000000000000e+02,9.920000000000000000e+02,9.930000000000000000e+02,9.940000000000000000e+02,9.950000000000000000e+02,9.960000000000000000e+02,9.970000000000000000e+02,9.980000000000000000e+02,9.990000000000000000e+02,1.000000000000000000e+03,1.001000000000000000e+03,1.002000000000000000e+03,1.003000000000000000e+03,1.004000000000000000e+03,1.005000000000000000e+03,1.006000000000000000e+03,8.850000000000000000e+02,8.860000000000000000e+02,8.870000000000000000e+02,8.880000000000000000e+02,8.890000000000000000e+02,8.900000000000000000e+02,8.910000000000000000e+02,8.920000000000000000e+02,8.930000000000000000e+02,8.940000000000000000e+02,8.950000000000000000e+02,8.960000000000000000e+02,8.970000000000000000e+02,8.980000000000000000e+02,8.990000000000000000e+02,9.000000000000000000e+02,9.010000000000000000e+02,9.020000000000000000e+02,9.030000000000000000e+02,9.040000000000000000e+02,9.050000000000000000e+02,9.060000000000000000e+02,9.070000000000000000e+02,9.080000000000000000e+02,9.090000000000000000e+02,9.100000000000000000e+02,9.110000000000000000e+02,9.120000000000000000e+02,9.130000000000000000e+02,9.140000000000000000e+02,9.150000000000000000e+02,9.160000000000000000e+02,9.170000000000000000e+02,9.180000000000000000e+02,9.190000000000000000e+02,9.200000000000000000e+02,9.210000000000000000e+02,9.220000000000000000e+02,9.230000000000000000e+02,9.240000000000000000e+02,9.250000000000000000e+02,9.260000000000000000e+02,9.270000000000000000e+02,9.280000000000000000e+02,9.290000000000000000e+02,9.300000000000000000e+02,9.310000000000000000e+02,9.320000000000000000e+02,9.330000000000000000e+02,9.340000000000000000e+02,9.350000000000000000e+02,9.360000000000000000e+02,9.370000000000000000e+02,9.380000000000000000e+02,9.390000000000000000e+02,9.400000000000000000e+02,9.410000000000000000e+02,9.420000000000000000e+02,9.430000000000000000e+02,9.440000000000000000e+02,9.450000000000000000e+02,9.460000000000000000e+02,9.470000000000000000e+02,9.480000000000000000e+02,9.490000000000000000e+02,9.500000000000000000e+02,9.510000000000000000e+02,9.520000000000000000e+02,9.530000000000000000e+02,9.540000000000000000e+02,9.550000000000000000e+02,9.560000000000000000e+02,9.570000000000000000e+02,9.580000000000000000e+02,9.590000000000000000e+02,9.600000000000000000e+02,9.610000000000000000e+02,9.620000000000000000e+02,9.630000000000000000e+02,9.640000000000000000e+02,9.650000000000000000e+02,9.660000000000000000e+02,9.670000000000000000e+02,9.680000000000000000e+02,9.690000000000000000e+02,9.700000000000000000e+02,9.710000000000000000e+02,9.720000000000000000e+02,9.730000000000000000e+02,9.740000000000000000e+02,9.750000000000000000e+02,9.760000000000000000e+02,9.770000000000000000e+02,9.780000000000000000e+02,9.790000000000000000e+02,9.800000000000000000e+02,9.810000000000000000e+02,9.820000000000000000e+02,9.830000000000000000e+02,9.840000000000000000e+02,9.850000000000000000e+02,9.860000000000000000e+02,9.870000000000000000e+02,9.880000000000000000e+02,9.890000000000000000e+02,9.900000000000000000e+02,9.910000000000000000e+02,9.920000000000000000e+02,9.930000000000000000e+02,9.940000000000000000e+02,9.950000000000000000e+02,9.960000000000000000e+02,9.970000000000000000e+02,9.980000000000000000e+02,9.990000000000000000e+02,1.000000000000000000e+03,1.001000000000000000e+03,1.002000000000000000e+03,1.003000000000000000e+03,1.004000000000000000e+03,1.005000000000000000e+03,1.006000000000000000e+03,8.850000000000000000e+02,8.860000000000000000e+02,8.870000000000000000e+02,8.880000000000000000e+02,8.890000000000000000e+02,8.900000000000000000e+02,8.910000000000000000e+02,8.920000000000000000e+02,8.930000000000000000e+02,8.940000000000000000e+02,8.950000000000000000e+02,8.960000000000000000e+02,8.970000000000000000e+02,8.980000000000000000e+02,8.990000000000000000e+02,9.000000000000000000e+02,9.010000000000000000e+02,9.020000000000000000e+02,9.030000000000000000e+02,9.040000000000000000e+02,9.050000000000000000e+02,9.060000000000000000e+02,9.070000000000000000e+02,9.080000000000000000e+02,9.090000000000000000e+02,9.100000000000000000e+02,9.110000000000000000e+02,9.120000000000000000e+02,9.130000000000000000e+02,9.140000000000000000e+02,9.150000000000000000e+02,9.160000000000000000e+02,9.170000000000000000e+02,9.180000000000000000e+02,9.190000000000000000e+02,9.200000000000000000e+02,9.210000000000000000e+02,9.220000000000000000e+02,9.230000000000000000e+02,9.240000000000000000e+02,9.250000000000000000e+02,9.260000000000000000e+02,9.270000000000000000e+02,9.280000000000000000e+02,9.290000000000000000e+02,9.300000000000000000e+02,9.310000000000000000e+02,9.320000000000000000e+02,9.330000000000000000e+02,9.340000000000000000e+02,9.350000000000000000e+02,9.360000000000000000e+02,9.370000000000000000e+02,9.380000000000000000e+02,9.390000000000000000e+02,9.400000000000000000e+02,9.410000000000000000e+02,9.420000000000000000e+02,9.430000000000000000e+02,9.440000000000000000e+02,9.450000000000000000e+02,9.460000000000000000e+02,9.470000000000000000e+02,9.480000000000000000e+02,9.490000000000000000e+02,9.500000000000000000e+02,9.510000000000000000e+02,9.520000000000000000e+02,9.530000000000000000e+02,9.540000000000000000e+02,9.550000000000000000e+02,9.560000000000000000e+02,9.570000000000000000e+02,9.580000000000000000e+02,9.590000000000000000e+02,9.600000000000000000e+02,9.610000000000000000e+02,9.620000000000000000e+02,9.630000000000000000e+02,9.640000000000000000e+02,9.650000000000000000e+02,9.660000000000000000e+02,9.670000000000000000e+02,9.680000000000000000e+02,9.690000000000000000e+02,9.700000000000000000e+02,9.710000000000000000e+02,9.720000000000000000e+02,9.730000000000000000e+02,9.740000000000000000e+02,9.750000000000000000e+02,9.760000000000000000e+02,9.770000000000000000e+02,9.780000000000000000e+02,9.790000000000000000e+02,9.800000000000000000e+02,9.810000000000000000e+02,9.820000000000000000e+02,9.830000000000000000e+02,9.840000000000000000e+02,9.850000000000000000e+02,9.860000000000000000e+02,9.870000000000000000e+02,9.880000000000000000e+02,9.890000000000000000e+02,9.900000000000000000e+02,9.910000000000000000e+02,9.920000000000000000e+02,9.930000000000000000e+02,9.940000000000000000e+02,9.950000000000000000e+02,9.960000000000000000e+02,9.970000000000000000e+02,9.980000000000000000e+02,9.990000000000000000e+02,1.000000000000000000e+03,1.001000000000000000e+03,1.002000000000000000e+03,1.003000000000000000e+03,1.004000000000000000e+03,1.005000000000000000e+03,1.006000000000000000e+03,8.840000000000000000e+02,8.850000000000000000e+02,8.860000000000000000e+02,8.870000000000000000e+02,8.880000000000000000e+02,8.890000000000000000e+02,8.900000000000000000e+02,8.910000000000000000e+02,8.920000000000000000e+02,8.930000000000000000e+02,8.940000000000000000e+02,8.950000000000000000e+02,8.960000000000000000e+02,8.970000000000000000e+02,8.980000000000000000e+02,8.990000000000000000e+02,9.000000000000000000e+02,9.010000000000000000e+02,9.020000000000000000e+02,9.030000000000000000e+02,9.040000000000000000e+02,9.050000000000000000e+02,9.060000000000000000e+02,9.070000000000000000e+02,9.080000000000000000e+02,9.090000000000000000e+02,9.100000000000000000e+02,9.110000000000000000e+02,9.120000000000000000e+02,9.130000000000000000e+02,9.140000000000000000e+02,9.150000000000000000e+02,9.160000000000000000e+02,9.170000000000000000e+02,9.180000000000000000e+02,9.190000000000000000e+02,9.200000000000000000e+02,9.210000000000000000e+02,9.220000000000000000e+02,9.230000000000000000e+02,9.240000000000000000e+02,9.250000000000000000e+02,9.260000000000000000e+02,9.270000000000000000e+02,9.280000000000000000e+02,9.290000000000000000e+02,9.300000000000000000e+02,9.310000000000000000e+02,9.320000000000000000e+02,9.330000000000000000e+02,9.340000000000000000e+02,9.350000000000000000e+02,9.360000000000000000e+02,9.370000000000000000e+02,9.380000000000000000e+02,9.390000000000000000e+02,9.400000000000000000e+02,9.410000000000000000e+02,9.420000000000000000e+02,9.430000000000000000e+02,9.440000000000000000e+02,9.450000000000000000e+02,9.460000000000000000e+02,9.470000000000000000e+02,9.480000000000000000e+02,9.490000000000000000e+02,9.500000000000000000e+02,9.510000000000000000e+02,9.520000000000000000e+02,9.530000000000000000e+02,9.540000000000000000e+02,9.550000000000000000e+02,9.560000000000000000e+02,9.570000000000000000e+02,9.580000000000000000e+02,9.590000000000000000e+02,9.600000000000000000e+02,9.610000000000000000e+02,9.620000000000000000e+02,9.630000000000000000e+02,9.640000000000000000e+02,9.650000000000000000e+02,9.660000000000000000e+02,9.670000000000000000e+02,9.680000000000000000e+02,9.690000000000000000e+02,9.700000000000000000e+02,9.710000000000000000e+02,9.720000000000000000e+02,9.730000000000000000e+02,9.740000000000000000e+02,9.750000000000000000e+02,9.760000000000000000e+02,9.770000000000000000e+02,9.780000000000000000e+02,9.790000000000000000e+02,9.800000000000000000e+02,9.810000000000000000e+02,9.820000000000000000e+02,9.830000000000000000e+02,9.840000000000000000e+02,9.850000000000000000e+02,9.860000000000000000e+02,9.870000000000000000e+02,9.880000000000000000e+02,9.890000000000000000e+02,9.900000000000000000e+02,9.910000000000000000e+02,9.920000000000000000e+02,9.930000000000000000e+02,9.940000000000000000e+02,9.950000000000000000e+02,9.960000000000000000e+02,9.970000000000000000e+02,9.980000000000000000e+02,9.990000000000000000e+02,1.000000000000000000e+03,1.001000000000000000e+03,1.002000000000000000e+03,1.003000000000000000e+03,1.004000000000000000e+03,1.005000000000000000e+03,1.006000000000000000e+03,8.830000000000000000e+02,8.840000000000000000e+02,8.850000000000000000e+02,8.860000000000000000e+02,8.870000000000000000e+02,8.880000000000000000e+02,8.890000000000000000e+02,8.900000000000000000e+02,8.910000000000000000e+02,8.920000000000000000e+02,8.930000000000000000e+02,8.940000000000000000e+02,8.950000000000000000e+02,8.960000000000000000e+02,8.970000000000000000e+02,8.980000000000000000e+02,8.990000000000000000e+02,9.000000000000000000e+02,9.010000000000000000e+02,9.020000000000000000e+02,9.030000000000000000e+02,9.040000000000000000e+02,9.050000000000000000e+02,9.060000000000000000e+02,9.070000000000000000e+02,9.080000000000000000e+02,9.090000000000000000e+02,9.100000000000000000e+02,9.110000000000000000e+02,9.120000000000000000e+02,9.130000000000000000e+02,9.140000000000000000e+02,9.150000000000000000e+02,9.160000000000000000e+02,9.170000000000000000e+02,9.180000000000000000e+02,9.190000000000000000e+02,9.200000000000000000e+02,9.210000000000000000e+02,9.220000000000000000e+02,9.230000000000000000e+02,9.240000000000000000e+02,9.250000000000000000e+02,9.260000000000000000e+02,9.270000000000000000e+02,9.280000000000000000e+02,9.290000000000000000e+02,9.300000000000000000e+02,9.310000000000000000e+02,9.320000000000000000e+02,9.330000000000000000e+02,9.340000000000000000e+02,9.350000000000000000e+02,9.360000000000000000e+02,9.370000000000000000e+02,9.380000000000000000e+02,9.390000000000000000e+02,9.400000000000000000e+02,9.410000000000000000e+02,9.420000000000000000e+02,9.430000000000000000e+02,9.440000000000000000e+02,9.450000000000000000e+02,9.460000000000000000e+02,9.470000000000000000e+02,9.480000000000000000e+02,9.490000000000000000e+02,9.500000000000000000e+02,9.510000000000000000e+02,9.520000000000000000e+02,9.530000000000000000e+02,9.540000000000000000e+02,9.550000000000000000e+02,9.560000000000000000e+02,9.570000000000000000e+02,9.580000000000000000e+02,9.590000000000000000e+02,9.600000000000000000e+02,9.610000000000000000e+02,9.620000000000000000e+02,9.630000000000000000e+02,9.640000000000000000e+02,9.650000000000000000e+02,9.660000000000000000e+02,9.670000000000000000e+02,9.680000000000000000e+02,9.690000000000000000e+02,9.700000000000000000e+02,9.710000000000000000e+02,9.720000000000000000e+02,9.730000000000000000e+02,9.740000000000000000e+02,9.750000000000000000e+02,9.760000000000000000e+02,9.770000000000000000e+02,9.780000000000000000e+02,9.790000000000000000e+02,9.800000000000000000e+02,9.810000000000000000e+02,9.820000000000000000e+02,9.830000000000000000e+02,9.840000000000000000e+02,9.850000000000000000e+02,9.860000000000000000e+02,9.870000000000000000e+02,9.880000000000000000e+02,9.890000000000000000e+02,9.900000000000000000e+02,9.910000000000000000e+02,9.920000000000000000e+02,9.930000000000000000e+02,9.940000000000000000e+02,9.950000000000000000e+02,9.960000000000000000e+02,9.970000000000000000e+02,9.980000000000000000e+02,9.990000000000000000e+02,1.000000000000000000e+03,1.001000000000000000e+03,1.002000000000000000e+03,1.003000000000000000e+03,1.004000000000000000e+03,1.005000000000000000e+03,1.006000000000000000e+03,8.820000000000000000e+02,8.830000000000000000e+02,8.840000000000000000e+02,8.850000000000000000e+02,8.860000000000000000e+02,8.870000000000000000e+02,8.880000000000000000e+02,8.890000000000000000e+02,8.900000000000000000e+02,8.910000000000000000e+02,8.920000000000000000e+02,8.930000000000000000e+02,8.940000000000000000e+02,8.950000000000000000e+02,8.960000000000000000e+02,8.970000000000000000e+02,8.980000000000000000e+02,8.990000000000000000e+02,9.000000000000000000e+02,9.010000000000000000e+02,9.020000000000000000e+02,9.030000000000000000e+02,9.040000000000000000e+02,9.050000000000000000e+02,9.060000000000000000e+02,9.070000000000000000e+02,9.080000000000000000e+02,9.090000000000000000e+02,9.100000000000000000e+02,9.110000000000000000e+02,9.120000000000000000e+02,9.130000000000000000e+02,9.140000000000000000e+02,9.150000000000000000e+02,9.160000000000000000e+02,9.170000000000000000e+02,9.180000000000000000e+02,9.190000000000000000e+02,9.200000000000000000e+02,9.210000000000000000e+02,9.220000000000000000e+02,9.230000000000000000e+02,9.240000000000000000e+02,9.250000000000000000e+02,9.260000000000000000e+02,9.270000000000000000e+02,9.280000000000000000e+02,9.290000000000000000e+02,9.300000000000000000e+02,9.310000000000000000e+02,9.320000000000000000e+02,9.330000000000000000e+02,9.340000000000000000e+02,9.350000000000000000e+02,9.360000000000000000e+02,9.370000000000000000e+02,9.380000000000000000e+02,9.390000000000000000e+02,9.400000000000000000e+02,9.410000000000000000e+02,9.420000000000000000e+02,9.430000000000000000e+02,9.440000000000000000e+02,9.450000000000000000e+02,9.460000000000000000e+02,9.470000000000000000e+02,9.480000000000000000e+02,9.490000000000000000e+02,9.500000000000000000e+02,9.510000000000000000e+02,9.520000000000000000e+02,9.530000000000000000e+02,9.540000000000000000e+02,9.550000000000000000e+02,9.560000000000000000e+02,9.570000000000000000e+02,9.580000000000000000e+02,9.590000000000000000e+02,9.600000000000000000e+02,9.610000000000000000e+02,9.620000000000000000e+02,9.630000000000000000e+02,9.640000000000000000e+02,9.650000000000000000e+02,9.660000000000000000e+02,9.670000000000000000e+02,9.680000000000000000e+02,9.690000000000000000e+02,9.700000000000000000e+02,9.710000000000000000e+02,9.720000000000000000e+02,9.730000000000000000e+02,9.740000000000000000e+02,9.750000000000000000e+02,9.760000000000000000e+02,9.770000000000000000e+02,9.780000000000000000e+02,9.790000000000000000e+02,9.800000000000000000e+02,9.810000000000000000e+02,9.820000000000000000e+02,9.830000000000000000e+02,9.840000000000000000e+02,9.850000000000000000e+02,9.860000000000000000e+02,9.870000000000000000e+02,9.880000000000000000e+02,9.890000000000000000e+02,9.900000000000000000e+02,9.910000000000000000e+02,9.920000000000000000e+02,9.930000000000000000e+02,9.940000000000000000e+02,9.950000000000000000e+02,9.960000000000000000e+02,9.970000000000000000e+02,9.980000000000000000e+02,9.990000000000000000e+02,1.000000000000000000e+03,1.001000000000000000e+03,1.002000000000000000e+03,1.003000000000000000e+03,1.004000000000000000e+03,1.005000000000000000e+03,1.006000000000000000e+03,8.800000000000000000e+02,8.810000000000000000e+02,8.820000000000000000e+02,8.830000000000000000e+02,8.840000000000000000e+02,8.850000000000000000e+02,8.860000000000000000e+02,8.870000000000000000e+02,8.880000000000000000e+02,8.890000000000000000e+02,8.900000000000000000e+02,8.910000000000000000e+02,8.920000000000000000e+02,8.930000000000000000e+02,8.940000000000000000e+02,8.950000000000000000e+02,8.960000000000000000e+02,8.970000000000000000e+02,8.980000000000000000e+02,8.990000000000000000e+02,9.000000000000000000e+02,9.010000000000000000e+02,9.020000000000000000e+02,9.030000000000000000e+02,9.040000000000000000e+02,9.050000000000000000e+02,9.060000000000000000e+02,9.070000000000000000e+02,9.080000000000000000e+02,9.090000000000000000e+02,9.100000000000000000e+02,9.110000000000000000e+02,9.120000000000000000e+02,9.130000000000000000e+02,9.140000000000000000e+02,9.150000000000000000e+02,9.160000000000000000e+02,9.170000000000000000e+02,9.180000000000000000e+02,9.190000000000000000e+02,9.200000000000000000e+02,9.210000000000000000e+02,9.220000000000000000e+02,9.230000000000000000e+02,9.240000000000000000e+02,9.250000000000000000e+02,9.260000000000000000e+02,9.270000000000000000e+02,9.280000000000000000e+02,9.290000000000000000e+02,9.300000000000000000e+02,9.310000000000000000e+02,9.320000000000000000e+02,9.330000000000000000e+02,9.340000000000000000e+02,9.350000000000000000e+02,9.360000000000000000e+02,9.370000000000000000e+02,9.380000000000000000e+02,9.390000000000000000e+02,9.400000000000000000e+02,9.410000000000000000e+02,9.420000000000000000e+02,9.430000000000000000e+02,9.440000000000000000e+02,9.450000000000000000e+02,9.460000000000000000e+02,9.470000000000000000e+02,9.480000000000000000e+02,9.490000000000000000e+02,9.500000000000000000e+02,9.510000000000000000e+02,9.520000000000000000e+02,9.530000000000000000e+02,9.540000000000000000e+02,9.550000000000000000e+02,9.560000000000000000e+02,9.570000000000000000e+02,9.580000000000000000e+02,9.590000000000000000e+02,9.600000000000000000e+02,9.610000000000000000e+02,9.620000000000000000e+02,9.630000000000000000e+02,9.640000000000000000e+02,9.650000000000000000e+02,9.660000000000000000e+02,9.670000000000000000e+02,9.680000000000000000e+02,9.690000000000000000e+02,9.700000000000000000e+02,9.710000000000000000e+02,9.720000000000000000e+02,9.730000000000000000e+02,9.740000000000000000e+02,9.750000000000000000e+02,9.760000000000000000e+02,9.770000000000000000e+02,9.780000000000000000e+02,9.790000000000000000e+02,9.800000000000000000e+02,9.810000000000000000e+02,9.820000000000000000e+02,9.830000000000000000e+02,9.840000000000000000e+02,9.850000000000000000e+02,9.860000000000000000e+02,9.870000000000000000e+02,9.880000000000000000e+02,9.890000000000000000e+02,9.900000000000000000e+02,9.910000000000000000e+02,9.920000000000000000e+02,9.930000000000000000e+02,9.940000000000000000e+02,9.950000000000000000e+02,9.960000000000000000e+02,9.970000000000000000e+02,9.980000000000000000e+02,9.990000000000000000e+02,1.000000000000000000e+03,1.001000000000000000e+03,1.002000000000000000e+03,1.003000000000000000e+03,1.004000000000000000e+03,1.005000000000000000e+03,1.006000000000000000e+03,8.790000000000000000e+02,8.800000000000000000e+02,8.810000000000000000e+02,8.820000000000000000e+02,8.830000000000000000e+02,8.840000000000000000e+02,8.850000000000000000e+02,8.860000000000000000e+02,8.870000000000000000e+02,8.880000000000000000e+02,8.890000000000000000e+02,8.900000000000000000e+02,8.910000000000000000e+02,8.920000000000000000e+02,8.930000000000000000e+02,8.940000000000000000e+02,8.950000000000000000e+02,8.960000000000000000e+02,8.970000000000000000e+02,8.980000000000000000e+02,8.990000000000000000e+02,9.000000000000000000e+02,9.010000000000000000e+02,9.020000000000000000e+02,9.030000000000000000e+02,9.040000000000000000e+02,9.050000000000000000e+02,9.060000000000000000e+02,9.070000000000000000e+02,9.080000000000000000e+02,9.090000000000000000e+02,9.100000000000000000e+02,9.110000000000000000e+02,9.120000000000000000e+02,9.130000000000000000e+02,9.140000000000000000e+02,9.150000000000000000e+02,9.160000000000000000e+02,9.170000000000000000e+02,9.180000000000000000e+02,9.190000000000000000e+02,9.200000000000000000e+02,9.210000000000000000e+02,9.220000000000000000e+02,9.230000000000000000e+02,9.240000000000000000e+02,9.250000000000000000e+02,9.260000000000000000e+02,9.270000000000000000e+02,9.280000000000000000e+02,9.290000000000000000e+02,9.300000000000000000e+02,9.310000000000000000e+02,9.320000000000000000e+02,9.330000000000000000e+02,9.340000000000000000e+02,9.350000000000000000e+02,9.360000000000000000e+02,9.370000000000000000e+02,9.380000000000000000e+02,9.390000000000000000e+02,9.400000000000000000e+02,9.410000000000000000e+02,9.420000000000000000e+02,9.430000000000000000e+02,9.440000000000000000e+02,9.450000000000000000e+02,9.460000000000000000e+02,9.470000000000000000e+02,9.480000000000000000e+02,9.490000000000000000e+02,9.500000000000000000e+02,9.510000000000000000e+02,9.520000000000000000e+02,9.530000000000000000e+02,9.540000000000000000e+02,9.550000000000000000e+02,9.560000000000000000e+02,9.570000000000000000e+02,9.580000000000000000e+02,9.590000000000000000e+02,9.600000000000000000e+02,9.610000000000000000e+02,9.620000000000000000e+02,9.630000000000000000e+02,9.640000000000000000e+02,9.650000000000000000e+02,9.660000000000000000e+02,9.670000000000000000e+02,9.680000000000000000e+02,9.690000000000000000e+02,9.700000000000000000e+02,9.710000000000000000e+02,9.720000000000000000e+02,9.730000000000000000e+02,9.740000000000000000e+02,9.750000000000000000e+02,9.760000000000000000e+02,9.770000000000000000e+02,9.780000000000000000e+02,9.790000000000000000e+02,9.800000000000000000e+02,9.810000000000000000e+02,9.820000000000000000e+02,9.830000000000000000e+02,9.840000000000000000e+02,9.850000000000000000e+02,9.860000000000000000e+02,9.870000000000000000e+02,9.880000000000000000e+02,9.890000000000000000e+02,9.900000000000000000e+02,9.910000000000000000e+02,9.920000000000000000e+02,9.930000000000000000e+02,9.940000000000000000e+02,9.950000000000000000e+02,9.960000000000000000e+02,9.970000000000000000e+02,9.980000000000000000e+02,9.990000000000000000e+02,1.000000000000000000e+03,1.001000000000000000e+03,1.002000000000000000e+03,1.003000000000000000e+03,1.004000000000000000e+03,1.005000000000000000e+03,1.006000000000000000e+03,8.770000000000000000e+02,8.780000000000000000e+02,8.790000000000000000e+02,8.800000000000000000e+02,8.810000000000000000e+02,8.820000000000000000e+02,8.830000000000000000e+02,8.840000000000000000e+02,8.850000000000000000e+02,8.860000000000000000e+02,8.870000000000000000e+02,8.880000000000000000e+02,8.890000000000000000e+02,8.900000000000000000e+02,8.910000000000000000e+02,8.920000000000000000e+02,8.930000000000000000e+02,8.940000000000000000e+02,8.950000000000000000e+02,8.960000000000000000e+02,8.970000000000000000e+02,8.980000000000000000e+02,8.990000000000000000e+02,9.000000000000000000e+02,9.010000000000000000e+02,9.020000000000000000e+02,9.030000000000000000e+02,9.040000000000000000e+02,9.050000000000000000e+02,9.060000000000000000e+02,9.070000000000000000e+02,9.080000000000000000e+02,9.090000000000000000e+02,9.100000000000000000e+02,9.110000000000000000e+02,9.120000000000000000e+02,9.130000000000000000e+02,9.140000000000000000e+02,9.150000000000000000e+02,9.160000000000000000e+02,9.170000000000000000e+02,9.180000000000000000e+02,9.190000000000000000e+02,9.200000000000000000e+02,9.210000000000000000e+02,9.220000000000000000e+02,9.230000000000000000e+02,9.240000000000000000e+02,9.250000000000000000e+02,9.260000000000000000e+02,9.270000000000000000e+02,9.280000000000000000e+02,9.290000000000000000e+02,9.300000000000000000e+02,9.310000000000000000e+02,9.320000000000000000e+02,9.330000000000000000e+02,9.340000000000000000e+02,9.350000000000000000e+02,9.360000000000000000e+02,9.370000000000000000e+02,9.380000000000000000e+02,9.390000000000000000e+02,9.400000000000000000e+02,9.410000000000000000e+02,9.420000000000000000e+02,9.430000000000000000e+02,9.440000000000000000e+02,9.450000000000000000e+02,9.460000000000000000e+02,9.470000000000000000e+02,9.480000000000000000e+02,9.490000000000000000e+02,9.500000000000000000e+02,9.510000000000000000e+02,9.520000000000000000e+02,9.530000000000000000e+02,9.540000000000000000e+02,9.550000000000000000e+02,9.560000000000000000e+02,9.570000000000000000e+02,9.580000000000000000e+02,9.590000000000000000e+02,9.600000000000000000e+02,9.610000000000000000e+02,9.620000000000000000e+02,9.630000000000000000e+02,9.640000000000000000e+02,9.650000000000000000e+02,9.660000000000000000e+02,9.670000000000000000e+02,9.680000000000000000e+02,9.690000000000000000e+02,9.700000000000000000e+02,9.710000000000000000e+02,9.720000000000000000e+02,9.730000000000000000e+02,9.740000000000000000e+02,9.750000000000000000e+02,9.760000000000000000e+02,9.770000000000000000e+02,9.780000000000000000e+02,9.790000000000000000e+02,9.800000000000000000e+02,9.810000000000000000e+02,9.820000000000000000e+02,9.830000000000000000e+02,9.840000000000000000e+02,9.850000000000000000e+02,9.860000000000000000e+02,9.870000000000000000e+02,9.880000000000000000e+02,9.890000000000000000e+02,9.900000000000000000e+02,9.910000000000000000e+02,9.920000000000000000e+02,9.930000000000000000e+02,9.940000000000000000e+02,9.950000000000000000e+02,9.960000000000000000e+02,9.970000000000000000e+02,9.980000000000000000e+02,9.990000000000000000e+02,1.000000000000000000e+03,1.001000000000000000e+03,1.002000000000000000e+03,1.003000000000000000e+03,1.004000000000000000e+03,1.005000000000000000e+03,1.006000000000000000e+03,8.760000000000000000e+02,8.770000000000000000e+02,8.780000000000000000e+02,8.790000000000000000e+02,8.800000000000000000e+02,8.810000000000000000e+02,8.820000000000000000e+02,8.830000000000000000e+02,8.840000000000000000e+02,8.850000000000000000e+02,8.860000000000000000e+02,8.870000000000000000e+02,8.880000000000000000e+02,8.890000000000000000e+02,8.900000000000000000e+02,8.910000000000000000e+02,8.920000000000000000e+02,8.930000000000000000e+02,8.940000000000000000e+02,8.950000000000000000e+02,8.960000000000000000e+02,8.970000000000000000e+02,8.980000000000000000e+02,8.990000000000000000e+02,9.000000000000000000e+02,9.010000000000000000e+02,9.020000000000000000e+02,9.030000000000000000e+02,9.040000000000000000e+02,9.050000000000000000e+02,9.060000000000000000e+02,9.070000000000000000e+02,9.080000000000000000e+02,9.090000000000000000e+02,9.100000000000000000e+02,9.110000000000000000e+02,9.120000000000000000e+02,9.130000000000000000e+02,9.140000000000000000e+02,9.150000000000000000e+02,9.160000000000000000e+02,9.170000000000000000e+02,9.180000000000000000e+02,9.190000000000000000e+02,9.200000000000000000e+02,9.210000000000000000e+02,9.220000000000000000e+02,9.230000000000000000e+02,9.240000000000000000e+02,9.250000000000000000e+02,9.260000000000000000e+02,9.270000000000000000e+02,9.280000000000000000e+02,9.290000000000000000e+02,9.300000000000000000e+02,9.310000000000000000e+02,9.320000000000000000e+02,9.330000000000000000e+02,9.340000000000000000e+02,9.350000000000000000e+02,9.360000000000000000e+02,9.370000000000000000e+02,9.380000000000000000e+02,9.390000000000000000e+02,9.400000000000000000e+02,9.410000000000000000e+02,9.420000000000000000e+02,9.430000000000000000e+02,9.440000000000000000e+02,9.450000000000000000e+02,9.460000000000000000e+02,9.470000000000000000e+02,9.480000000000000000e+02,9.490000000000000000e+02,9.500000000000000000e+02,9.510000000000000000e+02,9.520000000000000000e+02,9.530000000000000000e+02,9.540000000000000000e+02,9.550000000000000000e+02,9.560000000000000000e+02,9.570000000000000000e+02,9.580000000000000000e+02,9.590000000000000000e+02,9.600000000000000000e+02,9.610000000000000000e+02,9.620000000000000000e+02,9.630000000000000000e+02,9.640000000000000000e+02,9.650000000000000000e+02,9.660000000000000000e+02,9.670000000000000000e+02,9.680000000000000000e+02,9.690000000000000000e+02,9.700000000000000000e+02,9.710000000000000000e+02,9.720000000000000000e+02,9.730000000000000000e+02,9.740000000000000000e+02,9.750000000000000000e+02,9.760000000000000000e+02,9.770000000000000000e+02,9.780000000000000000e+02,9.790000000000000000e+02,9.800000000000000000e+02,9.810000000000000000e+02,9.820000000000000000e+02,9.830000000000000000e+02,9.840000000000000000e+02,9.850000000000000000e+02,9.860000000000000000e+02,9.870000000000000000e+02,9.880000000000000000e+02,9.890000000000000000e+02,9.900000000000000000e+02,9.910000000000000000e+02,9.920000000000000000e+02,9.930000000000000000e+02,9.940000000000000000e+02,9.950000000000000000e+02,9.960000000000000000e+02,9.970000000000000000e+02,9.980000000000000000e+02,9.990000000000000000e+02,1.000000000000000000e+03,1.001000000000000000e+03,1.002000000000000000e+03,1.003000000000000000e+03,1.004000000000000000e+03,1.005000000000000000e+03,1.006000000000000000e+03,8.750000000000000000e+02,8.760000000000000000e+02,8.770000000000000000e+02,8.780000000000000000e+02,8.790000000000000000e+02,8.800000000000000000e+02,8.810000000000000000e+02,8.820000000000000000e+02,8.830000000000000000e+02,8.840000000000000000e+02,8.850000000000000000e+02,8.860000000000000000e+02,8.870000000000000000e+02,8.880000000000000000e+02,8.890000000000000000e+02,8.900000000000000000e+02,8.910000000000000000e+02,8.920000000000000000e+02,8.930000000000000000e+02,8.940000000000000000e+02,8.950000000000000000e+02,8.960000000000000000e+02,8.970000000000000000e+02,8.980000000000000000e+02,8.990000000000000000e+02,9.000000000000000000e+02,9.010000000000000000e+02,9.020000000000000000e+02,9.030000000000000000e+02,9.040000000000000000e+02,9.050000000000000000e+02,9.060000000000000000e+02,9.070000000000000000e+02,9.080000000000000000e+02,9.090000000000000000e+02,9.100000000000000000e+02,9.110000000000000000e+02,9.120000000000000000e+02,9.130000000000000000e+02,9.140000000000000000e+02,9.150000000000000000e+02,9.160000000000000000e+02,9.170000000000000000e+02,9.180000000000000000e+02,9.190000000000000000e+02,9.200000000000000000e+02,9.210000000000000000e+02,9.220000000000000000e+02,9.230000000000000000e+02,9.240000000000000000e+02,9.250000000000000000e+02,9.260000000000000000e+02,9.270000000000000000e+02,9.280000000000000000e+02,9.290000000000000000e+02,9.300000000000000000e+02,9.310000000000000000e+02,9.320000000000000000e+02,9.330000000000000000e+02,9.340000000000000000e+02,9.350000000000000000e+02,9.360000000000000000e+02,9.370000000000000000e+02,9.380000000000000000e+02,9.390000000000000000e+02,9.400000000000000000e+02,9.410000000000000000e+02,9.420000000000000000e+02,9.430000000000000000e+02,9.440000000000000000e+02,9.450000000000000000e+02,9.460000000000000000e+02,9.470000000000000000e+02,9.480000000000000000e+02,9.490000000000000000e+02,9.500000000000000000e+02,9.510000000000000000e+02,9.520000000000000000e+02,9.530000000000000000e+02,9.540000000000000000e+02,9.550000000000000000e+02,9.560000000000000000e+02,9.570000000000000000e+02,9.580000000000000000e+02,9.590000000000000000e+02,9.600000000000000000e+02,9.610000000000000000e+02,9.620000000000000000e+02,9.630000000000000000e+02,9.640000000000000000e+02,9.650000000000000000e+02,9.660000000000000000e+02,9.670000000000000000e+02,9.680000000000000000e+02,9.690000000000000000e+02,9.700000000000000000e+02,9.710000000000000000e+02,9.720000000000000000e+02,9.730000000000000000e+02,9.740000000000000000e+02,9.750000000000000000e+02,9.760000000000000000e+02,9.770000000000000000e+02,9.780000000000000000e+02,9.790000000000000000e+02,9.800000000000000000e+02,9.810000000000000000e+02,9.820000000000000000e+02,9.830000000000000000e+02,9.840000000000000000e+02,9.850000000000000000e+02,9.860000000000000000e+02,9.870000000000000000e+02,9.880000000000000000e+02,9.890000000000000000e+02,9.900000000000000000e+02,9.910000000000000000e+02,9.920000000000000000e+02,9.930000000000000000e+02,9.940000000000000000e+02,9.950000000000000000e+02,9.960000000000000000e+02,9.970000000000000000e+02,9.980000000000000000e+02,9.990000000000000000e+02,1.000000000000000000e+03,1.001000000000000000e+03,1.002000000000000000e+03,1.003000000000000000e+03,1.004000000000000000e+03,1.005000000000000000e+03,1.006000000000000000e+03,8.750000000000000000e+02,8.760000000000000000e+02,8.770000000000000000e+02,8.780000000000000000e+02,8.790000000000000000e+02,8.800000000000000000e+02,8.810000000000000000e+02,8.820000000000000000e+02,8.830000000000000000e+02,8.840000000000000000e+02,8.850000000000000000e+02,8.860000000000000000e+02,8.870000000000000000e+02,8.880000000000000000e+02,8.890000000000000000e+02,8.900000000000000000e+02,8.910000000000000000e+02,8.920000000000000000e+02,8.930000000000000000e+02,8.940000000000000000e+02,8.950000000000000000e+02,8.960000000000000000e+02,8.970000000000000000e+02,8.980000000000000000e+02,8.990000000000000000e+02,9.000000000000000000e+02,9.010000000000000000e+02,9.020000000000000000e+02,9.030000000000000000e+02,9.040000000000000000e+02,9.050000000000000000e+02,9.060000000000000000e+02,9.070000000000000000e+02,9.080000000000000000e+02,9.090000000000000000e+02,9.100000000000000000e+02,9.110000000000000000e+02,9.120000000000000000e+02,9.130000000000000000e+02,9.140000000000000000e+02,9.150000000000000000e+02,9.160000000000000000e+02,9.170000000000000000e+02,9.180000000000000000e+02,9.190000000000000000e+02,9.200000000000000000e+02,9.210000000000000000e+02,9.220000000000000000e+02,9.230000000000000000e+02,9.240000000000000000e+02,9.250000000000000000e+02,9.260000000000000000e+02,9.270000000000000000e+02,9.280000000000000000e+02,9.290000000000000000e+02,9.300000000000000000e+02,9.310000000000000000e+02,9.320000000000000000e+02,9.330000000000000000e+02,9.340000000000000000e+02,9.350000000000000000e+02,9.360000000000000000e+02,9.370000000000000000e+02,9.380000000000000000e+02,9.390000000000000000e+02,9.400000000000000000e+02,9.410000000000000000e+02,9.420000000000000000e+02,9.430000000000000000e+02,9.440000000000000000e+02,9.450000000000000000e+02,9.460000000000000000e+02,9.470000000000000000e+02,9.480000000000000000e+02,9.490000000000000000e+02,9.500000000000000000e+02,9.510000000000000000e+02,9.520000000000000000e+02,9.530000000000000000e+02,9.540000000000000000e+02,9.550000000000000000e+02,9.560000000000000000e+02,9.570000000000000000e+02,9.580000000000000000e+02,9.590000000000000000e+02,9.600000000000000000e+02,9.610000000000000000e+02,9.620000000000000000e+02,9.630000000000000000e+02,9.640000000000000000e+02,9.650000000000000000e+02,9.660000000000000000e+02,9.670000000000000000e+02,9.680000000000000000e+02,9.690000000000000000e+02,9.700000000000000000e+02,9.710000000000000000e+02,9.720000000000000000e+02,9.730000000000000000e+02,9.740000000000000000e+02,9.750000000000000000e+02,9.760000000000000000e+02,9.770000000000000000e+02,9.780000000000000000e+02,9.790000000000000000e+02,9.800000000000000000e+02,9.810000000000000000e+02,9.820000000000000000e+02,9.830000000000000000e+02,9.840000000000000000e+02,9.850000000000000000e+02,9.860000000000000000e+02,9.870000000000000000e+02,9.880000000000000000e+02,9.890000000000000000e+02,9.900000000000000000e+02,9.910000000000000000e+02,9.920000000000000000e+02,9.930000000000000000e+02,9.940000000000000000e+02,9.950000000000000000e+02,9.960000000000000000e+02,9.970000000000000000e+02,9.980000000000000000e+02,9.990000000000000000e+02,1.000000000000000000e+03,1.001000000000000000e+03,1.002000000000000000e+03,1.003000000000000000e+03,1.004000000000000000e+03,1.005000000000000000e+03,1.006000000000000000e+03,8.740000000000000000e+02,8.750000000000000000e+02,8.760000000000000000e+02,8.770000000000000000e+02,8.780000000000000000e+02,8.790000000000000000e+02,8.800000000000000000e+02,8.810000000000000000e+02,8.820000000000000000e+02,8.830000000000000000e+02,8.840000000000000000e+02,8.850000000000000000e+02,8.860000000000000000e+02,8.870000000000000000e+02,8.880000000000000000e+02,8.890000000000000000e+02,8.900000000000000000e+02,8.910000000000000000e+02,8.920000000000000000e+02,8.930000000000000000e+02,8.940000000000000000e+02,8.950000000000000000e+02,8.960000000000000000e+02,8.970000000000000000e+02,8.980000000000000000e+02,8.990000000000000000e+02,9.000000000000000000e+02,9.010000000000000000e+02,9.020000000000000000e+02,9.030000000000000000e+02,9.040000000000000000e+02,9.050000000000000000e+02,9.060000000000000000e+02,9.070000000000000000e+02,9.080000000000000000e+02,9.090000000000000000e+02,9.100000000000000000e+02,9.110000000000000000e+02,9.120000000000000000e+02,9.130000000000000000e+02,9.140000000000000000e+02,9.150000000000000000e+02,9.160000000000000000e+02,9.170000000000000000e+02,9.180000000000000000e+02,9.190000000000000000e+02,9.200000000000000000e+02,9.210000000000000000e+02,9.220000000000000000e+02,9.230000000000000000e+02,9.240000000000000000e+02,9.250000000000000000e+02,9.260000000000000000e+02,9.270000000000000000e+02,9.280000000000000000e+02,9.290000000000000000e+02,9.300000000000000000e+02,9.310000000000000000e+02,9.320000000000000000e+02,9.330000000000000000e+02,9.340000000000000000e+02,9.350000000000000000e+02,9.360000000000000000e+02,9.370000000000000000e+02,9.380000000000000000e+02,9.390000000000000000e+02,9.400000000000000000e+02,9.410000000000000000e+02,9.420000000000000000e+02,9.430000000000000000e+02,9.440000000000000000e+02,9.450000000000000000e+02,9.460000000000000000e+02,9.470000000000000000e+02,9.480000000000000000e+02,9.490000000000000000e+02,9.500000000000000000e+02,9.510000000000000000e+02,9.520000000000000000e+02,9.530000000000000000e+02,9.540000000000000000e+02,9.550000000000000000e+02,9.560000000000000000e+02,9.570000000000000000e+02,9.580000000000000000e+02,9.590000000000000000e+02,9.600000000000000000e+02,9.610000000000000000e+02,9.620000000000000000e+02,9.630000000000000000e+02,9.640000000000000000e+02,9.650000000000000000e+02,9.660000000000000000e+02,9.670000000000000000e+02,9.680000000000000000e+02,9.690000000000000000e+02,9.700000000000000000e+02,9.710000000000000000e+02,9.720000000000000000e+02,9.730000000000000000e+02,9.740000000000000000e+02,9.750000000000000000e+02,9.760000000000000000e+02,9.770000000000000000e+02,9.780000000000000000e+02,9.790000000000000000e+02,9.800000000000000000e+02,9.810000000000000000e+02,9.820000000000000000e+02,9.830000000000000000e+02,9.840000000000000000e+02,9.850000000000000000e+02,9.860000000000000000e+02,9.870000000000000000e+02,9.880000000000000000e+02,9.890000000000000000e+02,9.900000000000000000e+02,9.910000000000000000e+02,9.920000000000000000e+02,9.930000000000000000e+02,9.940000000000000000e+02,9.950000000000000000e+02,9.960000000000000000e+02,9.970000000000000000e+02,9.980000000000000000e+02,9.990000000000000000e+02,1.000000000000000000e+03,1.001000000000000000e+03,1.002000000000000000e+03,1.003000000000000000e+03,1.004000000000000000e+03,1.005000000000000000e+03,1.006000000000000000e+03,8.740000000000000000e+02,8.750000000000000000e+02,8.760000000000000000e+02,8.770000000000000000e+02,8.780000000000000000e+02,8.790000000000000000e+02,8.800000000000000000e+02,8.810000000000000000e+02,8.820000000000000000e+02,8.830000000000000000e+02,8.840000000000000000e+02,8.850000000000000000e+02,8.860000000000000000e+02,8.870000000000000000e+02,8.880000000000000000e+02,8.890000000000000000e+02,8.900000000000000000e+02,8.910000000000000000e+02,8.920000000000000000e+02,8.930000000000000000e+02,8.940000000000000000e+02,8.950000000000000000e+02,8.960000000000000000e+02,8.970000000000000000e+02,8.980000000000000000e+02,8.990000000000000000e+02,9.000000000000000000e+02,9.010000000000000000e+02,9.020000000000000000e+02,9.030000000000000000e+02,9.040000000000000000e+02,9.050000000000000000e+02,9.060000000000000000e+02,9.070000000000000000e+02,9.080000000000000000e+02,9.090000000000000000e+02,9.100000000000000000e+02,9.110000000000000000e+02,9.120000000000000000e+02,9.130000000000000000e+02,9.140000000000000000e+02,9.150000000000000000e+02,9.160000000000000000e+02,9.170000000000000000e+02,9.180000000000000000e+02,9.190000000000000000e+02,9.200000000000000000e+02,9.210000000000000000e+02,9.220000000000000000e+02,9.230000000000000000e+02,9.240000000000000000e+02,9.250000000000000000e+02,9.260000000000000000e+02,9.270000000000000000e+02,9.280000000000000000e+02,9.290000000000000000e+02,9.300000000000000000e+02,9.310000000000000000e+02,9.320000000000000000e+02,9.330000000000000000e+02,9.340000000000000000e+02,9.350000000000000000e+02,9.360000000000000000e+02,9.370000000000000000e+02,9.380000000000000000e+02,9.390000000000000000e+02,9.400000000000000000e+02,9.410000000000000000e+02,9.420000000000000000e+02,9.430000000000000000e+02,9.440000000000000000e+02,9.450000000000000000e+02,9.460000000000000000e+02,9.470000000000000000e+02,9.480000000000000000e+02,9.490000000000000000e+02,9.500000000000000000e+02,9.510000000000000000e+02,9.520000000000000000e+02,9.530000000000000000e+02,9.540000000000000000e+02,9.550000000000000000e+02,9.560000000000000000e+02,9.570000000000000000e+02,9.580000000000000000e+02,9.590000000000000000e+02,9.600000000000000000e+02,9.610000000000000000e+02,9.620000000000000000e+02,9.630000000000000000e+02,9.640000000000000000e+02,9.650000000000000000e+02,9.660000000000000000e+02,9.670000000000000000e+02,9.680000000000000000e+02,9.690000000000000000e+02,9.700000000000000000e+02,9.710000000000000000e+02,9.720000000000000000e+02,9.730000000000000000e+02,9.740000000000000000e+02,9.750000000000000000e+02,9.760000000000000000e+02,9.770000000000000000e+02,9.780000000000000000e+02,9.790000000000000000e+02,9.800000000000000000e+02,9.810000000000000000e+02,9.820000000000000000e+02,9.830000000000000000e+02,9.840000000000000000e+02,9.850000000000000000e+02,9.860000000000000000e+02,9.870000000000000000e+02,9.880000000000000000e+02,9.890000000000000000e+02,9.900000000000000000e+02,9.910000000000000000e+02,9.920000000000000000e+02,9.930000000000000000e+02,9.940000000000000000e+02,9.950000000000000000e+02,9.960000000000000000e+02,9.970000000000000000e+02,9.980000000000000000e+02,9.990000000000000000e+02,1.000000000000000000e+03,1.001000000000000000e+03,1.002000000000000000e+03,1.003000000000000000e+03,1.004000000000000000e+03,1.005000000000000000e+03,1.006000000000000000e+03,8.730000000000000000e+02,8.740000000000000000e+02,8.750000000000000000e+02,8.760000000000000000e+02,8.770000000000000000e+02,8.780000000000000000e+02,8.790000000000000000e+02,8.800000000000000000e+02,8.810000000000000000e+02,8.820000000000000000e+02,8.830000000000000000e+02,8.840000000000000000e+02,8.850000000000000000e+02,8.860000000000000000e+02,8.870000000000000000e+02,8.880000000000000000e+02,8.890000000000000000e+02,8.900000000000000000e+02,8.910000000000000000e+02,8.920000000000000000e+02,8.930000000000000000e+02,8.940000000000000000e+02,8.950000000000000000e+02,8.960000000000000000e+02,8.970000000000000000e+02,8.980000000000000000e+02,8.990000000000000000e+02,9.000000000000000000e+02,9.010000000000000000e+02,9.020000000000000000e+02,9.030000000000000000e+02,9.040000000000000000e+02,9.050000000000000000e+02,9.060000000000000000e+02,9.070000000000000000e+02,9.080000000000000000e+02,9.090000000000000000e+02,9.100000000000000000e+02,9.110000000000000000e+02,9.120000000000000000e+02,9.130000000000000000e+02,9.140000000000000000e+02,9.150000000000000000e+02,9.160000000000000000e+02,9.170000000000000000e+02,9.180000000000000000e+02,9.190000000000000000e+02,9.200000000000000000e+02,9.210000000000000000e+02,9.220000000000000000e+02,9.230000000000000000e+02,9.240000000000000000e+02,9.250000000000000000e+02,9.260000000000000000e+02,9.270000000000000000e+02,9.280000000000000000e+02,9.290000000000000000e+02,9.300000000000000000e+02,9.310000000000000000e+02,9.320000000000000000e+02,9.330000000000000000e+02,9.340000000000000000e+02,9.350000000000000000e+02,9.360000000000000000e+02,9.370000000000000000e+02,9.380000000000000000e+02,9.390000000000000000e+02,9.400000000000000000e+02,9.410000000000000000e+02,9.420000000000000000e+02,9.430000000000000000e+02,9.440000000000000000e+02,9.450000000000000000e+02,9.460000000000000000e+02,9.470000000000000000e+02,9.480000000000000000e+02,9.490000000000000000e+02,9.500000000000000000e+02,9.510000000000000000e+02,9.520000000000000000e+02,9.530000000000000000e+02,9.540000000000000000e+02,9.550000000000000000e+02,9.560000000000000000e+02,9.570000000000000000e+02,9.580000000000000000e+02,9.590000000000000000e+02,9.600000000000000000e+02,9.610000000000000000e+02,9.620000000000000000e+02,9.630000000000000000e+02,9.640000000000000000e+02,9.650000000000000000e+02,9.660000000000000000e+02,9.670000000000000000e+02,9.680000000000000000e+02,9.690000000000000000e+02,9.700000000000000000e+02,9.710000000000000000e+02,9.720000000000000000e+02,9.730000000000000000e+02,9.740000000000000000e+02,9.750000000000000000e+02,9.760000000000000000e+02,9.770000000000000000e+02,9.780000000000000000e+02,9.790000000000000000e+02,9.800000000000000000e+02,9.810000000000000000e+02,9.820000000000000000e+02,9.830000000000000000e+02,9.840000000000000000e+02,9.850000000000000000e+02,9.860000000000000000e+02,9.870000000000000000e+02,9.880000000000000000e+02,9.890000000000000000e+02,9.900000000000000000e+02,9.910000000000000000e+02,9.920000000000000000e+02,9.930000000000000000e+02,9.940000000000000000e+02,9.950000000000000000e+02,9.960000000000000000e+02,9.970000000000000000e+02,9.980000000000000000e+02,9.990000000000000000e+02,1.000000000000000000e+03,1.001000000000000000e+03,1.002000000000000000e+03,1.003000000000000000e+03,1.004000000000000000e+03,1.005000000000000000e+03,1.006000000000000000e+03,8.730000000000000000e+02,8.740000000000000000e+02,8.750000000000000000e+02,8.760000000000000000e+02,8.770000000000000000e+02,8.780000000000000000e+02,8.790000000000000000e+02,8.800000000000000000e+02,8.810000000000000000e+02,8.820000000000000000e+02,8.830000000000000000e+02,8.840000000000000000e+02,8.850000000000000000e+02,8.860000000000000000e+02,8.870000000000000000e+02,8.880000000000000000e+02,8.890000000000000000e+02,8.900000000000000000e+02,8.910000000000000000e+02,8.920000000000000000e+02,8.930000000000000000e+02,8.940000000000000000e+02,8.950000000000000000e+02,8.960000000000000000e+02,8.970000000000000000e+02,8.980000000000000000e+02,8.990000000000000000e+02,9.000000000000000000e+02,9.010000000000000000e+02,9.020000000000000000e+02,9.030000000000000000e+02,9.040000000000000000e+02,9.050000000000000000e+02,9.060000000000000000e+02,9.070000000000000000e+02,9.080000000000000000e+02,9.090000000000000000e+02,9.100000000000000000e+02,9.110000000000000000e+02,9.120000000000000000e+02,9.130000000000000000e+02,9.140000000000000000e+02,9.150000000000000000e+02,9.160000000000000000e+02,9.170000000000000000e+02,9.180000000000000000e+02,9.190000000000000000e+02,9.200000000000000000e+02,9.210000000000000000e+02,9.220000000000000000e+02,9.230000000000000000e+02,9.240000000000000000e+02,9.250000000000000000e+02,9.260000000000000000e+02,9.270000000000000000e+02,9.280000000000000000e+02,9.290000000000000000e+02,9.300000000000000000e+02,9.310000000000000000e+02,9.320000000000000000e+02,9.330000000000000000e+02,9.340000000000000000e+02,9.350000000000000000e+02,9.360000000000000000e+02,9.370000000000000000e+02,9.380000000000000000e+02,9.390000000000000000e+02,9.400000000000000000e+02,9.410000000000000000e+02,9.420000000000000000e+02,9.430000000000000000e+02,9.440000000000000000e+02,9.450000000000000000e+02,9.460000000000000000e+02,9.470000000000000000e+02,9.480000000000000000e+02,9.490000000000000000e+02,9.500000000000000000e+02,9.510000000000000000e+02,9.520000000000000000e+02,9.530000000000000000e+02,9.540000000000000000e+02,9.550000000000000000e+02,9.560000000000000000e+02,9.570000000000000000e+02,9.580000000000000000e+02,9.590000000000000000e+02,9.600000000000000000e+02,9.610000000000000000e+02,9.620000000000000000e+02,9.630000000000000000e+02,9.640000000000000000e+02,9.650000000000000000e+02,9.660000000000000000e+02,9.670000000000000000e+02,9.680000000000000000e+02,9.690000000000000000e+02,9.700000000000000000e+02,9.710000000000000000e+02,9.720000000000000000e+02,9.730000000000000000e+02,9.740000000000000000e+02,9.750000000000000000e+02,9.760000000000000000e+02,9.770000000000000000e+02,9.780000000000000000e+02,9.790000000000000000e+02,9.800000000000000000e+02,9.810000000000000000e+02,9.820000000000000000e+02,9.830000000000000000e+02,9.840000000000000000e+02,9.850000000000000000e+02,9.860000000000000000e+02,9.870000000000000000e+02,9.880000000000000000e+02,9.890000000000000000e+02,9.900000000000000000e+02,9.910000000000000000e+02,9.920000000000000000e+02,9.930000000000000000e+02,9.940000000000000000e+02,9.950000000000000000e+02,9.960000000000000000e+02,9.970000000000000000e+02,9.980000000000000000e+02,9.990000000000000000e+02,1.000000000000000000e+03,1.001000000000000000e+03,1.002000000000000000e+03,1.003000000000000000e+03,1.004000000000000000e+03,1.005000000000000000e+03,1.006000000000000000e+03,8.730000000000000000e+02,8.740000000000000000e+02,8.750000000000000000e+02,8.760000000000000000e+02,8.770000000000000000e+02,8.780000000000000000e+02,8.790000000000000000e+02,8.800000000000000000e+02,8.810000000000000000e+02,8.820000000000000000e+02,8.830000000000000000e+02,8.840000000000000000e+02,8.850000000000000000e+02,8.860000000000000000e+02,8.870000000000000000e+02,8.880000000000000000e+02,8.890000000000000000e+02,8.900000000000000000e+02,8.910000000000000000e+02,8.920000000000000000e+02,8.930000000000000000e+02,8.940000000000000000e+02,8.950000000000000000e+02,8.960000000000000000e+02,8.970000000000000000e+02,8.980000000000000000e+02,8.990000000000000000e+02,9.000000000000000000e+02,9.010000000000000000e+02,9.020000000000000000e+02,9.030000000000000000e+02,9.040000000000000000e+02,9.050000000000000000e+02,9.060000000000000000e+02,9.070000000000000000e+02,9.080000000000000000e+02,9.090000000000000000e+02,9.100000000000000000e+02,9.110000000000000000e+02,9.120000000000000000e+02,9.130000000000000000e+02,9.140000000000000000e+02,9.150000000000000000e+02,9.160000000000000000e+02,9.170000000000000000e+02,9.180000000000000000e+02,9.190000000000000000e+02,9.200000000000000000e+02,9.210000000000000000e+02,9.220000000000000000e+02,9.230000000000000000e+02,9.240000000000000000e+02,9.250000000000000000e+02,9.260000000000000000e+02,9.270000000000000000e+02,9.280000000000000000e+02,9.290000000000000000e+02,9.300000000000000000e+02,9.310000000000000000e+02,9.320000000000000000e+02,9.330000000000000000e+02,9.340000000000000000e+02,9.350000000000000000e+02,9.360000000000000000e+02,9.370000000000000000e+02,9.380000000000000000e+02,9.390000000000000000e+02,9.400000000000000000e+02,9.410000000000000000e+02,9.420000000000000000e+02,9.430000000000000000e+02,9.440000000000000000e+02,9.450000000000000000e+02,9.460000000000000000e+02,9.470000000000000000e+02,9.480000000000000000e+02,9.490000000000000000e+02,9.500000000000000000e+02,9.510000000000000000e+02,9.520000000000000000e+02,9.530000000000000000e+02,9.540000000000000000e+02,9.550000000000000000e+02,9.560000000000000000e+02,9.570000000000000000e+02,9.580000000000000000e+02,9.590000000000000000e+02,9.600000000000000000e+02,9.610000000000000000e+02,9.620000000000000000e+02,9.630000000000000000e+02,9.640000000000000000e+02,9.650000000000000000e+02,9.660000000000000000e+02,9.670000000000000000e+02,9.680000000000000000e+02,9.690000000000000000e+02,9.700000000000000000e+02,9.710000000000000000e+02,9.720000000000000000e+02,9.730000000000000000e+02,9.740000000000000000e+02,9.750000000000000000e+02,9.760000000000000000e+02,9.770000000000000000e+02,9.780000000000000000e+02,9.790000000000000000e+02,9.800000000000000000e+02,9.810000000000000000e+02,9.820000000000000000e+02,9.830000000000000000e+02,9.840000000000000000e+02,9.850000000000000000e+02,9.860000000000000000e+02,9.870000000000000000e+02,9.880000000000000000e+02,9.890000000000000000e+02,9.900000000000000000e+02,9.910000000000000000e+02,9.920000000000000000e+02,9.930000000000000000e+02,9.940000000000000000e+02,9.950000000000000000e+02,9.960000000000000000e+02,9.970000000000000000e+02,9.980000000000000000e+02,9.990000000000000000e+02,1.000000000000000000e+03,1.001000000000000000e+03,1.002000000000000000e+03,1.003000000000000000e+03,1.004000000000000000e+03,1.005000000000000000e+03,1.006000000000000000e+03,8.720000000000000000e+02,8.730000000000000000e+02,8.740000000000000000e+02,8.750000000000000000e+02,8.760000000000000000e+02,8.770000000000000000e+02,8.780000000000000000e+02,8.790000000000000000e+02,8.800000000000000000e+02,8.810000000000000000e+02,8.820000000000000000e+02,8.830000000000000000e+02,8.840000000000000000e+02,8.850000000000000000e+02,8.860000000000000000e+02,8.870000000000000000e+02,8.880000000000000000e+02,8.890000000000000000e+02,8.900000000000000000e+02,8.910000000000000000e+02,8.920000000000000000e+02,8.930000000000000000e+02,8.940000000000000000e+02,8.950000000000000000e+02,8.960000000000000000e+02,8.970000000000000000e+02,8.980000000000000000e+02,8.990000000000000000e+02,9.000000000000000000e+02,9.010000000000000000e+02,9.020000000000000000e+02,9.030000000000000000e+02,9.040000000000000000e+02,9.050000000000000000e+02,9.060000000000000000e+02,9.070000000000000000e+02,9.080000000000000000e+02,9.090000000000000000e+02,9.100000000000000000e+02,9.110000000000000000e+02,9.120000000000000000e+02,9.130000000000000000e+02,9.140000000000000000e+02,9.150000000000000000e+02,9.160000000000000000e+02,9.170000000000000000e+02,9.180000000000000000e+02,9.190000000000000000e+02,9.200000000000000000e+02,9.210000000000000000e+02,9.220000000000000000e+02,9.230000000000000000e+02,9.240000000000000000e+02,9.250000000000000000e+02,9.260000000000000000e+02,9.270000000000000000e+02,9.280000000000000000e+02,9.290000000000000000e+02,9.300000000000000000e+02,9.310000000000000000e+02,9.320000000000000000e+02,9.330000000000000000e+02,9.340000000000000000e+02,9.350000000000000000e+02,9.360000000000000000e+02,9.370000000000000000e+02,9.380000000000000000e+02,9.390000000000000000e+02,9.400000000000000000e+02,9.410000000000000000e+02,9.420000000000000000e+02,9.430000000000000000e+02,9.440000000000000000e+02,9.450000000000000000e+02,9.460000000000000000e+02,9.470000000000000000e+02,9.480000000000000000e+02,9.490000000000000000e+02,9.500000000000000000e+02,9.510000000000000000e+02,9.520000000000000000e+02,9.530000000000000000e+02,9.540000000000000000e+02,9.550000000000000000e+02,9.560000000000000000e+02,9.570000000000000000e+02,9.580000000000000000e+02,9.590000000000000000e+02,9.600000000000000000e+02,9.610000000000000000e+02,9.620000000000000000e+02,9.630000000000000000e+02,9.640000000000000000e+02,9.650000000000000000e+02,9.660000000000000000e+02,9.670000000000000000e+02,9.680000000000000000e+02,9.690000000000000000e+02,9.700000000000000000e+02,9.710000000000000000e+02,9.720000000000000000e+02,9.730000000000000000e+02,9.740000000000000000e+02,9.750000000000000000e+02,9.760000000000000000e+02,9.770000000000000000e+02,9.780000000000000000e+02,9.790000000000000000e+02,9.800000000000000000e+02,9.810000000000000000e+02,9.820000000000000000e+02,9.830000000000000000e+02,9.840000000000000000e+02,9.850000000000000000e+02,9.860000000000000000e+02,9.870000000000000000e+02,9.880000000000000000e+02,9.890000000000000000e+02,9.900000000000000000e+02,9.910000000000000000e+02,9.920000000000000000e+02,9.930000000000000000e+02,9.940000000000000000e+02,9.950000000000000000e+02,9.960000000000000000e+02,9.970000000000000000e+02,9.980000000000000000e+02,9.990000000000000000e+02,1.000000000000000000e+03,1.001000000000000000e+03,1.002000000000000000e+03,1.003000000000000000e+03,1.004000000000000000e+03,1.005000000000000000e+03,1.006000000000000000e+03,8.720000000000000000e+02,8.730000000000000000e+02,8.740000000000000000e+02,8.750000000000000000e+02,8.760000000000000000e+02,8.770000000000000000e+02,8.780000000000000000e+02,8.790000000000000000e+02,8.800000000000000000e+02,8.810000000000000000e+02,8.820000000000000000e+02,8.830000000000000000e+02,8.840000000000000000e+02,8.850000000000000000e+02,8.860000000000000000e+02,8.870000000000000000e+02,8.880000000000000000e+02,8.890000000000000000e+02,8.900000000000000000e+02,8.910000000000000000e+02,8.920000000000000000e+02,8.930000000000000000e+02,8.940000000000000000e+02,8.950000000000000000e+02,8.960000000000000000e+02,8.970000000000000000e+02,8.980000000000000000e+02,8.990000000000000000e+02,9.000000000000000000e+02,9.010000000000000000e+02,9.020000000000000000e+02,9.030000000000000000e+02,9.040000000000000000e+02,9.050000000000000000e+02,9.060000000000000000e+02,9.070000000000000000e+02,9.080000000000000000e+02,9.090000000000000000e+02,9.100000000000000000e+02,9.110000000000000000e+02,9.120000000000000000e+02,9.130000000000000000e+02,9.140000000000000000e+02,9.150000000000000000e+02,9.160000000000000000e+02,9.170000000000000000e+02,9.180000000000000000e+02,9.190000000000000000e+02,9.200000000000000000e+02,9.210000000000000000e+02,9.220000000000000000e+02,9.230000000000000000e+02,9.240000000000000000e+02,9.250000000000000000e+02,9.260000000000000000e+02,9.270000000000000000e+02,9.280000000000000000e+02,9.290000000000000000e+02,9.300000000000000000e+02,9.310000000000000000e+02,9.320000000000000000e+02,9.330000000000000000e+02,9.340000000000000000e+02,9.350000000000000000e+02,9.360000000000000000e+02,9.370000000000000000e+02,9.380000000000000000e+02,9.390000000000000000e+02,9.400000000000000000e+02,9.410000000000000000e+02,9.420000000000000000e+02,9.430000000000000000e+02,9.440000000000000000e+02,9.450000000000000000e+02,9.460000000000000000e+02,9.470000000000000000e+02,9.480000000000000000e+02,9.490000000000000000e+02,9.500000000000000000e+02,9.510000000000000000e+02,9.520000000000000000e+02,9.530000000000000000e+02,9.540000000000000000e+02,9.550000000000000000e+02,9.560000000000000000e+02,9.570000000000000000e+02,9.580000000000000000e+02,9.590000000000000000e+02,9.600000000000000000e+02,9.610000000000000000e+02,9.620000000000000000e+02,9.630000000000000000e+02,9.640000000000000000e+02,9.650000000000000000e+02,9.660000000000000000e+02,9.670000000000000000e+02,9.680000000000000000e+02,9.690000000000000000e+02,9.700000000000000000e+02,9.710000000000000000e+02,9.720000000000000000e+02,9.730000000000000000e+02,9.740000000000000000e+02,9.750000000000000000e+02,9.760000000000000000e+02,9.770000000000000000e+02,9.780000000000000000e+02,9.790000000000000000e+02,9.800000000000000000e+02,9.810000000000000000e+02,9.820000000000000000e+02,9.830000000000000000e+02,9.840000000000000000e+02,9.850000000000000000e+02,9.860000000000000000e+02,9.870000000000000000e+02,9.880000000000000000e+02,9.890000000000000000e+02,9.900000000000000000e+02,9.910000000000000000e+02,9.920000000000000000e+02,9.930000000000000000e+02,9.940000000000000000e+02,9.950000000000000000e+02,9.960000000000000000e+02,9.970000000000000000e+02,9.980000000000000000e+02,9.990000000000000000e+02,1.000000000000000000e+03,1.001000000000000000e+03,1.002000000000000000e+03,1.003000000000000000e+03,1.004000000000000000e+03,1.005000000000000000e+03,1.006000000000000000e+03,8.720000000000000000e+02,8.730000000000000000e+02,8.740000000000000000e+02,8.750000000000000000e+02,8.760000000000000000e+02,8.770000000000000000e+02,8.780000000000000000e+02,8.790000000000000000e+02,8.800000000000000000e+02,8.810000000000000000e+02,8.820000000000000000e+02,8.830000000000000000e+02,8.840000000000000000e+02,8.850000000000000000e+02,8.860000000000000000e+02,8.870000000000000000e+02,8.880000000000000000e+02,8.890000000000000000e+02,8.900000000000000000e+02,8.910000000000000000e+02,8.920000000000000000e+02,8.930000000000000000e+02,8.940000000000000000e+02,8.950000000000000000e+02,8.960000000000000000e+02,8.970000000000000000e+02,8.980000000000000000e+02,8.990000000000000000e+02,9.000000000000000000e+02,9.010000000000000000e+02,9.020000000000000000e+02,9.030000000000000000e+02,9.040000000000000000e+02,9.050000000000000000e+02,9.060000000000000000e+02,9.070000000000000000e+02,9.080000000000000000e+02,9.090000000000000000e+02,9.100000000000000000e+02,9.110000000000000000e+02,9.120000000000000000e+02,9.130000000000000000e+02,9.140000000000000000e+02,9.150000000000000000e+02,9.160000000000000000e+02,9.170000000000000000e+02,9.180000000000000000e+02,9.190000000000000000e+02,9.200000000000000000e+02,9.210000000000000000e+02,9.220000000000000000e+02,9.230000000000000000e+02,9.240000000000000000e+02,9.250000000000000000e+02,9.260000000000000000e+02,9.270000000000000000e+02,9.280000000000000000e+02,9.290000000000000000e+02,9.300000000000000000e+02,9.310000000000000000e+02,9.320000000000000000e+02,9.330000000000000000e+02,9.340000000000000000e+02,9.350000000000000000e+02,9.360000000000000000e+02,9.370000000000000000e+02,9.380000000000000000e+02,9.390000000000000000e+02,9.400000000000000000e+02,9.410000000000000000e+02,9.420000000000000000e+02,9.430000000000000000e+02,9.440000000000000000e+02,9.450000000000000000e+02,9.460000000000000000e+02,9.470000000000000000e+02,9.480000000000000000e+02,9.490000000000000000e+02,9.500000000000000000e+02,9.510000000000000000e+02,9.520000000000000000e+02,9.530000000000000000e+02,9.540000000000000000e+02,9.550000000000000000e+02,9.560000000000000000e+02,9.570000000000000000e+02,9.580000000000000000e+02,9.590000000000000000e+02,9.600000000000000000e+02,9.610000000000000000e+02,9.620000000000000000e+02,9.630000000000000000e+02,9.640000000000000000e+02,9.650000000000000000e+02,9.660000000000000000e+02,9.670000000000000000e+02,9.680000000000000000e+02,9.690000000000000000e+02,9.700000000000000000e+02,9.710000000000000000e+02,9.720000000000000000e+02,9.730000000000000000e+02,9.740000000000000000e+02,9.750000000000000000e+02,9.760000000000000000e+02,9.770000000000000000e+02,9.780000000000000000e+02,9.790000000000000000e+02,9.800000000000000000e+02,9.810000000000000000e+02,9.820000000000000000e+02,9.830000000000000000e+02,9.840000000000000000e+02,9.850000000000000000e+02,9.860000000000000000e+02,9.870000000000000000e+02,9.880000000000000000e+02,9.890000000000000000e+02,9.900000000000000000e+02,9.910000000000000000e+02,9.920000000000000000e+02,9.930000000000000000e+02,9.940000000000000000e+02,9.950000000000000000e+02,9.960000000000000000e+02,9.970000000000000000e+02,9.980000000000000000e+02,9.990000000000000000e+02,1.000000000000000000e+03,1.001000000000000000e+03,1.002000000000000000e+03,1.003000000000000000e+03,1.004000000000000000e+03,1.005000000000000000e+03,1.006000000000000000e+03,8.710000000000000000e+02,8.720000000000000000e+02,8.730000000000000000e+02,8.740000000000000000e+02,8.750000000000000000e+02,8.760000000000000000e+02,8.770000000000000000e+02,8.780000000000000000e+02,8.790000000000000000e+02,8.800000000000000000e+02,8.810000000000000000e+02,8.820000000000000000e+02,8.830000000000000000e+02,8.840000000000000000e+02,8.850000000000000000e+02,8.860000000000000000e+02,8.870000000000000000e+02,8.880000000000000000e+02,8.890000000000000000e+02,8.900000000000000000e+02,8.910000000000000000e+02,8.920000000000000000e+02,8.930000000000000000e+02,8.940000000000000000e+02,8.950000000000000000e+02,8.960000000000000000e+02,8.970000000000000000e+02,8.980000000000000000e+02,8.990000000000000000e+02,9.000000000000000000e+02,9.010000000000000000e+02,9.020000000000000000e+02,9.030000000000000000e+02,9.040000000000000000e+02,9.050000000000000000e+02,9.060000000000000000e+02,9.070000000000000000e+02,9.080000000000000000e+02,9.090000000000000000e+02,9.100000000000000000e+02,9.110000000000000000e+02,9.120000000000000000e+02,9.130000000000000000e+02,9.140000000000000000e+02,9.150000000000000000e+02,9.160000000000000000e+02,9.170000000000000000e+02,9.180000000000000000e+02,9.190000000000000000e+02,9.200000000000000000e+02,9.210000000000000000e+02,9.220000000000000000e+02,9.230000000000000000e+02,9.240000000000000000e+02,9.250000000000000000e+02,9.260000000000000000e+02,9.270000000000000000e+02,9.280000000000000000e+02,9.290000000000000000e+02,9.300000000000000000e+02,9.310000000000000000e+02,9.320000000000000000e+02,9.330000000000000000e+02,9.340000000000000000e+02,9.350000000000000000e+02,9.360000000000000000e+02,9.370000000000000000e+02,9.380000000000000000e+02,9.390000000000000000e+02,9.400000000000000000e+02,9.410000000000000000e+02,9.420000000000000000e+02,9.430000000000000000e+02,9.440000000000000000e+02,9.450000000000000000e+02,9.460000000000000000e+02,9.470000000000000000e+02,9.480000000000000000e+02,9.490000000000000000e+02,9.500000000000000000e+02,9.510000000000000000e+02,9.520000000000000000e+02,9.530000000000000000e+02,9.540000000000000000e+02,9.550000000000000000e+02,9.560000000000000000e+02,9.570000000000000000e+02,9.580000000000000000e+02,9.590000000000000000e+02,9.600000000000000000e+02,9.610000000000000000e+02,9.620000000000000000e+02,9.630000000000000000e+02,9.640000000000000000e+02,9.650000000000000000e+02,9.660000000000000000e+02,9.670000000000000000e+02,9.680000000000000000e+02,9.690000000000000000e+02,9.700000000000000000e+02,9.710000000000000000e+02,9.720000000000000000e+02,9.730000000000000000e+02,9.740000000000000000e+02,9.750000000000000000e+02,9.760000000000000000e+02,9.770000000000000000e+02,9.780000000000000000e+02,9.790000000000000000e+02,9.800000000000000000e+02,9.810000000000000000e+02,9.820000000000000000e+02,9.830000000000000000e+02,9.840000000000000000e+02,9.850000000000000000e+02,9.860000000000000000e+02,9.870000000000000000e+02,9.880000000000000000e+02,9.890000000000000000e+02,9.900000000000000000e+02,9.910000000000000000e+02,9.920000000000000000e+02,9.930000000000000000e+02,9.940000000000000000e+02,9.950000000000000000e+02,9.960000000000000000e+02,9.970000000000000000e+02,9.980000000000000000e+02,9.990000000000000000e+02,1.000000000000000000e+03,1.001000000000000000e+03,1.002000000000000000e+03,1.003000000000000000e+03,1.004000000000000000e+03,1.005000000000000000e+03,1.006000000000000000e+03,8.710000000000000000e+02,8.720000000000000000e+02,8.730000000000000000e+02,8.740000000000000000e+02,8.750000000000000000e+02,8.760000000000000000e+02,8.770000000000000000e+02,8.780000000000000000e+02,8.790000000000000000e+02,8.800000000000000000e+02,8.810000000000000000e+02,8.820000000000000000e+02,8.830000000000000000e+02,8.840000000000000000e+02,8.850000000000000000e+02,8.860000000000000000e+02,8.870000000000000000e+02,8.880000000000000000e+02,8.890000000000000000e+02,8.900000000000000000e+02,8.910000000000000000e+02,8.920000000000000000e+02,8.930000000000000000e+02,8.940000000000000000e+02,8.950000000000000000e+02,8.960000000000000000e+02,8.970000000000000000e+02,8.980000000000000000e+02,8.990000000000000000e+02,9.000000000000000000e+02,9.010000000000000000e+02,9.020000000000000000e+02,9.030000000000000000e+02,9.040000000000000000e+02,9.050000000000000000e+02,9.060000000000000000e+02,9.070000000000000000e+02,9.080000000000000000e+02,9.090000000000000000e+02,9.100000000000000000e+02,9.110000000000000000e+02,9.120000000000000000e+02,9.130000000000000000e+02,9.140000000000000000e+02,9.150000000000000000e+02,9.160000000000000000e+02,9.170000000000000000e+02,9.180000000000000000e+02,9.190000000000000000e+02,9.200000000000000000e+02,9.210000000000000000e+02,9.220000000000000000e+02,9.230000000000000000e+02,9.240000000000000000e+02,9.250000000000000000e+02,9.260000000000000000e+02,9.270000000000000000e+02,9.280000000000000000e+02,9.290000000000000000e+02,9.300000000000000000e+02,9.310000000000000000e+02,9.320000000000000000e+02,9.330000000000000000e+02,9.340000000000000000e+02,9.350000000000000000e+02,9.360000000000000000e+02,9.370000000000000000e+02,9.380000000000000000e+02,9.390000000000000000e+02,9.400000000000000000e+02,9.410000000000000000e+02,9.420000000000000000e+02,9.430000000000000000e+02,9.440000000000000000e+02,9.450000000000000000e+02,9.460000000000000000e+02,9.470000000000000000e+02,9.480000000000000000e+02,9.490000000000000000e+02,9.500000000000000000e+02,9.510000000000000000e+02,9.520000000000000000e+02,9.530000000000000000e+02,9.540000000000000000e+02,9.550000000000000000e+02,9.560000000000000000e+02,9.570000000000000000e+02,9.580000000000000000e+02,9.590000000000000000e+02,9.600000000000000000e+02,9.610000000000000000e+02,9.620000000000000000e+02,9.630000000000000000e+02,9.640000000000000000e+02,9.650000000000000000e+02,9.660000000000000000e+02,9.670000000000000000e+02,9.680000000000000000e+02,9.690000000000000000e+02,9.700000000000000000e+02,9.710000000000000000e+02,9.720000000000000000e+02,9.730000000000000000e+02,9.740000000000000000e+02,9.750000000000000000e+02,9.760000000000000000e+02,9.770000000000000000e+02,9.780000000000000000e+02,9.790000000000000000e+02,9.800000000000000000e+02,9.810000000000000000e+02,9.820000000000000000e+02,9.830000000000000000e+02,9.840000000000000000e+02,9.850000000000000000e+02,9.860000000000000000e+02,9.870000000000000000e+02,9.880000000000000000e+02,9.890000000000000000e+02,9.900000000000000000e+02,9.910000000000000000e+02,9.920000000000000000e+02,9.930000000000000000e+02,9.940000000000000000e+02,9.950000000000000000e+02,9.960000000000000000e+02,9.970000000000000000e+02,9.980000000000000000e+02,9.990000000000000000e+02,1.000000000000000000e+03,1.001000000000000000e+03,1.002000000000000000e+03,1.003000000000000000e+03,1.004000000000000000e+03,1.005000000000000000e+03,1.006000000000000000e+03,8.710000000000000000e+02,8.720000000000000000e+02,8.730000000000000000e+02,8.740000000000000000e+02,8.750000000000000000e+02,8.760000000000000000e+02,8.770000000000000000e+02,8.780000000000000000e+02,8.790000000000000000e+02,8.800000000000000000e+02,8.810000000000000000e+02,8.820000000000000000e+02,8.830000000000000000e+02,8.840000000000000000e+02,8.850000000000000000e+02,8.860000000000000000e+02,8.870000000000000000e+02,8.880000000000000000e+02,8.890000000000000000e+02,8.900000000000000000e+02,8.910000000000000000e+02,8.920000000000000000e+02,8.930000000000000000e+02,8.940000000000000000e+02,8.950000000000000000e+02,8.960000000000000000e+02,8.970000000000000000e+02,8.980000000000000000e+02,8.990000000000000000e+02,9.000000000000000000e+02,9.010000000000000000e+02,9.020000000000000000e+02,9.030000000000000000e+02,9.040000000000000000e+02,9.050000000000000000e+02,9.060000000000000000e+02,9.070000000000000000e+02,9.080000000000000000e+02,9.090000000000000000e+02,9.100000000000000000e+02,9.110000000000000000e+02,9.120000000000000000e+02,9.130000000000000000e+02,9.140000000000000000e+02,9.150000000000000000e+02,9.160000000000000000e+02,9.170000000000000000e+02,9.180000000000000000e+02,9.190000000000000000e+02,9.200000000000000000e+02,9.210000000000000000e+02,9.220000000000000000e+02,9.230000000000000000e+02,9.240000000000000000e+02,9.250000000000000000e+02,9.260000000000000000e+02,9.270000000000000000e+02,9.280000000000000000e+02,9.290000000000000000e+02,9.300000000000000000e+02,9.310000000000000000e+02,9.320000000000000000e+02,9.330000000000000000e+02,9.340000000000000000e+02,9.350000000000000000e+02,9.360000000000000000e+02,9.370000000000000000e+02,9.380000000000000000e+02,9.390000000000000000e+02,9.400000000000000000e+02,9.410000000000000000e+02,9.420000000000000000e+02,9.430000000000000000e+02,9.440000000000000000e+02,9.450000000000000000e+02,9.460000000000000000e+02,9.470000000000000000e+02,9.480000000000000000e+02,9.490000000000000000e+02,9.500000000000000000e+02,9.510000000000000000e+02,9.520000000000000000e+02,9.530000000000000000e+02,9.540000000000000000e+02,9.550000000000000000e+02,9.560000000000000000e+02,9.570000000000000000e+02,9.580000000000000000e+02,9.590000000000000000e+02,9.600000000000000000e+02,9.610000000000000000e+02,9.620000000000000000e+02,9.630000000000000000e+02,9.640000000000000000e+02,9.650000000000000000e+02,9.660000000000000000e+02,9.670000000000000000e+02,9.680000000000000000e+02,9.690000000000000000e+02,9.700000000000000000e+02,9.710000000000000000e+02,9.720000000000000000e+02,9.730000000000000000e+02,9.740000000000000000e+02,9.750000000000000000e+02,9.760000000000000000e+02,9.770000000000000000e+02,9.780000000000000000e+02,9.790000000000000000e+02,9.800000000000000000e+02,9.810000000000000000e+02,9.820000000000000000e+02,9.830000000000000000e+02,9.840000000000000000e+02,9.850000000000000000e+02,9.860000000000000000e+02,9.870000000000000000e+02,9.880000000000000000e+02,9.890000000000000000e+02,9.900000000000000000e+02,9.910000000000000000e+02,9.920000000000000000e+02,9.930000000000000000e+02,9.940000000000000000e+02,9.950000000000000000e+02,9.960000000000000000e+02,9.970000000000000000e+02,9.980000000000000000e+02,9.990000000000000000e+02,1.000000000000000000e+03,1.001000000000000000e+03,1.002000000000000000e+03,1.003000000000000000e+03,1.004000000000000000e+03,1.005000000000000000e+03,1.006000000000000000e+03,8.700000000000000000e+02,8.710000000000000000e+02,8.720000000000000000e+02,8.730000000000000000e+02,8.740000000000000000e+02,8.750000000000000000e+02,8.760000000000000000e+02,8.770000000000000000e+02,8.780000000000000000e+02,8.790000000000000000e+02,8.800000000000000000e+02,8.810000000000000000e+02,8.820000000000000000e+02,8.830000000000000000e+02,8.840000000000000000e+02,8.850000000000000000e+02,8.860000000000000000e+02,8.870000000000000000e+02,8.880000000000000000e+02,8.890000000000000000e+02,8.900000000000000000e+02,8.910000000000000000e+02,8.920000000000000000e+02,8.930000000000000000e+02,8.940000000000000000e+02,8.950000000000000000e+02,8.960000000000000000e+02,8.970000000000000000e+02,8.980000000000000000e+02,8.990000000000000000e+02,9.000000000000000000e+02,9.010000000000000000e+02,9.020000000000000000e+02,9.030000000000000000e+02,9.040000000000000000e+02,9.050000000000000000e+02,9.060000000000000000e+02,9.070000000000000000e+02,9.080000000000000000e+02,9.090000000000000000e+02,9.100000000000000000e+02,9.110000000000000000e+02,9.120000000000000000e+02,9.130000000000000000e+02,9.140000000000000000e+02,9.150000000000000000e+02,9.160000000000000000e+02,9.170000000000000000e+02,9.180000000000000000e+02,9.190000000000000000e+02,9.200000000000000000e+02,9.210000000000000000e+02,9.220000000000000000e+02,9.230000000000000000e+02,9.240000000000000000e+02,9.250000000000000000e+02,9.260000000000000000e+02,9.270000000000000000e+02,9.280000000000000000e+02,9.290000000000000000e+02,9.300000000000000000e+02,9.310000000000000000e+02,9.320000000000000000e+02,9.330000000000000000e+02,9.340000000000000000e+02,9.350000000000000000e+02,9.360000000000000000e+02,9.370000000000000000e+02,9.380000000000000000e+02,9.390000000000000000e+02,9.400000000000000000e+02,9.410000000000000000e+02,9.420000000000000000e+02,9.430000000000000000e+02,9.440000000000000000e+02,9.450000000000000000e+02,9.460000000000000000e+02,9.470000000000000000e+02,9.480000000000000000e+02,9.490000000000000000e+02,9.500000000000000000e+02,9.510000000000000000e+02,9.520000000000000000e+02,9.530000000000000000e+02,9.540000000000000000e+02,9.550000000000000000e+02,9.560000000000000000e+02,9.570000000000000000e+02,9.580000000000000000e+02,9.590000000000000000e+02,9.600000000000000000e+02,9.610000000000000000e+02,9.620000000000000000e+02,9.630000000000000000e+02,9.640000000000000000e+02,9.650000000000000000e+02,9.660000000000000000e+02,9.670000000000000000e+02,9.680000000000000000e+02,9.690000000000000000e+02,9.700000000000000000e+02,9.710000000000000000e+02,9.720000000000000000e+02,9.730000000000000000e+02,9.740000000000000000e+02,9.750000000000000000e+02,9.760000000000000000e+02,9.770000000000000000e+02,9.780000000000000000e+02,9.790000000000000000e+02,9.800000000000000000e+02,9.810000000000000000e+02,9.820000000000000000e+02,9.830000000000000000e+02,9.840000000000000000e+02,9.850000000000000000e+02,9.860000000000000000e+02,9.870000000000000000e+02,9.880000000000000000e+02,9.890000000000000000e+02,9.900000000000000000e+02,9.910000000000000000e+02,9.920000000000000000e+02,9.930000000000000000e+02,9.940000000000000000e+02,9.950000000000000000e+02,9.960000000000000000e+02,9.970000000000000000e+02,9.980000000000000000e+02,9.990000000000000000e+02,1.000000000000000000e+03,1.001000000000000000e+03,1.002000000000000000e+03,1.003000000000000000e+03,1.004000000000000000e+03,1.005000000000000000e+03,1.006000000000000000e+03,8.700000000000000000e+02,8.710000000000000000e+02,8.720000000000000000e+02,8.730000000000000000e+02,8.740000000000000000e+02,8.750000000000000000e+02,8.760000000000000000e+02,8.770000000000000000e+02,8.780000000000000000e+02,8.790000000000000000e+02,8.800000000000000000e+02,8.810000000000000000e+02,8.820000000000000000e+02,8.830000000000000000e+02,8.840000000000000000e+02,8.850000000000000000e+02,8.860000000000000000e+02,8.870000000000000000e+02,8.880000000000000000e+02,8.890000000000000000e+02,8.900000000000000000e+02,8.910000000000000000e+02,8.920000000000000000e+02,8.930000000000000000e+02,8.940000000000000000e+02,8.950000000000000000e+02,8.960000000000000000e+02,8.970000000000000000e+02,8.980000000000000000e+02,8.990000000000000000e+02,9.000000000000000000e+02,9.010000000000000000e+02,9.020000000000000000e+02,9.030000000000000000e+02,9.040000000000000000e+02,9.050000000000000000e+02,9.060000000000000000e+02,9.070000000000000000e+02,9.080000000000000000e+02,9.090000000000000000e+02,9.100000000000000000e+02,9.110000000000000000e+02,9.120000000000000000e+02,9.130000000000000000e+02,9.140000000000000000e+02,9.150000000000000000e+02,9.160000000000000000e+02,9.170000000000000000e+02,9.180000000000000000e+02,9.190000000000000000e+02,9.200000000000000000e+02,9.210000000000000000e+02,9.220000000000000000e+02,9.230000000000000000e+02,9.240000000000000000e+02,9.250000000000000000e+02,9.260000000000000000e+02,9.270000000000000000e+02,9.280000000000000000e+02,9.290000000000000000e+02,9.300000000000000000e+02,9.310000000000000000e+02,9.320000000000000000e+02,9.330000000000000000e+02,9.340000000000000000e+02,9.350000000000000000e+02,9.360000000000000000e+02,9.370000000000000000e+02,9.380000000000000000e+02,9.390000000000000000e+02,9.400000000000000000e+02,9.410000000000000000e+02,9.420000000000000000e+02,9.430000000000000000e+02,9.440000000000000000e+02,9.450000000000000000e+02,9.460000000000000000e+02,9.470000000000000000e+02,9.480000000000000000e+02,9.490000000000000000e+02,9.500000000000000000e+02,9.510000000000000000e+02,9.520000000000000000e+02,9.530000000000000000e+02,9.540000000000000000e+02,9.550000000000000000e+02,9.560000000000000000e+02,9.570000000000000000e+02,9.580000000000000000e+02,9.590000000000000000e+02,9.600000000000000000e+02,9.610000000000000000e+02,9.620000000000000000e+02,9.630000000000000000e+02,9.640000000000000000e+02,9.650000000000000000e+02,9.660000000000000000e+02,9.670000000000000000e+02,9.680000000000000000e+02,9.690000000000000000e+02,9.700000000000000000e+02,9.710000000000000000e+02,9.720000000000000000e+02,9.730000000000000000e+02,9.740000000000000000e+02,9.750000000000000000e+02,9.760000000000000000e+02,9.770000000000000000e+02,9.780000000000000000e+02,9.790000000000000000e+02,9.800000000000000000e+02,9.810000000000000000e+02,9.820000000000000000e+02,9.830000000000000000e+02,9.840000000000000000e+02,9.850000000000000000e+02,9.860000000000000000e+02,9.870000000000000000e+02,9.880000000000000000e+02,9.890000000000000000e+02,9.900000000000000000e+02,9.910000000000000000e+02,9.920000000000000000e+02,9.930000000000000000e+02,9.940000000000000000e+02,9.950000000000000000e+02,9.960000000000000000e+02,9.970000000000000000e+02,9.980000000000000000e+02,9.990000000000000000e+02,1.000000000000000000e+03,1.001000000000000000e+03,1.002000000000000000e+03,1.003000000000000000e+03,1.004000000000000000e+03,1.005000000000000000e+03,1.006000000000000000e+03,8.690000000000000000e+02,8.700000000000000000e+02,8.710000000000000000e+02,8.720000000000000000e+02,8.730000000000000000e+02,8.740000000000000000e+02,8.750000000000000000e+02,8.760000000000000000e+02,8.770000000000000000e+02,8.780000000000000000e+02,8.790000000000000000e+02,8.800000000000000000e+02,8.810000000000000000e+02,8.820000000000000000e+02,8.830000000000000000e+02,8.840000000000000000e+02,8.850000000000000000e+02,8.860000000000000000e+02,8.870000000000000000e+02,8.880000000000000000e+02,8.890000000000000000e+02,8.900000000000000000e+02,8.910000000000000000e+02,8.920000000000000000e+02,8.930000000000000000e+02,8.940000000000000000e+02,8.950000000000000000e+02,8.960000000000000000e+02,8.970000000000000000e+02,8.980000000000000000e+02,8.990000000000000000e+02,9.000000000000000000e+02,9.010000000000000000e+02,9.020000000000000000e+02,9.030000000000000000e+02,9.040000000000000000e+02,9.050000000000000000e+02,9.060000000000000000e+02,9.070000000000000000e+02,9.080000000000000000e+02,9.090000000000000000e+02,9.100000000000000000e+02,9.110000000000000000e+02,9.120000000000000000e+02,9.130000000000000000e+02,9.140000000000000000e+02,9.150000000000000000e+02,9.160000000000000000e+02,9.170000000000000000e+02,9.180000000000000000e+02,9.190000000000000000e+02,9.200000000000000000e+02,9.210000000000000000e+02,9.220000000000000000e+02,9.230000000000000000e+02,9.240000000000000000e+02,9.250000000000000000e+02,9.260000000000000000e+02,9.270000000000000000e+02,9.280000000000000000e+02,9.290000000000000000e+02,9.300000000000000000e+02,9.310000000000000000e+02,9.320000000000000000e+02,9.330000000000000000e+02,9.340000000000000000e+02,9.350000000000000000e+02,9.360000000000000000e+02,9.370000000000000000e+02,9.380000000000000000e+02,9.390000000000000000e+02,9.400000000000000000e+02,9.410000000000000000e+02,9.420000000000000000e+02,9.430000000000000000e+02,9.440000000000000000e+02,9.450000000000000000e+02,9.460000000000000000e+02,9.470000000000000000e+02,9.480000000000000000e+02,9.490000000000000000e+02,9.500000000000000000e+02,9.510000000000000000e+02,9.520000000000000000e+02,9.530000000000000000e+02,9.540000000000000000e+02,9.550000000000000000e+02,9.560000000000000000e+02,9.570000000000000000e+02,9.580000000000000000e+02,9.590000000000000000e+02,9.600000000000000000e+02,9.610000000000000000e+02,9.620000000000000000e+02,9.630000000000000000e+02,9.640000000000000000e+02,9.650000000000000000e+02,9.660000000000000000e+02,9.670000000000000000e+02,9.680000000000000000e+02,9.690000000000000000e+02,9.700000000000000000e+02,9.710000000000000000e+02,9.720000000000000000e+02,9.730000000000000000e+02,9.740000000000000000e+02,9.750000000000000000e+02,9.760000000000000000e+02,9.770000000000000000e+02,9.780000000000000000e+02,9.790000000000000000e+02,9.800000000000000000e+02,9.810000000000000000e+02,9.820000000000000000e+02,9.830000000000000000e+02,9.840000000000000000e+02,9.850000000000000000e+02,9.860000000000000000e+02,9.870000000000000000e+02,9.880000000000000000e+02,9.890000000000000000e+02,9.900000000000000000e+02,9.910000000000000000e+02,9.920000000000000000e+02,9.930000000000000000e+02,9.940000000000000000e+02,9.950000000000000000e+02,9.960000000000000000e+02,9.970000000000000000e+02,9.980000000000000000e+02,9.990000000000000000e+02,1.000000000000000000e+03,1.001000000000000000e+03,1.002000000000000000e+03,1.003000000000000000e+03,1.004000000000000000e+03,1.005000000000000000e+03,1.006000000000000000e+03,8.690000000000000000e+02,8.700000000000000000e+02,8.710000000000000000e+02,8.720000000000000000e+02,8.730000000000000000e+02,8.740000000000000000e+02,8.750000000000000000e+02,8.760000000000000000e+02,8.770000000000000000e+02,8.780000000000000000e+02,8.790000000000000000e+02,8.800000000000000000e+02,8.810000000000000000e+02,8.820000000000000000e+02,8.830000000000000000e+02,8.840000000000000000e+02,8.850000000000000000e+02,8.860000000000000000e+02,8.870000000000000000e+02,8.880000000000000000e+02,8.890000000000000000e+02,8.900000000000000000e+02,8.910000000000000000e+02,8.920000000000000000e+02,8.930000000000000000e+02,8.940000000000000000e+02,8.950000000000000000e+02,8.960000000000000000e+02,8.970000000000000000e+02,8.980000000000000000e+02,8.990000000000000000e+02,9.000000000000000000e+02,9.010000000000000000e+02,9.020000000000000000e+02,9.030000000000000000e+02,9.040000000000000000e+02,9.050000000000000000e+02,9.060000000000000000e+02,9.070000000000000000e+02,9.080000000000000000e+02,9.090000000000000000e+02,9.100000000000000000e+02,9.110000000000000000e+02,9.120000000000000000e+02,9.130000000000000000e+02,9.140000000000000000e+02,9.150000000000000000e+02,9.160000000000000000e+02,9.170000000000000000e+02,9.180000000000000000e+02,9.190000000000000000e+02,9.200000000000000000e+02,9.210000000000000000e+02,9.220000000000000000e+02,9.230000000000000000e+02,9.240000000000000000e+02,9.250000000000000000e+02,9.260000000000000000e+02,9.270000000000000000e+02,9.280000000000000000e+02,9.290000000000000000e+02,9.300000000000000000e+02,9.310000000000000000e+02,9.320000000000000000e+02,9.330000000000000000e+02,9.340000000000000000e+02,9.350000000000000000e+02,9.360000000000000000e+02,9.370000000000000000e+02,9.380000000000000000e+02,9.390000000000000000e+02,9.400000000000000000e+02,9.410000000000000000e+02,9.420000000000000000e+02,9.430000000000000000e+02,9.440000000000000000e+02,9.450000000000000000e+02,9.460000000000000000e+02,9.470000000000000000e+02,9.480000000000000000e+02,9.490000000000000000e+02,9.500000000000000000e+02,9.510000000000000000e+02,9.520000000000000000e+02,9.530000000000000000e+02,9.540000000000000000e+02,9.550000000000000000e+02,9.560000000000000000e+02,9.570000000000000000e+02,9.580000000000000000e+02,9.590000000000000000e+02,9.600000000000000000e+02,9.610000000000000000e+02,9.620000000000000000e+02,9.630000000000000000e+02,9.640000000000000000e+02,9.650000000000000000e+02,9.660000000000000000e+02,9.670000000000000000e+02,9.680000000000000000e+02,9.690000000000000000e+02,9.700000000000000000e+02,9.710000000000000000e+02,9.720000000000000000e+02,9.730000000000000000e+02,9.740000000000000000e+02,9.750000000000000000e+02,9.760000000000000000e+02,9.770000000000000000e+02,9.780000000000000000e+02,9.790000000000000000e+02,9.800000000000000000e+02,9.810000000000000000e+02,9.820000000000000000e+02,9.830000000000000000e+02,9.840000000000000000e+02,9.850000000000000000e+02,9.860000000000000000e+02,9.870000000000000000e+02,9.880000000000000000e+02,9.890000000000000000e+02,9.900000000000000000e+02,9.910000000000000000e+02,9.920000000000000000e+02,9.930000000000000000e+02,9.940000000000000000e+02,9.950000000000000000e+02,9.960000000000000000e+02,9.970000000000000000e+02,9.980000000000000000e+02,9.990000000000000000e+02,1.000000000000000000e+03,1.001000000000000000e+03,1.002000000000000000e+03,1.003000000000000000e+03,1.004000000000000000e+03,1.005000000000000000e+03,1.006000000000000000e+03,8.680000000000000000e+02,8.690000000000000000e+02,8.700000000000000000e+02,8.710000000000000000e+02,8.720000000000000000e+02,8.730000000000000000e+02,8.740000000000000000e+02,8.750000000000000000e+02,8.760000000000000000e+02,8.770000000000000000e+02,8.780000000000000000e+02,8.790000000000000000e+02,8.800000000000000000e+02,8.810000000000000000e+02,8.820000000000000000e+02,8.830000000000000000e+02,8.840000000000000000e+02,8.850000000000000000e+02,8.860000000000000000e+02,8.870000000000000000e+02,8.880000000000000000e+02,8.890000000000000000e+02,8.900000000000000000e+02,8.910000000000000000e+02,8.920000000000000000e+02,8.930000000000000000e+02,8.940000000000000000e+02,8.950000000000000000e+02,8.960000000000000000e+02,8.970000000000000000e+02,8.980000000000000000e+02,8.990000000000000000e+02,9.000000000000000000e+02,9.010000000000000000e+02,9.020000000000000000e+02,9.030000000000000000e+02,9.040000000000000000e+02,9.050000000000000000e+02,9.060000000000000000e+02,9.070000000000000000e+02,9.080000000000000000e+02,9.090000000000000000e+02,9.100000000000000000e+02,9.110000000000000000e+02,9.120000000000000000e+02,9.130000000000000000e+02,9.140000000000000000e+02,9.150000000000000000e+02,9.160000000000000000e+02,9.170000000000000000e+02,9.180000000000000000e+02,9.190000000000000000e+02,9.200000000000000000e+02,9.210000000000000000e+02,9.220000000000000000e+02,9.230000000000000000e+02,9.240000000000000000e+02,9.250000000000000000e+02,9.260000000000000000e+02,9.270000000000000000e+02,9.280000000000000000e+02,9.290000000000000000e+02,9.300000000000000000e+02,9.310000000000000000e+02,9.320000000000000000e+02,9.330000000000000000e+02,9.340000000000000000e+02,9.350000000000000000e+02,9.360000000000000000e+02,9.370000000000000000e+02,9.380000000000000000e+02,9.390000000000000000e+02,9.400000000000000000e+02,9.410000000000000000e+02,9.420000000000000000e+02,9.430000000000000000e+02,9.440000000000000000e+02,9.450000000000000000e+02,9.460000000000000000e+02,9.470000000000000000e+02,9.480000000000000000e+02,9.490000000000000000e+02,9.500000000000000000e+02,9.510000000000000000e+02,9.520000000000000000e+02,9.530000000000000000e+02,9.540000000000000000e+02,9.550000000000000000e+02,9.560000000000000000e+02,9.570000000000000000e+02,9.580000000000000000e+02,9.590000000000000000e+02,9.600000000000000000e+02,9.610000000000000000e+02,9.620000000000000000e+02,9.630000000000000000e+02,9.640000000000000000e+02,9.650000000000000000e+02,9.660000000000000000e+02,9.670000000000000000e+02,9.680000000000000000e+02,9.690000000000000000e+02,9.700000000000000000e+02,9.710000000000000000e+02,9.720000000000000000e+02,9.730000000000000000e+02,9.740000000000000000e+02,9.750000000000000000e+02,9.760000000000000000e+02,9.770000000000000000e+02,9.780000000000000000e+02,9.790000000000000000e+02,9.800000000000000000e+02,9.810000000000000000e+02,9.820000000000000000e+02,9.830000000000000000e+02,9.840000000000000000e+02,9.850000000000000000e+02,9.860000000000000000e+02,9.870000000000000000e+02,9.880000000000000000e+02,9.890000000000000000e+02,9.900000000000000000e+02,9.910000000000000000e+02,9.920000000000000000e+02,9.930000000000000000e+02,9.940000000000000000e+02,9.950000000000000000e+02,9.960000000000000000e+02,9.970000000000000000e+02,9.980000000000000000e+02,9.990000000000000000e+02,1.000000000000000000e+03,1.001000000000000000e+03,1.002000000000000000e+03,1.003000000000000000e+03,1.004000000000000000e+03,1.005000000000000000e+03,1.006000000000000000e+03,8.680000000000000000e+02,8.690000000000000000e+02,8.700000000000000000e+02,8.710000000000000000e+02,8.720000000000000000e+02,8.730000000000000000e+02,8.740000000000000000e+02,8.750000000000000000e+02,8.760000000000000000e+02,8.770000000000000000e+02,8.780000000000000000e+02,8.790000000000000000e+02,8.800000000000000000e+02,8.810000000000000000e+02,8.820000000000000000e+02,8.830000000000000000e+02,8.840000000000000000e+02,8.850000000000000000e+02,8.860000000000000000e+02,8.870000000000000000e+02,8.880000000000000000e+02,8.890000000000000000e+02,8.900000000000000000e+02,8.910000000000000000e+02,8.920000000000000000e+02,8.930000000000000000e+02,8.940000000000000000e+02,8.950000000000000000e+02,8.960000000000000000e+02,8.970000000000000000e+02,8.980000000000000000e+02,8.990000000000000000e+02,9.000000000000000000e+02,9.010000000000000000e+02,9.020000000000000000e+02,9.030000000000000000e+02,9.040000000000000000e+02,9.050000000000000000e+02,9.060000000000000000e+02,9.070000000000000000e+02,9.080000000000000000e+02,9.090000000000000000e+02,9.100000000000000000e+02,9.110000000000000000e+02,9.120000000000000000e+02,9.130000000000000000e+02,9.140000000000000000e+02,9.150000000000000000e+02,9.160000000000000000e+02,9.170000000000000000e+02,9.180000000000000000e+02,9.190000000000000000e+02,9.200000000000000000e+02,9.210000000000000000e+02,9.220000000000000000e+02,9.230000000000000000e+02,9.240000000000000000e+02,9.250000000000000000e+02,9.260000000000000000e+02,9.270000000000000000e+02,9.280000000000000000e+02,9.290000000000000000e+02,9.300000000000000000e+02,9.310000000000000000e+02,9.320000000000000000e+02,9.330000000000000000e+02,9.340000000000000000e+02,9.350000000000000000e+02,9.360000000000000000e+02,9.370000000000000000e+02,9.380000000000000000e+02,9.390000000000000000e+02,9.400000000000000000e+02,9.410000000000000000e+02,9.420000000000000000e+02,9.430000000000000000e+02,9.440000000000000000e+02,9.450000000000000000e+02,9.460000000000000000e+02,9.470000000000000000e+02,9.480000000000000000e+02,9.490000000000000000e+02,9.500000000000000000e+02,9.510000000000000000e+02,9.520000000000000000e+02,9.530000000000000000e+02,9.540000000000000000e+02,9.550000000000000000e+02,9.560000000000000000e+02,9.570000000000000000e+02,9.580000000000000000e+02,9.590000000000000000e+02,9.600000000000000000e+02,9.610000000000000000e+02,9.620000000000000000e+02,9.630000000000000000e+02,9.640000000000000000e+02,9.650000000000000000e+02,9.660000000000000000e+02,9.670000000000000000e+02,9.680000000000000000e+02,9.690000000000000000e+02,9.700000000000000000e+02,9.710000000000000000e+02,9.720000000000000000e+02,9.730000000000000000e+02,9.740000000000000000e+02,9.750000000000000000e+02,9.760000000000000000e+02,9.770000000000000000e+02,9.780000000000000000e+02,9.790000000000000000e+02,9.800000000000000000e+02,9.810000000000000000e+02,9.820000000000000000e+02,9.830000000000000000e+02,9.840000000000000000e+02,9.850000000000000000e+02,9.860000000000000000e+02,9.870000000000000000e+02,9.880000000000000000e+02,9.890000000000000000e+02,9.900000000000000000e+02,9.910000000000000000e+02,9.920000000000000000e+02,9.930000000000000000e+02,9.940000000000000000e+02,9.950000000000000000e+02,9.960000000000000000e+02,9.970000000000000000e+02,9.980000000000000000e+02,9.990000000000000000e+02,1.000000000000000000e+03,1.001000000000000000e+03,1.002000000000000000e+03,1.003000000000000000e+03,1.004000000000000000e+03,1.005000000000000000e+03,1.006000000000000000e+03,8.680000000000000000e+02,8.690000000000000000e+02,8.700000000000000000e+02,8.710000000000000000e+02,8.720000000000000000e+02,8.730000000000000000e+02,8.740000000000000000e+02,8.750000000000000000e+02,8.760000000000000000e+02,8.770000000000000000e+02,8.780000000000000000e+02,8.790000000000000000e+02,8.800000000000000000e+02,8.810000000000000000e+02,8.820000000000000000e+02,8.830000000000000000e+02,8.840000000000000000e+02,8.850000000000000000e+02,8.860000000000000000e+02,8.870000000000000000e+02,8.880000000000000000e+02,8.890000000000000000e+02,8.900000000000000000e+02,8.910000000000000000e+02,8.920000000000000000e+02,8.930000000000000000e+02,8.940000000000000000e+02,8.950000000000000000e+02,8.960000000000000000e+02,8.970000000000000000e+02,8.980000000000000000e+02,8.990000000000000000e+02,9.000000000000000000e+02,9.010000000000000000e+02,9.020000000000000000e+02,9.030000000000000000e+02,9.040000000000000000e+02,9.050000000000000000e+02,9.060000000000000000e+02,9.070000000000000000e+02,9.080000000000000000e+02,9.090000000000000000e+02,9.100000000000000000e+02,9.110000000000000000e+02,9.120000000000000000e+02,9.130000000000000000e+02,9.140000000000000000e+02,9.150000000000000000e+02,9.160000000000000000e+02,9.170000000000000000e+02,9.180000000000000000e+02,9.190000000000000000e+02,9.200000000000000000e+02,9.210000000000000000e+02,9.220000000000000000e+02,9.230000000000000000e+02,9.240000000000000000e+02,9.250000000000000000e+02,9.260000000000000000e+02,9.270000000000000000e+02,9.280000000000000000e+02,9.290000000000000000e+02,9.300000000000000000e+02,9.310000000000000000e+02,9.320000000000000000e+02,9.330000000000000000e+02,9.340000000000000000e+02,9.350000000000000000e+02,9.360000000000000000e+02,9.370000000000000000e+02,9.380000000000000000e+02,9.390000000000000000e+02,9.400000000000000000e+02,9.410000000000000000e+02,9.420000000000000000e+02,9.430000000000000000e+02,9.440000000000000000e+02,9.450000000000000000e+02,9.460000000000000000e+02,9.470000000000000000e+02,9.480000000000000000e+02,9.490000000000000000e+02,9.500000000000000000e+02,9.510000000000000000e+02,9.520000000000000000e+02,9.530000000000000000e+02,9.540000000000000000e+02,9.550000000000000000e+02,9.560000000000000000e+02,9.570000000000000000e+02,9.580000000000000000e+02,9.590000000000000000e+02,9.600000000000000000e+02,9.610000000000000000e+02,9.620000000000000000e+02,9.630000000000000000e+02,9.640000000000000000e+02,9.650000000000000000e+02,9.660000000000000000e+02,9.670000000000000000e+02,9.680000000000000000e+02,9.690000000000000000e+02,9.700000000000000000e+02,9.710000000000000000e+02,9.720000000000000000e+02,9.730000000000000000e+02,9.740000000000000000e+02,9.750000000000000000e+02,9.760000000000000000e+02,9.770000000000000000e+02,9.780000000000000000e+02,9.790000000000000000e+02,9.800000000000000000e+02,9.810000000000000000e+02,9.820000000000000000e+02,9.830000000000000000e+02,9.840000000000000000e+02,9.850000000000000000e+02,9.860000000000000000e+02,9.870000000000000000e+02,9.880000000000000000e+02,9.890000000000000000e+02,9.900000000000000000e+02,9.910000000000000000e+02,9.920000000000000000e+02,9.930000000000000000e+02,9.940000000000000000e+02,9.950000000000000000e+02,9.960000000000000000e+02,9.970000000000000000e+02,9.980000000000000000e+02,9.990000000000000000e+02,1.000000000000000000e+03,1.001000000000000000e+03,1.002000000000000000e+03,1.003000000000000000e+03,1.004000000000000000e+03,1.005000000000000000e+03,1.006000000000000000e+03,8.670000000000000000e+02,8.680000000000000000e+02,8.690000000000000000e+02,8.700000000000000000e+02,8.710000000000000000e+02,8.720000000000000000e+02,8.730000000000000000e+02,8.740000000000000000e+02,8.750000000000000000e+02,8.760000000000000000e+02,8.770000000000000000e+02,8.780000000000000000e+02,8.790000000000000000e+02,8.800000000000000000e+02,8.810000000000000000e+02,8.820000000000000000e+02,8.830000000000000000e+02,8.840000000000000000e+02,8.850000000000000000e+02,8.860000000000000000e+02,8.870000000000000000e+02,8.880000000000000000e+02,8.890000000000000000e+02,8.900000000000000000e+02,8.910000000000000000e+02,8.920000000000000000e+02,8.930000000000000000e+02,8.940000000000000000e+02,8.950000000000000000e+02,8.960000000000000000e+02,8.970000000000000000e+02,8.980000000000000000e+02,8.990000000000000000e+02,9.000000000000000000e+02,9.010000000000000000e+02,9.020000000000000000e+02,9.030000000000000000e+02,9.040000000000000000e+02,9.050000000000000000e+02,9.060000000000000000e+02,9.070000000000000000e+02,9.080000000000000000e+02,9.090000000000000000e+02,9.100000000000000000e+02,9.110000000000000000e+02,9.120000000000000000e+02,9.130000000000000000e+02,9.140000000000000000e+02,9.150000000000000000e+02,9.160000000000000000e+02,9.170000000000000000e+02,9.180000000000000000e+02,9.190000000000000000e+02,9.200000000000000000e+02,9.210000000000000000e+02,9.220000000000000000e+02,9.230000000000000000e+02,9.240000000000000000e+02,9.250000000000000000e+02,9.260000000000000000e+02,9.270000000000000000e+02,9.280000000000000000e+02,9.290000000000000000e+02,9.300000000000000000e+02,9.310000000000000000e+02,9.320000000000000000e+02,9.330000000000000000e+02,9.340000000000000000e+02,9.350000000000000000e+02,9.360000000000000000e+02,9.370000000000000000e+02,9.380000000000000000e+02,9.390000000000000000e+02,9.400000000000000000e+02,9.410000000000000000e+02,9.420000000000000000e+02,9.430000000000000000e+02,9.440000000000000000e+02,9.450000000000000000e+02,9.460000000000000000e+02,9.470000000000000000e+02,9.480000000000000000e+02,9.490000000000000000e+02,9.500000000000000000e+02,9.510000000000000000e+02,9.520000000000000000e+02,9.530000000000000000e+02,9.540000000000000000e+02,9.550000000000000000e+02,9.560000000000000000e+02,9.570000000000000000e+02,9.580000000000000000e+02,9.590000000000000000e+02,9.600000000000000000e+02,9.610000000000000000e+02,9.620000000000000000e+02,9.630000000000000000e+02,9.640000000000000000e+02,9.650000000000000000e+02,9.660000000000000000e+02,9.670000000000000000e+02,9.680000000000000000e+02,9.690000000000000000e+02,9.700000000000000000e+02,9.710000000000000000e+02,9.720000000000000000e+02,9.730000000000000000e+02,9.740000000000000000e+02,9.750000000000000000e+02,9.760000000000000000e+02,9.770000000000000000e+02,9.780000000000000000e+02,9.790000000000000000e+02,9.800000000000000000e+02,9.810000000000000000e+02,9.820000000000000000e+02,9.830000000000000000e+02,9.840000000000000000e+02,9.850000000000000000e+02,9.860000000000000000e+02,9.870000000000000000e+02,9.880000000000000000e+02,9.890000000000000000e+02,9.900000000000000000e+02,9.910000000000000000e+02,9.920000000000000000e+02,9.930000000000000000e+02,9.940000000000000000e+02,9.950000000000000000e+02,9.960000000000000000e+02,9.970000000000000000e+02,9.980000000000000000e+02,9.990000000000000000e+02,1.000000000000000000e+03,1.001000000000000000e+03,1.002000000000000000e+03,1.003000000000000000e+03,1.004000000000000000e+03,1.005000000000000000e+03,1.006000000000000000e+03,8.670000000000000000e+02,8.680000000000000000e+02,8.690000000000000000e+02,8.700000000000000000e+02,8.710000000000000000e+02,8.720000000000000000e+02,8.730000000000000000e+02,8.740000000000000000e+02,8.750000000000000000e+02,8.760000000000000000e+02,8.770000000000000000e+02,8.780000000000000000e+02,8.790000000000000000e+02,8.800000000000000000e+02,8.810000000000000000e+02,8.820000000000000000e+02,8.830000000000000000e+02,8.840000000000000000e+02,8.850000000000000000e+02,8.860000000000000000e+02,8.870000000000000000e+02,8.880000000000000000e+02,8.890000000000000000e+02,8.900000000000000000e+02,8.910000000000000000e+02,8.920000000000000000e+02,8.930000000000000000e+02,8.940000000000000000e+02,8.950000000000000000e+02,8.960000000000000000e+02,8.970000000000000000e+02,8.980000000000000000e+02,8.990000000000000000e+02,9.000000000000000000e+02,9.010000000000000000e+02,9.020000000000000000e+02,9.030000000000000000e+02,9.040000000000000000e+02,9.050000000000000000e+02,9.060000000000000000e+02,9.070000000000000000e+02,9.080000000000000000e+02,9.090000000000000000e+02,9.100000000000000000e+02,9.110000000000000000e+02,9.120000000000000000e+02,9.130000000000000000e+02,9.140000000000000000e+02,9.150000000000000000e+02,9.160000000000000000e+02,9.170000000000000000e+02,9.180000000000000000e+02,9.190000000000000000e+02,9.200000000000000000e+02,9.210000000000000000e+02,9.220000000000000000e+02,9.230000000000000000e+02,9.240000000000000000e+02,9.250000000000000000e+02,9.260000000000000000e+02,9.270000000000000000e+02,9.280000000000000000e+02,9.290000000000000000e+02,9.300000000000000000e+02,9.310000000000000000e+02,9.320000000000000000e+02,9.330000000000000000e+02,9.340000000000000000e+02,9.350000000000000000e+02,9.360000000000000000e+02,9.370000000000000000e+02,9.380000000000000000e+02,9.390000000000000000e+02,9.400000000000000000e+02,9.410000000000000000e+02,9.420000000000000000e+02,9.430000000000000000e+02,9.440000000000000000e+02,9.450000000000000000e+02,9.460000000000000000e+02,9.470000000000000000e+02,9.480000000000000000e+02,9.490000000000000000e+02,9.500000000000000000e+02,9.510000000000000000e+02,9.520000000000000000e+02,9.530000000000000000e+02,9.540000000000000000e+02,9.550000000000000000e+02,9.560000000000000000e+02,9.570000000000000000e+02,9.580000000000000000e+02,9.590000000000000000e+02,9.600000000000000000e+02,9.610000000000000000e+02,9.620000000000000000e+02,9.630000000000000000e+02,9.640000000000000000e+02,9.650000000000000000e+02,9.660000000000000000e+02,9.670000000000000000e+02,9.680000000000000000e+02,9.690000000000000000e+02,9.700000000000000000e+02,9.710000000000000000e+02,9.720000000000000000e+02,9.730000000000000000e+02,9.740000000000000000e+02,9.750000000000000000e+02,9.760000000000000000e+02,9.770000000000000000e+02,9.780000000000000000e+02,9.790000000000000000e+02,9.800000000000000000e+02,9.810000000000000000e+02,9.820000000000000000e+02,9.830000000000000000e+02,9.840000000000000000e+02,9.850000000000000000e+02,9.860000000000000000e+02,9.870000000000000000e+02,9.880000000000000000e+02,9.890000000000000000e+02,9.900000000000000000e+02,9.910000000000000000e+02,9.920000000000000000e+02,9.930000000000000000e+02,9.940000000000000000e+02,9.950000000000000000e+02,9.960000000000000000e+02,9.970000000000000000e+02,9.980000000000000000e+02,9.990000000000000000e+02,1.000000000000000000e+03,1.001000000000000000e+03,1.002000000000000000e+03,1.003000000000000000e+03,1.004000000000000000e+03,1.005000000000000000e+03,1.006000000000000000e+03,8.670000000000000000e+02,8.680000000000000000e+02,8.690000000000000000e+02,8.700000000000000000e+02,8.710000000000000000e+02,8.720000000000000000e+02,8.730000000000000000e+02,8.740000000000000000e+02,8.750000000000000000e+02,8.760000000000000000e+02,8.770000000000000000e+02,8.780000000000000000e+02,8.790000000000000000e+02,8.800000000000000000e+02,8.810000000000000000e+02,8.820000000000000000e+02,8.830000000000000000e+02,8.840000000000000000e+02,8.850000000000000000e+02,8.860000000000000000e+02,8.870000000000000000e+02,8.880000000000000000e+02,8.890000000000000000e+02,8.900000000000000000e+02,8.910000000000000000e+02,8.920000000000000000e+02,8.930000000000000000e+02,8.940000000000000000e+02,8.950000000000000000e+02,8.960000000000000000e+02,8.970000000000000000e+02,8.980000000000000000e+02,8.990000000000000000e+02,9.000000000000000000e+02,9.010000000000000000e+02,9.020000000000000000e+02,9.030000000000000000e+02,9.040000000000000000e+02,9.050000000000000000e+02,9.060000000000000000e+02,9.070000000000000000e+02,9.080000000000000000e+02,9.090000000000000000e+02,9.100000000000000000e+02,9.110000000000000000e+02,9.120000000000000000e+02,9.130000000000000000e+02,9.140000000000000000e+02,9.150000000000000000e+02,9.160000000000000000e+02,9.170000000000000000e+02,9.180000000000000000e+02,9.190000000000000000e+02,9.200000000000000000e+02,9.210000000000000000e+02,9.220000000000000000e+02,9.230000000000000000e+02,9.240000000000000000e+02,9.250000000000000000e+02,9.260000000000000000e+02,9.270000000000000000e+02,9.280000000000000000e+02,9.290000000000000000e+02,9.300000000000000000e+02,9.310000000000000000e+02,9.320000000000000000e+02,9.330000000000000000e+02,9.340000000000000000e+02,9.350000000000000000e+02,9.360000000000000000e+02,9.370000000000000000e+02,9.380000000000000000e+02,9.390000000000000000e+02,9.400000000000000000e+02,9.410000000000000000e+02,9.420000000000000000e+02,9.430000000000000000e+02,9.440000000000000000e+02,9.450000000000000000e+02,9.460000000000000000e+02,9.470000000000000000e+02,9.480000000000000000e+02,9.490000000000000000e+02,9.500000000000000000e+02,9.510000000000000000e+02,9.520000000000000000e+02,9.530000000000000000e+02,9.540000000000000000e+02,9.550000000000000000e+02,9.560000000000000000e+02,9.570000000000000000e+02,9.580000000000000000e+02,9.590000000000000000e+02,9.600000000000000000e+02,9.610000000000000000e+02,9.620000000000000000e+02,9.630000000000000000e+02,9.640000000000000000e+02,9.650000000000000000e+02,9.660000000000000000e+02,9.670000000000000000e+02,9.680000000000000000e+02,9.690000000000000000e+02,9.700000000000000000e+02,9.710000000000000000e+02,9.720000000000000000e+02,9.730000000000000000e+02,9.740000000000000000e+02,9.750000000000000000e+02,9.760000000000000000e+02,9.770000000000000000e+02,9.780000000000000000e+02,9.790000000000000000e+02,9.800000000000000000e+02,9.810000000000000000e+02,9.820000000000000000e+02,9.830000000000000000e+02,9.840000000000000000e+02,9.850000000000000000e+02,9.860000000000000000e+02,9.870000000000000000e+02,9.880000000000000000e+02,9.890000000000000000e+02,9.900000000000000000e+02,9.910000000000000000e+02,9.920000000000000000e+02,9.930000000000000000e+02,9.940000000000000000e+02,9.950000000000000000e+02,9.960000000000000000e+02,9.970000000000000000e+02,9.980000000000000000e+02,9.990000000000000000e+02,1.000000000000000000e+03,1.001000000000000000e+03,1.002000000000000000e+03,1.003000000000000000e+03,1.004000000000000000e+03,1.005000000000000000e+03,1.006000000000000000e+03,8.660000000000000000e+02,8.670000000000000000e+02,8.680000000000000000e+02,8.690000000000000000e+02,8.700000000000000000e+02,8.710000000000000000e+02,8.720000000000000000e+02,8.730000000000000000e+02,8.740000000000000000e+02,8.750000000000000000e+02,8.760000000000000000e+02,8.770000000000000000e+02,8.780000000000000000e+02,8.790000000000000000e+02,8.800000000000000000e+02,8.810000000000000000e+02,8.820000000000000000e+02,8.830000000000000000e+02,8.840000000000000000e+02,8.850000000000000000e+02,8.860000000000000000e+02,8.870000000000000000e+02,8.880000000000000000e+02,8.890000000000000000e+02,8.900000000000000000e+02,8.910000000000000000e+02,8.920000000000000000e+02,8.930000000000000000e+02,8.940000000000000000e+02,8.950000000000000000e+02,8.960000000000000000e+02,8.970000000000000000e+02,8.980000000000000000e+02,8.990000000000000000e+02,9.000000000000000000e+02,9.010000000000000000e+02,9.020000000000000000e+02,9.030000000000000000e+02,9.040000000000000000e+02,9.050000000000000000e+02,9.060000000000000000e+02,9.070000000000000000e+02,9.080000000000000000e+02,9.090000000000000000e+02,9.100000000000000000e+02,9.110000000000000000e+02,9.120000000000000000e+02,9.130000000000000000e+02,9.140000000000000000e+02,9.150000000000000000e+02,9.160000000000000000e+02,9.170000000000000000e+02,9.180000000000000000e+02,9.190000000000000000e+02,9.200000000000000000e+02,9.210000000000000000e+02,9.220000000000000000e+02,9.230000000000000000e+02,9.240000000000000000e+02,9.250000000000000000e+02,9.260000000000000000e+02,9.270000000000000000e+02,9.280000000000000000e+02,9.290000000000000000e+02,9.300000000000000000e+02,9.310000000000000000e+02,9.320000000000000000e+02,9.330000000000000000e+02,9.340000000000000000e+02,9.350000000000000000e+02,9.360000000000000000e+02,9.370000000000000000e+02,9.380000000000000000e+02,9.390000000000000000e+02,9.400000000000000000e+02,9.410000000000000000e+02,9.420000000000000000e+02,9.430000000000000000e+02,9.440000000000000000e+02,9.450000000000000000e+02,9.460000000000000000e+02,9.470000000000000000e+02,9.480000000000000000e+02,9.490000000000000000e+02,9.500000000000000000e+02,9.510000000000000000e+02,9.520000000000000000e+02,9.530000000000000000e+02,9.540000000000000000e+02,9.550000000000000000e+02,9.560000000000000000e+02,9.570000000000000000e+02,9.580000000000000000e+02,9.590000000000000000e+02,9.600000000000000000e+02,9.610000000000000000e+02,9.620000000000000000e+02,9.630000000000000000e+02,9.640000000000000000e+02,9.650000000000000000e+02,9.660000000000000000e+02,9.670000000000000000e+02,9.680000000000000000e+02,9.690000000000000000e+02,9.700000000000000000e+02,9.710000000000000000e+02,9.720000000000000000e+02,9.730000000000000000e+02,9.740000000000000000e+02,9.750000000000000000e+02,9.760000000000000000e+02,9.770000000000000000e+02,9.780000000000000000e+02,9.790000000000000000e+02,9.800000000000000000e+02,9.810000000000000000e+02,9.820000000000000000e+02,9.830000000000000000e+02,9.840000000000000000e+02,9.850000000000000000e+02,9.860000000000000000e+02,9.870000000000000000e+02,9.880000000000000000e+02,9.890000000000000000e+02,9.900000000000000000e+02,9.910000000000000000e+02,9.920000000000000000e+02,9.930000000000000000e+02,9.940000000000000000e+02,9.950000000000000000e+02,9.960000000000000000e+02,9.970000000000000000e+02,9.980000000000000000e+02,9.990000000000000000e+02,1.000000000000000000e+03,1.001000000000000000e+03,1.002000000000000000e+03,1.003000000000000000e+03,1.004000000000000000e+03,1.005000000000000000e+03,1.006000000000000000e+03,8.660000000000000000e+02,8.670000000000000000e+02,8.680000000000000000e+02,8.690000000000000000e+02,8.700000000000000000e+02,8.710000000000000000e+02,8.720000000000000000e+02,8.730000000000000000e+02,8.740000000000000000e+02,8.750000000000000000e+02,8.760000000000000000e+02,8.770000000000000000e+02,8.780000000000000000e+02,8.790000000000000000e+02,8.800000000000000000e+02,8.810000000000000000e+02,8.820000000000000000e+02,8.830000000000000000e+02,8.840000000000000000e+02,8.850000000000000000e+02,8.860000000000000000e+02,8.870000000000000000e+02,8.880000000000000000e+02,8.890000000000000000e+02,8.900000000000000000e+02,8.910000000000000000e+02,8.920000000000000000e+02,8.930000000000000000e+02,8.940000000000000000e+02,8.950000000000000000e+02,8.960000000000000000e+02,8.970000000000000000e+02,8.980000000000000000e+02,8.990000000000000000e+02,9.000000000000000000e+02,9.010000000000000000e+02,9.020000000000000000e+02,9.030000000000000000e+02,9.040000000000000000e+02,9.050000000000000000e+02,9.060000000000000000e+02,9.070000000000000000e+02,9.080000000000000000e+02,9.090000000000000000e+02,9.100000000000000000e+02,9.110000000000000000e+02,9.120000000000000000e+02,9.130000000000000000e+02,9.140000000000000000e+02,9.150000000000000000e+02,9.160000000000000000e+02,9.170000000000000000e+02,9.180000000000000000e+02,9.190000000000000000e+02,9.200000000000000000e+02,9.210000000000000000e+02,9.220000000000000000e+02,9.230000000000000000e+02,9.240000000000000000e+02,9.250000000000000000e+02,9.260000000000000000e+02,9.270000000000000000e+02,9.280000000000000000e+02,9.290000000000000000e+02,9.300000000000000000e+02,9.310000000000000000e+02,9.320000000000000000e+02,9.330000000000000000e+02,9.340000000000000000e+02,9.350000000000000000e+02,9.360000000000000000e+02,9.370000000000000000e+02,9.380000000000000000e+02,9.390000000000000000e+02,9.400000000000000000e+02,9.410000000000000000e+02,9.420000000000000000e+02,9.430000000000000000e+02,9.440000000000000000e+02,9.450000000000000000e+02,9.460000000000000000e+02,9.470000000000000000e+02,9.480000000000000000e+02,9.490000000000000000e+02,9.500000000000000000e+02,9.510000000000000000e+02,9.520000000000000000e+02,9.530000000000000000e+02,9.540000000000000000e+02,9.550000000000000000e+02,9.560000000000000000e+02,9.570000000000000000e+02,9.580000000000000000e+02,9.590000000000000000e+02,9.600000000000000000e+02,9.610000000000000000e+02,9.620000000000000000e+02,9.630000000000000000e+02,9.640000000000000000e+02,9.650000000000000000e+02,9.660000000000000000e+02,9.670000000000000000e+02,9.680000000000000000e+02,9.690000000000000000e+02,9.700000000000000000e+02,9.710000000000000000e+02,9.720000000000000000e+02,9.730000000000000000e+02,9.740000000000000000e+02,9.750000000000000000e+02,9.760000000000000000e+02,9.770000000000000000e+02,9.780000000000000000e+02,9.790000000000000000e+02,9.800000000000000000e+02,9.810000000000000000e+02,9.820000000000000000e+02,9.830000000000000000e+02,9.840000000000000000e+02,9.850000000000000000e+02,9.860000000000000000e+02,9.870000000000000000e+02,9.880000000000000000e+02,9.890000000000000000e+02,9.900000000000000000e+02,9.910000000000000000e+02,9.920000000000000000e+02,9.930000000000000000e+02,9.940000000000000000e+02,9.950000000000000000e+02,9.960000000000000000e+02,9.970000000000000000e+02,9.980000000000000000e+02,9.990000000000000000e+02,1.000000000000000000e+03,1.001000000000000000e+03,1.002000000000000000e+03,1.003000000000000000e+03,1.004000000000000000e+03,1.005000000000000000e+03,1.006000000000000000e+03,8.660000000000000000e+02,8.670000000000000000e+02,8.680000000000000000e+02,8.690000000000000000e+02,8.700000000000000000e+02,8.710000000000000000e+02,8.720000000000000000e+02,8.730000000000000000e+02,8.740000000000000000e+02,8.750000000000000000e+02,8.760000000000000000e+02,8.770000000000000000e+02,8.780000000000000000e+02,8.790000000000000000e+02,8.800000000000000000e+02,8.810000000000000000e+02,8.820000000000000000e+02,8.830000000000000000e+02,8.840000000000000000e+02,8.850000000000000000e+02,8.860000000000000000e+02,8.870000000000000000e+02,8.880000000000000000e+02,8.890000000000000000e+02,8.900000000000000000e+02,8.910000000000000000e+02,8.920000000000000000e+02,8.930000000000000000e+02,8.940000000000000000e+02,8.950000000000000000e+02,8.960000000000000000e+02,8.970000000000000000e+02,8.980000000000000000e+02,8.990000000000000000e+02,9.000000000000000000e+02,9.010000000000000000e+02,9.020000000000000000e+02,9.030000000000000000e+02,9.040000000000000000e+02,9.050000000000000000e+02,9.060000000000000000e+02,9.070000000000000000e+02,9.080000000000000000e+02,9.090000000000000000e+02,9.100000000000000000e+02,9.110000000000000000e+02,9.120000000000000000e+02,9.130000000000000000e+02,9.140000000000000000e+02,9.150000000000000000e+02,9.160000000000000000e+02,9.170000000000000000e+02,9.180000000000000000e+02,9.190000000000000000e+02,9.200000000000000000e+02,9.210000000000000000e+02,9.220000000000000000e+02,9.230000000000000000e+02,9.240000000000000000e+02,9.250000000000000000e+02,9.260000000000000000e+02,9.270000000000000000e+02,9.280000000000000000e+02,9.290000000000000000e+02,9.300000000000000000e+02,9.310000000000000000e+02,9.320000000000000000e+02,9.330000000000000000e+02,9.340000000000000000e+02,9.350000000000000000e+02,9.360000000000000000e+02,9.370000000000000000e+02,9.380000000000000000e+02,9.390000000000000000e+02,9.400000000000000000e+02,9.410000000000000000e+02,9.420000000000000000e+02,9.430000000000000000e+02,9.440000000000000000e+02,9.450000000000000000e+02,9.460000000000000000e+02,9.470000000000000000e+02,9.480000000000000000e+02,9.490000000000000000e+02,9.500000000000000000e+02,9.510000000000000000e+02,9.520000000000000000e+02,9.530000000000000000e+02,9.540000000000000000e+02,9.550000000000000000e+02,9.560000000000000000e+02,9.570000000000000000e+02,9.580000000000000000e+02,9.590000000000000000e+02,9.600000000000000000e+02,9.610000000000000000e+02,9.620000000000000000e+02,9.630000000000000000e+02,9.640000000000000000e+02,9.650000000000000000e+02,9.660000000000000000e+02,9.670000000000000000e+02,9.680000000000000000e+02,9.690000000000000000e+02,9.700000000000000000e+02,9.710000000000000000e+02,9.720000000000000000e+02,9.730000000000000000e+02,9.740000000000000000e+02,9.750000000000000000e+02,9.760000000000000000e+02,9.770000000000000000e+02,9.780000000000000000e+02,9.790000000000000000e+02,9.800000000000000000e+02,9.810000000000000000e+02,9.820000000000000000e+02,9.830000000000000000e+02,9.840000000000000000e+02,9.850000000000000000e+02,9.860000000000000000e+02,9.870000000000000000e+02,9.880000000000000000e+02,9.890000000000000000e+02,9.900000000000000000e+02,9.910000000000000000e+02,9.920000000000000000e+02,9.930000000000000000e+02,9.940000000000000000e+02,9.950000000000000000e+02,9.960000000000000000e+02,9.970000000000000000e+02,9.980000000000000000e+02,9.990000000000000000e+02,1.000000000000000000e+03,1.001000000000000000e+03,1.002000000000000000e+03,1.003000000000000000e+03,1.004000000000000000e+03,1.005000000000000000e+03,1.006000000000000000e+03,8.650000000000000000e+02,8.660000000000000000e+02,8.670000000000000000e+02,8.680000000000000000e+02,8.690000000000000000e+02,8.700000000000000000e+02,8.710000000000000000e+02,8.720000000000000000e+02,8.730000000000000000e+02,8.740000000000000000e+02,8.750000000000000000e+02,8.760000000000000000e+02,8.770000000000000000e+02,8.780000000000000000e+02,8.790000000000000000e+02,8.800000000000000000e+02,8.810000000000000000e+02,8.820000000000000000e+02,8.830000000000000000e+02,8.840000000000000000e+02,8.850000000000000000e+02,8.860000000000000000e+02,8.870000000000000000e+02,8.880000000000000000e+02,8.890000000000000000e+02,8.900000000000000000e+02,8.910000000000000000e+02,8.920000000000000000e+02,8.930000000000000000e+02,8.940000000000000000e+02,8.950000000000000000e+02,8.960000000000000000e+02,8.970000000000000000e+02,8.980000000000000000e+02,8.990000000000000000e+02,9.000000000000000000e+02,9.010000000000000000e+02,9.020000000000000000e+02,9.030000000000000000e+02,9.040000000000000000e+02,9.050000000000000000e+02,9.060000000000000000e+02,9.070000000000000000e+02,9.080000000000000000e+02,9.090000000000000000e+02,9.100000000000000000e+02,9.110000000000000000e+02,9.120000000000000000e+02,9.130000000000000000e+02,9.140000000000000000e+02,9.150000000000000000e+02,9.160000000000000000e+02,9.170000000000000000e+02,9.180000000000000000e+02,9.190000000000000000e+02,9.200000000000000000e+02,9.210000000000000000e+02,9.220000000000000000e+02,9.230000000000000000e+02,9.240000000000000000e+02,9.250000000000000000e+02,9.260000000000000000e+02,9.270000000000000000e+02,9.280000000000000000e+02,9.290000000000000000e+02,9.300000000000000000e+02,9.310000000000000000e+02,9.320000000000000000e+02,9.330000000000000000e+02,9.340000000000000000e+02,9.350000000000000000e+02,9.360000000000000000e+02,9.370000000000000000e+02,9.380000000000000000e+02,9.390000000000000000e+02,9.400000000000000000e+02,9.410000000000000000e+02,9.420000000000000000e+02,9.430000000000000000e+02,9.440000000000000000e+02,9.450000000000000000e+02,9.460000000000000000e+02,9.470000000000000000e+02,9.480000000000000000e+02,9.490000000000000000e+02,9.500000000000000000e+02,9.510000000000000000e+02,9.520000000000000000e+02,9.530000000000000000e+02,9.540000000000000000e+02,9.550000000000000000e+02,9.560000000000000000e+02,9.570000000000000000e+02,9.580000000000000000e+02,9.590000000000000000e+02,9.600000000000000000e+02,9.610000000000000000e+02,9.620000000000000000e+02,9.630000000000000000e+02,9.640000000000000000e+02,9.650000000000000000e+02,9.660000000000000000e+02,9.670000000000000000e+02,9.680000000000000000e+02,9.690000000000000000e+02,9.700000000000000000e+02,9.710000000000000000e+02,9.720000000000000000e+02,9.730000000000000000e+02,9.740000000000000000e+02,9.750000000000000000e+02,9.760000000000000000e+02,9.770000000000000000e+02,9.780000000000000000e+02,9.790000000000000000e+02,9.800000000000000000e+02,9.810000000000000000e+02,9.820000000000000000e+02,9.830000000000000000e+02,9.840000000000000000e+02,9.850000000000000000e+02,9.860000000000000000e+02,9.870000000000000000e+02,9.880000000000000000e+02,9.890000000000000000e+02,9.900000000000000000e+02,9.910000000000000000e+02,9.920000000000000000e+02,9.930000000000000000e+02,9.940000000000000000e+02,9.950000000000000000e+02,9.960000000000000000e+02,9.970000000000000000e+02,9.980000000000000000e+02,9.990000000000000000e+02,1.000000000000000000e+03,1.001000000000000000e+03,1.002000000000000000e+03,1.003000000000000000e+03,1.004000000000000000e+03,1.005000000000000000e+03,1.006000000000000000e+03,8.650000000000000000e+02,8.660000000000000000e+02,8.670000000000000000e+02,8.680000000000000000e+02,8.690000000000000000e+02,8.700000000000000000e+02,8.710000000000000000e+02,8.720000000000000000e+02,8.730000000000000000e+02,8.740000000000000000e+02,8.750000000000000000e+02,8.760000000000000000e+02,8.770000000000000000e+02,8.780000000000000000e+02,8.790000000000000000e+02,8.800000000000000000e+02,8.810000000000000000e+02,8.820000000000000000e+02,8.830000000000000000e+02,8.840000000000000000e+02,8.850000000000000000e+02,8.860000000000000000e+02,8.870000000000000000e+02,8.880000000000000000e+02,8.890000000000000000e+02,8.900000000000000000e+02,8.910000000000000000e+02,8.920000000000000000e+02,8.930000000000000000e+02,8.940000000000000000e+02,8.950000000000000000e+02,8.960000000000000000e+02,8.970000000000000000e+02,8.980000000000000000e+02,8.990000000000000000e+02,9.000000000000000000e+02,9.010000000000000000e+02,9.020000000000000000e+02,9.030000000000000000e+02,9.040000000000000000e+02,9.050000000000000000e+02,9.060000000000000000e+02,9.070000000000000000e+02,9.080000000000000000e+02,9.090000000000000000e+02,9.100000000000000000e+02,9.110000000000000000e+02,9.120000000000000000e+02,9.130000000000000000e+02,9.140000000000000000e+02,9.150000000000000000e+02,9.160000000000000000e+02,9.170000000000000000e+02,9.180000000000000000e+02,9.190000000000000000e+02,9.200000000000000000e+02,9.210000000000000000e+02,9.220000000000000000e+02,9.230000000000000000e+02,9.240000000000000000e+02,9.250000000000000000e+02,9.260000000000000000e+02,9.270000000000000000e+02,9.280000000000000000e+02,9.290000000000000000e+02,9.300000000000000000e+02,9.310000000000000000e+02,9.320000000000000000e+02,9.330000000000000000e+02,9.340000000000000000e+02,9.350000000000000000e+02,9.360000000000000000e+02,9.370000000000000000e+02,9.380000000000000000e+02,9.390000000000000000e+02,9.400000000000000000e+02,9.410000000000000000e+02,9.420000000000000000e+02,9.430000000000000000e+02,9.440000000000000000e+02,9.450000000000000000e+02,9.460000000000000000e+02,9.470000000000000000e+02,9.480000000000000000e+02,9.490000000000000000e+02,9.500000000000000000e+02,9.510000000000000000e+02,9.520000000000000000e+02,9.530000000000000000e+02,9.540000000000000000e+02,9.550000000000000000e+02,9.560000000000000000e+02,9.570000000000000000e+02,9.580000000000000000e+02,9.590000000000000000e+02,9.600000000000000000e+02,9.610000000000000000e+02,9.620000000000000000e+02,9.630000000000000000e+02,9.640000000000000000e+02,9.650000000000000000e+02,9.660000000000000000e+02,9.670000000000000000e+02,9.680000000000000000e+02,9.690000000000000000e+02,9.700000000000000000e+02,9.710000000000000000e+02,9.720000000000000000e+02,9.730000000000000000e+02,9.740000000000000000e+02,9.750000000000000000e+02,9.760000000000000000e+02,9.770000000000000000e+02,9.780000000000000000e+02,9.790000000000000000e+02,9.800000000000000000e+02,9.810000000000000000e+02,9.820000000000000000e+02,9.830000000000000000e+02,9.840000000000000000e+02,9.850000000000000000e+02,9.860000000000000000e+02,9.870000000000000000e+02,9.880000000000000000e+02,9.890000000000000000e+02,9.900000000000000000e+02,9.910000000000000000e+02,9.920000000000000000e+02,9.930000000000000000e+02,9.940000000000000000e+02,9.950000000000000000e+02,9.960000000000000000e+02,9.970000000000000000e+02,9.980000000000000000e+02,9.990000000000000000e+02,1.000000000000000000e+03,1.001000000000000000e+03,1.002000000000000000e+03,1.003000000000000000e+03,1.004000000000000000e+03,1.005000000000000000e+03,1.006000000000000000e+03,8.640000000000000000e+02,8.650000000000000000e+02,8.660000000000000000e+02,8.670000000000000000e+02,8.680000000000000000e+02,8.690000000000000000e+02,8.700000000000000000e+02,8.710000000000000000e+02,8.720000000000000000e+02,8.730000000000000000e+02,8.740000000000000000e+02,8.750000000000000000e+02,8.760000000000000000e+02,8.770000000000000000e+02,8.780000000000000000e+02,8.790000000000000000e+02,8.800000000000000000e+02,8.810000000000000000e+02,8.820000000000000000e+02,8.830000000000000000e+02,8.840000000000000000e+02,8.850000000000000000e+02,8.860000000000000000e+02,8.870000000000000000e+02,8.880000000000000000e+02,8.890000000000000000e+02,8.900000000000000000e+02,8.910000000000000000e+02,8.920000000000000000e+02,8.930000000000000000e+02,8.940000000000000000e+02,8.950000000000000000e+02,8.960000000000000000e+02,8.970000000000000000e+02,8.980000000000000000e+02,8.990000000000000000e+02,9.000000000000000000e+02,9.010000000000000000e+02,9.020000000000000000e+02,9.030000000000000000e+02,9.040000000000000000e+02,9.050000000000000000e+02,9.060000000000000000e+02,9.070000000000000000e+02,9.080000000000000000e+02,9.090000000000000000e+02,9.100000000000000000e+02,9.110000000000000000e+02,9.120000000000000000e+02,9.130000000000000000e+02,9.140000000000000000e+02,9.150000000000000000e+02,9.160000000000000000e+02,9.170000000000000000e+02,9.180000000000000000e+02,9.190000000000000000e+02,9.200000000000000000e+02,9.210000000000000000e+02,9.220000000000000000e+02,9.230000000000000000e+02,9.240000000000000000e+02,9.250000000000000000e+02,9.260000000000000000e+02,9.270000000000000000e+02,9.280000000000000000e+02,9.290000000000000000e+02,9.300000000000000000e+02,9.310000000000000000e+02,9.320000000000000000e+02,9.330000000000000000e+02,9.340000000000000000e+02,9.350000000000000000e+02,9.360000000000000000e+02,9.370000000000000000e+02,9.380000000000000000e+02,9.390000000000000000e+02,9.400000000000000000e+02,9.410000000000000000e+02,9.420000000000000000e+02,9.430000000000000000e+02,9.440000000000000000e+02,9.450000000000000000e+02,9.460000000000000000e+02,9.470000000000000000e+02,9.480000000000000000e+02,9.490000000000000000e+02,9.500000000000000000e+02,9.510000000000000000e+02,9.520000000000000000e+02,9.530000000000000000e+02,9.540000000000000000e+02,9.550000000000000000e+02,9.560000000000000000e+02,9.570000000000000000e+02,9.580000000000000000e+02,9.590000000000000000e+02,9.600000000000000000e+02,9.610000000000000000e+02,9.620000000000000000e+02,9.630000000000000000e+02,9.640000000000000000e+02,9.650000000000000000e+02,9.660000000000000000e+02,9.670000000000000000e+02,9.680000000000000000e+02,9.690000000000000000e+02,9.700000000000000000e+02,9.710000000000000000e+02,9.720000000000000000e+02,9.730000000000000000e+02,9.740000000000000000e+02,9.750000000000000000e+02,9.760000000000000000e+02,9.770000000000000000e+02,9.780000000000000000e+02,9.790000000000000000e+02,9.800000000000000000e+02,9.810000000000000000e+02,9.820000000000000000e+02,9.830000000000000000e+02,9.840000000000000000e+02,9.850000000000000000e+02,9.860000000000000000e+02,9.870000000000000000e+02,9.880000000000000000e+02,9.890000000000000000e+02,9.900000000000000000e+02,9.910000000000000000e+02,9.920000000000000000e+02,9.930000000000000000e+02,9.940000000000000000e+02,9.950000000000000000e+02,9.960000000000000000e+02,9.970000000000000000e+02,9.980000000000000000e+02,9.990000000000000000e+02,1.000000000000000000e+03,1.001000000000000000e+03,1.002000000000000000e+03,1.003000000000000000e+03,1.004000000000000000e+03,1.005000000000000000e+03,1.006000000000000000e+03,8.640000000000000000e+02,8.650000000000000000e+02,8.660000000000000000e+02,8.670000000000000000e+02,8.680000000000000000e+02,8.690000000000000000e+02,8.700000000000000000e+02,8.710000000000000000e+02,8.720000000000000000e+02,8.730000000000000000e+02,8.740000000000000000e+02,8.750000000000000000e+02,8.760000000000000000e+02,8.770000000000000000e+02,8.780000000000000000e+02,8.790000000000000000e+02,8.800000000000000000e+02,8.810000000000000000e+02,8.820000000000000000e+02,8.830000000000000000e+02,8.840000000000000000e+02,8.850000000000000000e+02,8.860000000000000000e+02,8.870000000000000000e+02,8.880000000000000000e+02,8.890000000000000000e+02,8.900000000000000000e+02,8.910000000000000000e+02,8.920000000000000000e+02,8.930000000000000000e+02,8.940000000000000000e+02,8.950000000000000000e+02,8.960000000000000000e+02,8.970000000000000000e+02,8.980000000000000000e+02,8.990000000000000000e+02,9.000000000000000000e+02,9.010000000000000000e+02,9.020000000000000000e+02,9.030000000000000000e+02,9.040000000000000000e+02,9.050000000000000000e+02,9.060000000000000000e+02,9.070000000000000000e+02,9.080000000000000000e+02,9.090000000000000000e+02,9.100000000000000000e+02,9.110000000000000000e+02,9.120000000000000000e+02,9.130000000000000000e+02,9.140000000000000000e+02,9.150000000000000000e+02,9.160000000000000000e+02,9.170000000000000000e+02,9.180000000000000000e+02,9.190000000000000000e+02,9.200000000000000000e+02,9.210000000000000000e+02,9.220000000000000000e+02,9.230000000000000000e+02,9.240000000000000000e+02,9.250000000000000000e+02,9.260000000000000000e+02,9.270000000000000000e+02,9.280000000000000000e+02,9.290000000000000000e+02,9.300000000000000000e+02,9.310000000000000000e+02,9.320000000000000000e+02,9.330000000000000000e+02,9.340000000000000000e+02,9.350000000000000000e+02,9.360000000000000000e+02,9.370000000000000000e+02,9.380000000000000000e+02,9.390000000000000000e+02,9.400000000000000000e+02,9.410000000000000000e+02,9.420000000000000000e+02,9.430000000000000000e+02,9.440000000000000000e+02,9.450000000000000000e+02,9.460000000000000000e+02,9.470000000000000000e+02,9.480000000000000000e+02,9.490000000000000000e+02,9.500000000000000000e+02,9.510000000000000000e+02,9.520000000000000000e+02,9.530000000000000000e+02,9.540000000000000000e+02,9.550000000000000000e+02,9.560000000000000000e+02,9.570000000000000000e+02,9.580000000000000000e+02,9.590000000000000000e+02,9.600000000000000000e+02,9.610000000000000000e+02,9.620000000000000000e+02,9.630000000000000000e+02,9.640000000000000000e+02,9.650000000000000000e+02,9.660000000000000000e+02,9.670000000000000000e+02,9.680000000000000000e+02,9.690000000000000000e+02,9.700000000000000000e+02,9.710000000000000000e+02,9.720000000000000000e+02,9.730000000000000000e+02,9.740000000000000000e+02,9.750000000000000000e+02,9.760000000000000000e+02,9.770000000000000000e+02,9.780000000000000000e+02,9.790000000000000000e+02,9.800000000000000000e+02,9.810000000000000000e+02,9.820000000000000000e+02,9.830000000000000000e+02,9.840000000000000000e+02,9.850000000000000000e+02,9.860000000000000000e+02,9.870000000000000000e+02,9.880000000000000000e+02,9.890000000000000000e+02,9.900000000000000000e+02,9.910000000000000000e+02,9.920000000000000000e+02,9.930000000000000000e+02,9.940000000000000000e+02,9.950000000000000000e+02,9.960000000000000000e+02,9.970000000000000000e+02,9.980000000000000000e+02,9.990000000000000000e+02,1.000000000000000000e+03,1.001000000000000000e+03,1.002000000000000000e+03,1.003000000000000000e+03,1.004000000000000000e+03,1.005000000000000000e+03,1.006000000000000000e+03,8.640000000000000000e+02,8.650000000000000000e+02,8.660000000000000000e+02,8.670000000000000000e+02,8.680000000000000000e+02,8.690000000000000000e+02,8.700000000000000000e+02,8.710000000000000000e+02,8.720000000000000000e+02,8.730000000000000000e+02,8.740000000000000000e+02,8.750000000000000000e+02,8.760000000000000000e+02,8.770000000000000000e+02,8.780000000000000000e+02,8.790000000000000000e+02,8.800000000000000000e+02,8.810000000000000000e+02,8.820000000000000000e+02,8.830000000000000000e+02,8.840000000000000000e+02,8.850000000000000000e+02,8.860000000000000000e+02,8.870000000000000000e+02,8.880000000000000000e+02,8.890000000000000000e+02,8.900000000000000000e+02,8.910000000000000000e+02,8.920000000000000000e+02,8.930000000000000000e+02,8.940000000000000000e+02,8.950000000000000000e+02,8.960000000000000000e+02,8.970000000000000000e+02,8.980000000000000000e+02,8.990000000000000000e+02,9.000000000000000000e+02,9.010000000000000000e+02,9.020000000000000000e+02,9.030000000000000000e+02,9.040000000000000000e+02,9.050000000000000000e+02,9.060000000000000000e+02,9.070000000000000000e+02,9.080000000000000000e+02,9.090000000000000000e+02,9.100000000000000000e+02,9.110000000000000000e+02,9.120000000000000000e+02,9.130000000000000000e+02,9.140000000000000000e+02,9.150000000000000000e+02,9.160000000000000000e+02,9.170000000000000000e+02,9.180000000000000000e+02,9.190000000000000000e+02,9.200000000000000000e+02,9.210000000000000000e+02,9.220000000000000000e+02,9.230000000000000000e+02,9.240000000000000000e+02,9.250000000000000000e+02,9.260000000000000000e+02,9.270000000000000000e+02,9.280000000000000000e+02,9.290000000000000000e+02,9.300000000000000000e+02,9.310000000000000000e+02,9.320000000000000000e+02,9.330000000000000000e+02,9.340000000000000000e+02,9.350000000000000000e+02,9.360000000000000000e+02,9.370000000000000000e+02,9.380000000000000000e+02,9.390000000000000000e+02,9.400000000000000000e+02,9.410000000000000000e+02,9.420000000000000000e+02,9.430000000000000000e+02,9.440000000000000000e+02,9.450000000000000000e+02,9.460000000000000000e+02,9.470000000000000000e+02,9.480000000000000000e+02,9.490000000000000000e+02,9.500000000000000000e+02,9.510000000000000000e+02,9.520000000000000000e+02,9.530000000000000000e+02,9.540000000000000000e+02,9.550000000000000000e+02,9.560000000000000000e+02,9.570000000000000000e+02,9.580000000000000000e+02,9.590000000000000000e+02,9.600000000000000000e+02,9.610000000000000000e+02,9.620000000000000000e+02,9.630000000000000000e+02,9.640000000000000000e+02,9.650000000000000000e+02,9.660000000000000000e+02,9.670000000000000000e+02,9.680000000000000000e+02,9.690000000000000000e+02,9.700000000000000000e+02,9.710000000000000000e+02,9.720000000000000000e+02,9.730000000000000000e+02,9.740000000000000000e+02,9.750000000000000000e+02,9.760000000000000000e+02,9.770000000000000000e+02,9.780000000000000000e+02,9.790000000000000000e+02,9.800000000000000000e+02,9.810000000000000000e+02,9.820000000000000000e+02,9.830000000000000000e+02,9.840000000000000000e+02,9.850000000000000000e+02,9.860000000000000000e+02,9.870000000000000000e+02,9.880000000000000000e+02,9.890000000000000000e+02,9.900000000000000000e+02,9.910000000000000000e+02,9.920000000000000000e+02,9.930000000000000000e+02,9.940000000000000000e+02,9.950000000000000000e+02,9.960000000000000000e+02,9.970000000000000000e+02,9.980000000000000000e+02,9.990000000000000000e+02,1.000000000000000000e+03,1.001000000000000000e+03,1.002000000000000000e+03,1.003000000000000000e+03,1.004000000000000000e+03,1.005000000000000000e+03,1.006000000000000000e+03,8.630000000000000000e+02,8.640000000000000000e+02,8.650000000000000000e+02,8.660000000000000000e+02,8.670000000000000000e+02,8.680000000000000000e+02,8.690000000000000000e+02,8.700000000000000000e+02,8.710000000000000000e+02,8.720000000000000000e+02,8.730000000000000000e+02,8.740000000000000000e+02,8.750000000000000000e+02,8.760000000000000000e+02,8.770000000000000000e+02,8.780000000000000000e+02,8.790000000000000000e+02,8.800000000000000000e+02,8.810000000000000000e+02,8.820000000000000000e+02,8.830000000000000000e+02,8.840000000000000000e+02,8.850000000000000000e+02,8.860000000000000000e+02,8.870000000000000000e+02,8.880000000000000000e+02,8.890000000000000000e+02,8.900000000000000000e+02,8.910000000000000000e+02,8.920000000000000000e+02,8.930000000000000000e+02,8.940000000000000000e+02,8.950000000000000000e+02,8.960000000000000000e+02,8.970000000000000000e+02,8.980000000000000000e+02,8.990000000000000000e+02,9.000000000000000000e+02,9.010000000000000000e+02,9.020000000000000000e+02,9.030000000000000000e+02,9.040000000000000000e+02,9.050000000000000000e+02,9.060000000000000000e+02,9.070000000000000000e+02,9.080000000000000000e+02,9.090000000000000000e+02,9.100000000000000000e+02,9.110000000000000000e+02,9.120000000000000000e+02,9.130000000000000000e+02,9.140000000000000000e+02,9.150000000000000000e+02,9.160000000000000000e+02,9.170000000000000000e+02,9.180000000000000000e+02,9.190000000000000000e+02,9.200000000000000000e+02,9.210000000000000000e+02,9.220000000000000000e+02,9.230000000000000000e+02,9.240000000000000000e+02,9.250000000000000000e+02,9.260000000000000000e+02,9.270000000000000000e+02,9.280000000000000000e+02,9.290000000000000000e+02,9.300000000000000000e+02,9.310000000000000000e+02,9.320000000000000000e+02,9.330000000000000000e+02,9.340000000000000000e+02,9.350000000000000000e+02,9.360000000000000000e+02,9.370000000000000000e+02,9.380000000000000000e+02,9.390000000000000000e+02,9.400000000000000000e+02,9.410000000000000000e+02,9.420000000000000000e+02,9.430000000000000000e+02,9.440000000000000000e+02,9.450000000000000000e+02,9.460000000000000000e+02,9.470000000000000000e+02,9.480000000000000000e+02,9.490000000000000000e+02,9.500000000000000000e+02,9.510000000000000000e+02,9.520000000000000000e+02,9.530000000000000000e+02,9.540000000000000000e+02,9.550000000000000000e+02,9.560000000000000000e+02,9.570000000000000000e+02,9.580000000000000000e+02,9.590000000000000000e+02,9.600000000000000000e+02,9.610000000000000000e+02,9.620000000000000000e+02,9.630000000000000000e+02,9.640000000000000000e+02,9.650000000000000000e+02,9.660000000000000000e+02,9.670000000000000000e+02,9.680000000000000000e+02,9.690000000000000000e+02,9.700000000000000000e+02,9.710000000000000000e+02,9.720000000000000000e+02,9.730000000000000000e+02,9.740000000000000000e+02,9.750000000000000000e+02,9.760000000000000000e+02,9.770000000000000000e+02,9.780000000000000000e+02,9.790000000000000000e+02,9.800000000000000000e+02,9.810000000000000000e+02,9.820000000000000000e+02,9.830000000000000000e+02,9.840000000000000000e+02,9.850000000000000000e+02,9.860000000000000000e+02,9.870000000000000000e+02,9.880000000000000000e+02,9.890000000000000000e+02,9.900000000000000000e+02,9.910000000000000000e+02,9.920000000000000000e+02,9.930000000000000000e+02,9.940000000000000000e+02,9.950000000000000000e+02,9.960000000000000000e+02,9.970000000000000000e+02,9.980000000000000000e+02,9.990000000000000000e+02,1.000000000000000000e+03,1.001000000000000000e+03,1.002000000000000000e+03,1.003000000000000000e+03,1.004000000000000000e+03,1.005000000000000000e+03,1.006000000000000000e+03,8.630000000000000000e+02,8.640000000000000000e+02,8.650000000000000000e+02,8.660000000000000000e+02,8.670000000000000000e+02,8.680000000000000000e+02,8.690000000000000000e+02,8.700000000000000000e+02,8.710000000000000000e+02,8.720000000000000000e+02,8.730000000000000000e+02,8.740000000000000000e+02,8.750000000000000000e+02,8.760000000000000000e+02,8.770000000000000000e+02,8.780000000000000000e+02,8.790000000000000000e+02,8.800000000000000000e+02,8.810000000000000000e+02,8.820000000000000000e+02,8.830000000000000000e+02,8.840000000000000000e+02,8.850000000000000000e+02,8.860000000000000000e+02,8.870000000000000000e+02,8.880000000000000000e+02,8.890000000000000000e+02,8.900000000000000000e+02,8.910000000000000000e+02,8.920000000000000000e+02,8.930000000000000000e+02,8.940000000000000000e+02,8.950000000000000000e+02,8.960000000000000000e+02,8.970000000000000000e+02,8.980000000000000000e+02,8.990000000000000000e+02,9.000000000000000000e+02,9.010000000000000000e+02,9.020000000000000000e+02,9.030000000000000000e+02,9.040000000000000000e+02,9.050000000000000000e+02,9.060000000000000000e+02,9.070000000000000000e+02,9.080000000000000000e+02,9.090000000000000000e+02,9.100000000000000000e+02,9.110000000000000000e+02,9.120000000000000000e+02,9.130000000000000000e+02,9.140000000000000000e+02,9.150000000000000000e+02,9.160000000000000000e+02,9.170000000000000000e+02,9.180000000000000000e+02,9.190000000000000000e+02,9.200000000000000000e+02,9.210000000000000000e+02,9.220000000000000000e+02,9.230000000000000000e+02,9.240000000000000000e+02,9.250000000000000000e+02,9.260000000000000000e+02,9.270000000000000000e+02,9.280000000000000000e+02,9.290000000000000000e+02,9.300000000000000000e+02,9.310000000000000000e+02,9.320000000000000000e+02,9.330000000000000000e+02,9.340000000000000000e+02,9.350000000000000000e+02,9.360000000000000000e+02,9.370000000000000000e+02,9.380000000000000000e+02,9.390000000000000000e+02,9.400000000000000000e+02,9.410000000000000000e+02,9.420000000000000000e+02,9.430000000000000000e+02,9.440000000000000000e+02,9.450000000000000000e+02,9.460000000000000000e+02,9.470000000000000000e+02,9.480000000000000000e+02,9.490000000000000000e+02,9.500000000000000000e+02,9.510000000000000000e+02,9.520000000000000000e+02,9.530000000000000000e+02,9.540000000000000000e+02,9.550000000000000000e+02,9.560000000000000000e+02,9.570000000000000000e+02,9.580000000000000000e+02,9.590000000000000000e+02,9.600000000000000000e+02,9.610000000000000000e+02,9.620000000000000000e+02,9.630000000000000000e+02,9.640000000000000000e+02,9.650000000000000000e+02,9.660000000000000000e+02,9.670000000000000000e+02,9.680000000000000000e+02,9.690000000000000000e+02,9.700000000000000000e+02,9.710000000000000000e+02,9.720000000000000000e+02,9.730000000000000000e+02,9.740000000000000000e+02,9.750000000000000000e+02,9.760000000000000000e+02,9.770000000000000000e+02,9.780000000000000000e+02,9.790000000000000000e+02,9.800000000000000000e+02,9.810000000000000000e+02,9.820000000000000000e+02,9.830000000000000000e+02,9.840000000000000000e+02,9.850000000000000000e+02,9.860000000000000000e+02,9.870000000000000000e+02,9.880000000000000000e+02,9.890000000000000000e+02,9.900000000000000000e+02,9.910000000000000000e+02,9.920000000000000000e+02,9.930000000000000000e+02,9.940000000000000000e+02,9.950000000000000000e+02,9.960000000000000000e+02,9.970000000000000000e+02,9.980000000000000000e+02,9.990000000000000000e+02,1.000000000000000000e+03,1.001000000000000000e+03,1.002000000000000000e+03,1.003000000000000000e+03,1.004000000000000000e+03,1.005000000000000000e+03,1.006000000000000000e+03,8.620000000000000000e+02,8.630000000000000000e+02,8.640000000000000000e+02,8.650000000000000000e+02,8.660000000000000000e+02,8.670000000000000000e+02,8.680000000000000000e+02,8.690000000000000000e+02,8.700000000000000000e+02,8.710000000000000000e+02,8.720000000000000000e+02,8.730000000000000000e+02,8.740000000000000000e+02,8.750000000000000000e+02,8.760000000000000000e+02,8.770000000000000000e+02,8.780000000000000000e+02,8.790000000000000000e+02,8.800000000000000000e+02,8.810000000000000000e+02,8.820000000000000000e+02,8.830000000000000000e+02,8.840000000000000000e+02,8.850000000000000000e+02,8.860000000000000000e+02,8.870000000000000000e+02,8.880000000000000000e+02,8.890000000000000000e+02,8.900000000000000000e+02,8.910000000000000000e+02,8.920000000000000000e+02,8.930000000000000000e+02,8.940000000000000000e+02,8.950000000000000000e+02,8.960000000000000000e+02,8.970000000000000000e+02,8.980000000000000000e+02,8.990000000000000000e+02,9.000000000000000000e+02,9.010000000000000000e+02,9.020000000000000000e+02,9.030000000000000000e+02,9.040000000000000000e+02,9.050000000000000000e+02,9.060000000000000000e+02,9.070000000000000000e+02,9.080000000000000000e+02,9.090000000000000000e+02,9.100000000000000000e+02,9.110000000000000000e+02,9.120000000000000000e+02,9.130000000000000000e+02,9.140000000000000000e+02,9.150000000000000000e+02,9.160000000000000000e+02,9.170000000000000000e+02,9.180000000000000000e+02,9.190000000000000000e+02,9.200000000000000000e+02,9.210000000000000000e+02,9.220000000000000000e+02,9.230000000000000000e+02,9.240000000000000000e+02,9.250000000000000000e+02,9.260000000000000000e+02,9.270000000000000000e+02,9.280000000000000000e+02,9.290000000000000000e+02,9.300000000000000000e+02,9.310000000000000000e+02,9.320000000000000000e+02,9.330000000000000000e+02,9.340000000000000000e+02,9.350000000000000000e+02,9.360000000000000000e+02,9.370000000000000000e+02,9.380000000000000000e+02,9.390000000000000000e+02,9.400000000000000000e+02,9.410000000000000000e+02,9.420000000000000000e+02,9.430000000000000000e+02,9.440000000000000000e+02,9.450000000000000000e+02,9.460000000000000000e+02,9.470000000000000000e+02,9.480000000000000000e+02,9.490000000000000000e+02,9.500000000000000000e+02,9.510000000000000000e+02,9.520000000000000000e+02,9.530000000000000000e+02,9.540000000000000000e+02,9.550000000000000000e+02,9.560000000000000000e+02,9.570000000000000000e+02,9.580000000000000000e+02,9.590000000000000000e+02,9.600000000000000000e+02,9.610000000000000000e+02,9.620000000000000000e+02,9.630000000000000000e+02,9.640000000000000000e+02,9.650000000000000000e+02,9.660000000000000000e+02,9.670000000000000000e+02,9.680000000000000000e+02,9.690000000000000000e+02,9.700000000000000000e+02,9.710000000000000000e+02,9.720000000000000000e+02,9.730000000000000000e+02,9.740000000000000000e+02,9.750000000000000000e+02,9.760000000000000000e+02,9.770000000000000000e+02,9.780000000000000000e+02,9.790000000000000000e+02,9.800000000000000000e+02,9.810000000000000000e+02,9.820000000000000000e+02,9.830000000000000000e+02,9.840000000000000000e+02,9.850000000000000000e+02,9.860000000000000000e+02,9.870000000000000000e+02,9.880000000000000000e+02,9.890000000000000000e+02,9.900000000000000000e+02,9.910000000000000000e+02,9.920000000000000000e+02,9.930000000000000000e+02,9.940000000000000000e+02,9.950000000000000000e+02,9.960000000000000000e+02,9.970000000000000000e+02,9.980000000000000000e+02,9.990000000000000000e+02,1.000000000000000000e+03,1.001000000000000000e+03,1.002000000000000000e+03,1.003000000000000000e+03,1.004000000000000000e+03,1.005000000000000000e+03,1.006000000000000000e+03,8.620000000000000000e+02,8.630000000000000000e+02,8.640000000000000000e+02,8.650000000000000000e+02,8.660000000000000000e+02,8.670000000000000000e+02,8.680000000000000000e+02,8.690000000000000000e+02,8.700000000000000000e+02,8.710000000000000000e+02,8.720000000000000000e+02,8.730000000000000000e+02,8.740000000000000000e+02,8.750000000000000000e+02,8.760000000000000000e+02,8.770000000000000000e+02,8.780000000000000000e+02,8.790000000000000000e+02,8.800000000000000000e+02,8.810000000000000000e+02,8.820000000000000000e+02,8.830000000000000000e+02,8.840000000000000000e+02,8.850000000000000000e+02,8.860000000000000000e+02,8.870000000000000000e+02,8.880000000000000000e+02,8.890000000000000000e+02,8.900000000000000000e+02,8.910000000000000000e+02,8.920000000000000000e+02,8.930000000000000000e+02,8.940000000000000000e+02,8.950000000000000000e+02,8.960000000000000000e+02,8.970000000000000000e+02,8.980000000000000000e+02,8.990000000000000000e+02,9.000000000000000000e+02,9.010000000000000000e+02,9.020000000000000000e+02,9.030000000000000000e+02,9.040000000000000000e+02,9.050000000000000000e+02,9.060000000000000000e+02,9.070000000000000000e+02,9.080000000000000000e+02,9.090000000000000000e+02,9.100000000000000000e+02,9.110000000000000000e+02,9.120000000000000000e+02,9.130000000000000000e+02,9.140000000000000000e+02,9.150000000000000000e+02,9.160000000000000000e+02,9.170000000000000000e+02,9.180000000000000000e+02,9.190000000000000000e+02,9.200000000000000000e+02,9.210000000000000000e+02,9.220000000000000000e+02,9.230000000000000000e+02,9.240000000000000000e+02,9.250000000000000000e+02,9.260000000000000000e+02,9.270000000000000000e+02,9.280000000000000000e+02,9.290000000000000000e+02,9.300000000000000000e+02,9.310000000000000000e+02,9.320000000000000000e+02,9.330000000000000000e+02,9.340000000000000000e+02,9.350000000000000000e+02,9.360000000000000000e+02,9.370000000000000000e+02,9.380000000000000000e+02,9.390000000000000000e+02,9.400000000000000000e+02,9.410000000000000000e+02,9.420000000000000000e+02,9.430000000000000000e+02,9.440000000000000000e+02,9.450000000000000000e+02,9.460000000000000000e+02,9.470000000000000000e+02,9.480000000000000000e+02,9.490000000000000000e+02,9.500000000000000000e+02,9.510000000000000000e+02,9.520000000000000000e+02,9.530000000000000000e+02,9.540000000000000000e+02,9.550000000000000000e+02,9.560000000000000000e+02,9.570000000000000000e+02,9.580000000000000000e+02,9.590000000000000000e+02,9.600000000000000000e+02,9.610000000000000000e+02,9.620000000000000000e+02,9.630000000000000000e+02,9.640000000000000000e+02,9.650000000000000000e+02,9.660000000000000000e+02,9.670000000000000000e+02,9.680000000000000000e+02,9.690000000000000000e+02,9.700000000000000000e+02,9.710000000000000000e+02,9.720000000000000000e+02,9.730000000000000000e+02,9.740000000000000000e+02,9.750000000000000000e+02,9.760000000000000000e+02,9.770000000000000000e+02,9.780000000000000000e+02,9.790000000000000000e+02,9.800000000000000000e+02,9.810000000000000000e+02,9.820000000000000000e+02,9.830000000000000000e+02,9.840000000000000000e+02,9.850000000000000000e+02,9.860000000000000000e+02,9.870000000000000000e+02,9.880000000000000000e+02,9.890000000000000000e+02,9.900000000000000000e+02,9.910000000000000000e+02,9.920000000000000000e+02,9.930000000000000000e+02,9.940000000000000000e+02,9.950000000000000000e+02,9.960000000000000000e+02,9.970000000000000000e+02,9.980000000000000000e+02,9.990000000000000000e+02,1.000000000000000000e+03,1.001000000000000000e+03,1.002000000000000000e+03,1.003000000000000000e+03,1.004000000000000000e+03,1.005000000000000000e+03,1.006000000000000000e+03,8.620000000000000000e+02,8.630000000000000000e+02,8.640000000000000000e+02,8.650000000000000000e+02,8.660000000000000000e+02,8.670000000000000000e+02,8.680000000000000000e+02,8.690000000000000000e+02,8.700000000000000000e+02,8.710000000000000000e+02,8.720000000000000000e+02,8.730000000000000000e+02,8.740000000000000000e+02,8.750000000000000000e+02,8.760000000000000000e+02,8.770000000000000000e+02,8.780000000000000000e+02,8.790000000000000000e+02,8.800000000000000000e+02,8.810000000000000000e+02,8.820000000000000000e+02,8.830000000000000000e+02,8.840000000000000000e+02,8.850000000000000000e+02,8.860000000000000000e+02,8.870000000000000000e+02,8.880000000000000000e+02,8.890000000000000000e+02,8.900000000000000000e+02,8.910000000000000000e+02,8.920000000000000000e+02,8.930000000000000000e+02,8.940000000000000000e+02,8.950000000000000000e+02,8.960000000000000000e+02,8.970000000000000000e+02,8.980000000000000000e+02,8.990000000000000000e+02,9.000000000000000000e+02,9.010000000000000000e+02,9.020000000000000000e+02,9.030000000000000000e+02,9.040000000000000000e+02,9.050000000000000000e+02,9.060000000000000000e+02,9.070000000000000000e+02,9.080000000000000000e+02,9.090000000000000000e+02,9.100000000000000000e+02,9.110000000000000000e+02,9.120000000000000000e+02,9.130000000000000000e+02,9.140000000000000000e+02,9.150000000000000000e+02,9.160000000000000000e+02,9.170000000000000000e+02,9.180000000000000000e+02,9.190000000000000000e+02,9.200000000000000000e+02,9.210000000000000000e+02,9.220000000000000000e+02,9.230000000000000000e+02,9.240000000000000000e+02,9.250000000000000000e+02,9.260000000000000000e+02,9.270000000000000000e+02,9.280000000000000000e+02,9.290000000000000000e+02,9.300000000000000000e+02,9.310000000000000000e+02,9.320000000000000000e+02,9.330000000000000000e+02,9.340000000000000000e+02,9.350000000000000000e+02,9.360000000000000000e+02,9.370000000000000000e+02,9.380000000000000000e+02,9.390000000000000000e+02,9.400000000000000000e+02,9.410000000000000000e+02,9.420000000000000000e+02,9.430000000000000000e+02,9.440000000000000000e+02,9.450000000000000000e+02,9.460000000000000000e+02,9.470000000000000000e+02,9.480000000000000000e+02,9.490000000000000000e+02,9.500000000000000000e+02,9.510000000000000000e+02,9.520000000000000000e+02,9.530000000000000000e+02,9.540000000000000000e+02,9.550000000000000000e+02,9.560000000000000000e+02,9.570000000000000000e+02,9.580000000000000000e+02,9.590000000000000000e+02,9.600000000000000000e+02,9.610000000000000000e+02,9.620000000000000000e+02,9.630000000000000000e+02,9.640000000000000000e+02,9.650000000000000000e+02,9.660000000000000000e+02,9.670000000000000000e+02,9.680000000000000000e+02,9.690000000000000000e+02,9.700000000000000000e+02,9.710000000000000000e+02,9.720000000000000000e+02,9.730000000000000000e+02,9.740000000000000000e+02,9.750000000000000000e+02,9.760000000000000000e+02,9.770000000000000000e+02,9.780000000000000000e+02,9.790000000000000000e+02,9.800000000000000000e+02,9.810000000000000000e+02,9.820000000000000000e+02,9.830000000000000000e+02,9.840000000000000000e+02,9.850000000000000000e+02,9.860000000000000000e+02,9.870000000000000000e+02,9.880000000000000000e+02,9.890000000000000000e+02,9.900000000000000000e+02,9.910000000000000000e+02,9.920000000000000000e+02,9.930000000000000000e+02,9.940000000000000000e+02,9.950000000000000000e+02,9.960000000000000000e+02,9.970000000000000000e+02,9.980000000000000000e+02,9.990000000000000000e+02,1.000000000000000000e+03,1.001000000000000000e+03,1.002000000000000000e+03,1.003000000000000000e+03,1.004000000000000000e+03,1.005000000000000000e+03,1.006000000000000000e+03,8.610000000000000000e+02,8.620000000000000000e+02,8.630000000000000000e+02,8.640000000000000000e+02,8.650000000000000000e+02,8.660000000000000000e+02,8.670000000000000000e+02,8.680000000000000000e+02,8.690000000000000000e+02,8.700000000000000000e+02,8.710000000000000000e+02,8.720000000000000000e+02,8.730000000000000000e+02,8.740000000000000000e+02,8.750000000000000000e+02,8.760000000000000000e+02,8.770000000000000000e+02,8.780000000000000000e+02,8.790000000000000000e+02,8.800000000000000000e+02,8.810000000000000000e+02,8.820000000000000000e+02,8.830000000000000000e+02,8.840000000000000000e+02,8.850000000000000000e+02,8.860000000000000000e+02,8.870000000000000000e+02,8.880000000000000000e+02,8.890000000000000000e+02,8.900000000000000000e+02,8.910000000000000000e+02,8.920000000000000000e+02,8.930000000000000000e+02,8.940000000000000000e+02,8.950000000000000000e+02,8.960000000000000000e+02,8.970000000000000000e+02,8.980000000000000000e+02,8.990000000000000000e+02,9.000000000000000000e+02,9.010000000000000000e+02,9.020000000000000000e+02,9.030000000000000000e+02,9.040000000000000000e+02,9.050000000000000000e+02,9.060000000000000000e+02,9.070000000000000000e+02,9.080000000000000000e+02,9.090000000000000000e+02,9.100000000000000000e+02,9.110000000000000000e+02,9.120000000000000000e+02,9.130000000000000000e+02,9.140000000000000000e+02,9.150000000000000000e+02,9.160000000000000000e+02,9.170000000000000000e+02,9.180000000000000000e+02,9.190000000000000000e+02,9.200000000000000000e+02,9.210000000000000000e+02,9.220000000000000000e+02,9.230000000000000000e+02,9.240000000000000000e+02,9.250000000000000000e+02,9.260000000000000000e+02,9.270000000000000000e+02,9.280000000000000000e+02,9.290000000000000000e+02,9.300000000000000000e+02,9.310000000000000000e+02,9.320000000000000000e+02,9.330000000000000000e+02,9.340000000000000000e+02,9.350000000000000000e+02,9.360000000000000000e+02,9.370000000000000000e+02,9.380000000000000000e+02,9.390000000000000000e+02,9.400000000000000000e+02,9.410000000000000000e+02,9.420000000000000000e+02,9.430000000000000000e+02,9.440000000000000000e+02,9.450000000000000000e+02,9.460000000000000000e+02,9.470000000000000000e+02,9.480000000000000000e+02,9.490000000000000000e+02,9.500000000000000000e+02,9.510000000000000000e+02,9.520000000000000000e+02,9.530000000000000000e+02,9.540000000000000000e+02,9.550000000000000000e+02,9.560000000000000000e+02,9.570000000000000000e+02,9.580000000000000000e+02,9.590000000000000000e+02,9.600000000000000000e+02,9.610000000000000000e+02,9.620000000000000000e+02,9.630000000000000000e+02,9.640000000000000000e+02,9.650000000000000000e+02,9.660000000000000000e+02,9.670000000000000000e+02,9.680000000000000000e+02,9.690000000000000000e+02,9.700000000000000000e+02,9.710000000000000000e+02,9.720000000000000000e+02,9.730000000000000000e+02,9.740000000000000000e+02,9.750000000000000000e+02,9.760000000000000000e+02,9.770000000000000000e+02,9.780000000000000000e+02,9.790000000000000000e+02,9.800000000000000000e+02,9.810000000000000000e+02,9.820000000000000000e+02,9.830000000000000000e+02,9.840000000000000000e+02,9.850000000000000000e+02,9.860000000000000000e+02,9.870000000000000000e+02,9.880000000000000000e+02,9.890000000000000000e+02,9.900000000000000000e+02,9.910000000000000000e+02,9.920000000000000000e+02,9.930000000000000000e+02,9.940000000000000000e+02,9.950000000000000000e+02,9.960000000000000000e+02,9.970000000000000000e+02,9.980000000000000000e+02,9.990000000000000000e+02,1.000000000000000000e+03,1.001000000000000000e+03,1.002000000000000000e+03,1.003000000000000000e+03,1.004000000000000000e+03,1.005000000000000000e+03,1.006000000000000000e+03,8.610000000000000000e+02,8.620000000000000000e+02,8.630000000000000000e+02,8.640000000000000000e+02,8.650000000000000000e+02,8.660000000000000000e+02,8.670000000000000000e+02,8.680000000000000000e+02,8.690000000000000000e+02,8.700000000000000000e+02,8.710000000000000000e+02,8.720000000000000000e+02,8.730000000000000000e+02,8.740000000000000000e+02,8.750000000000000000e+02,8.760000000000000000e+02,8.770000000000000000e+02,8.780000000000000000e+02,8.790000000000000000e+02,8.800000000000000000e+02,8.810000000000000000e+02,8.820000000000000000e+02,8.830000000000000000e+02,8.840000000000000000e+02,8.850000000000000000e+02,8.860000000000000000e+02,8.870000000000000000e+02,8.880000000000000000e+02,8.890000000000000000e+02,8.900000000000000000e+02,8.910000000000000000e+02,8.920000000000000000e+02,8.930000000000000000e+02,8.940000000000000000e+02,8.950000000000000000e+02,8.960000000000000000e+02,8.970000000000000000e+02,8.980000000000000000e+02,8.990000000000000000e+02,9.000000000000000000e+02,9.010000000000000000e+02,9.020000000000000000e+02,9.030000000000000000e+02,9.040000000000000000e+02,9.050000000000000000e+02,9.060000000000000000e+02,9.070000000000000000e+02,9.080000000000000000e+02,9.090000000000000000e+02,9.100000000000000000e+02,9.110000000000000000e+02,9.120000000000000000e+02,9.130000000000000000e+02,9.140000000000000000e+02,9.150000000000000000e+02,9.160000000000000000e+02,9.170000000000000000e+02,9.180000000000000000e+02,9.190000000000000000e+02,9.200000000000000000e+02,9.210000000000000000e+02,9.220000000000000000e+02,9.230000000000000000e+02,9.240000000000000000e+02,9.250000000000000000e+02,9.260000000000000000e+02,9.270000000000000000e+02,9.280000000000000000e+02,9.290000000000000000e+02,9.300000000000000000e+02,9.310000000000000000e+02,9.320000000000000000e+02,9.330000000000000000e+02,9.340000000000000000e+02,9.350000000000000000e+02,9.360000000000000000e+02,9.370000000000000000e+02,9.380000000000000000e+02,9.390000000000000000e+02,9.400000000000000000e+02,9.410000000000000000e+02,9.420000000000000000e+02,9.430000000000000000e+02,9.440000000000000000e+02,9.450000000000000000e+02,9.460000000000000000e+02,9.470000000000000000e+02,9.480000000000000000e+02,9.490000000000000000e+02,9.500000000000000000e+02,9.510000000000000000e+02,9.520000000000000000e+02,9.530000000000000000e+02,9.540000000000000000e+02,9.550000000000000000e+02,9.560000000000000000e+02,9.570000000000000000e+02,9.580000000000000000e+02,9.590000000000000000e+02,9.600000000000000000e+02,9.610000000000000000e+02,9.620000000000000000e+02,9.630000000000000000e+02,9.640000000000000000e+02,9.650000000000000000e+02,9.660000000000000000e+02,9.670000000000000000e+02,9.680000000000000000e+02,9.690000000000000000e+02,9.700000000000000000e+02,9.710000000000000000e+02,9.720000000000000000e+02,9.730000000000000000e+02,9.740000000000000000e+02,9.750000000000000000e+02,9.760000000000000000e+02,9.770000000000000000e+02,9.780000000000000000e+02,9.790000000000000000e+02,9.800000000000000000e+02,9.810000000000000000e+02,9.820000000000000000e+02,9.830000000000000000e+02,9.840000000000000000e+02,9.850000000000000000e+02,9.860000000000000000e+02,9.870000000000000000e+02,9.880000000000000000e+02,9.890000000000000000e+02,9.900000000000000000e+02,9.910000000000000000e+02,9.920000000000000000e+02,9.930000000000000000e+02,9.940000000000000000e+02,9.950000000000000000e+02,9.960000000000000000e+02,9.970000000000000000e+02,9.980000000000000000e+02,9.990000000000000000e+02,1.000000000000000000e+03,1.001000000000000000e+03,1.002000000000000000e+03,1.003000000000000000e+03,1.004000000000000000e+03,1.005000000000000000e+03,1.006000000000000000e+03,8.600000000000000000e+02,8.610000000000000000e+02,8.620000000000000000e+02,8.630000000000000000e+02,8.640000000000000000e+02,8.650000000000000000e+02,8.660000000000000000e+02,8.670000000000000000e+02,8.680000000000000000e+02,8.690000000000000000e+02,8.700000000000000000e+02,8.710000000000000000e+02,8.720000000000000000e+02,8.730000000000000000e+02,8.740000000000000000e+02,8.750000000000000000e+02,8.760000000000000000e+02,8.770000000000000000e+02,8.780000000000000000e+02,8.790000000000000000e+02,8.800000000000000000e+02,8.810000000000000000e+02,8.820000000000000000e+02,8.830000000000000000e+02,8.840000000000000000e+02,8.850000000000000000e+02,8.860000000000000000e+02,8.870000000000000000e+02,8.880000000000000000e+02,8.890000000000000000e+02,8.900000000000000000e+02,8.910000000000000000e+02,8.920000000000000000e+02,8.930000000000000000e+02,8.940000000000000000e+02,8.950000000000000000e+02,8.960000000000000000e+02,8.970000000000000000e+02,8.980000000000000000e+02,8.990000000000000000e+02,9.000000000000000000e+02,9.010000000000000000e+02,9.020000000000000000e+02,9.030000000000000000e+02,9.040000000000000000e+02,9.050000000000000000e+02,9.060000000000000000e+02,9.070000000000000000e+02,9.080000000000000000e+02,9.090000000000000000e+02,9.100000000000000000e+02,9.110000000000000000e+02,9.120000000000000000e+02,9.130000000000000000e+02,9.140000000000000000e+02,9.150000000000000000e+02,9.160000000000000000e+02,9.170000000000000000e+02,9.180000000000000000e+02,9.190000000000000000e+02,9.200000000000000000e+02,9.210000000000000000e+02,9.220000000000000000e+02,9.230000000000000000e+02,9.240000000000000000e+02,9.250000000000000000e+02,9.260000000000000000e+02,9.270000000000000000e+02,9.280000000000000000e+02,9.290000000000000000e+02,9.300000000000000000e+02,9.310000000000000000e+02,9.320000000000000000e+02,9.330000000000000000e+02,9.340000000000000000e+02,9.350000000000000000e+02,9.360000000000000000e+02,9.370000000000000000e+02,9.380000000000000000e+02,9.390000000000000000e+02,9.400000000000000000e+02,9.410000000000000000e+02,9.420000000000000000e+02,9.430000000000000000e+02,9.440000000000000000e+02,9.450000000000000000e+02,9.460000000000000000e+02,9.470000000000000000e+02,9.480000000000000000e+02,9.490000000000000000e+02,9.500000000000000000e+02,9.510000000000000000e+02,9.520000000000000000e+02,9.530000000000000000e+02,9.540000000000000000e+02,9.550000000000000000e+02,9.560000000000000000e+02,9.570000000000000000e+02,9.580000000000000000e+02,9.590000000000000000e+02,9.600000000000000000e+02,9.610000000000000000e+02,9.620000000000000000e+02,9.630000000000000000e+02,9.640000000000000000e+02,9.650000000000000000e+02,9.660000000000000000e+02,9.670000000000000000e+02,9.680000000000000000e+02,9.690000000000000000e+02,9.700000000000000000e+02,9.710000000000000000e+02,9.720000000000000000e+02,9.730000000000000000e+02,9.740000000000000000e+02,9.750000000000000000e+02,9.760000000000000000e+02,9.770000000000000000e+02,9.780000000000000000e+02,9.790000000000000000e+02,9.800000000000000000e+02,9.810000000000000000e+02,9.820000000000000000e+02,9.830000000000000000e+02,9.840000000000000000e+02,9.850000000000000000e+02,9.860000000000000000e+02,9.870000000000000000e+02,9.880000000000000000e+02,9.890000000000000000e+02,9.900000000000000000e+02,9.910000000000000000e+02,9.920000000000000000e+02,9.930000000000000000e+02,9.940000000000000000e+02,9.950000000000000000e+02,9.960000000000000000e+02,9.970000000000000000e+02,9.980000000000000000e+02,9.990000000000000000e+02,1.000000000000000000e+03,1.001000000000000000e+03,1.002000000000000000e+03,1.003000000000000000e+03,1.004000000000000000e+03,1.005000000000000000e+03,8.600000000000000000e+02,8.610000000000000000e+02,8.620000000000000000e+02,8.630000000000000000e+02,8.640000000000000000e+02,8.650000000000000000e+02,8.660000000000000000e+02,8.670000000000000000e+02,8.680000000000000000e+02,8.690000000000000000e+02,8.700000000000000000e+02,8.710000000000000000e+02,8.720000000000000000e+02,8.730000000000000000e+02,8.740000000000000000e+02,8.750000000000000000e+02,8.760000000000000000e+02,8.770000000000000000e+02,8.780000000000000000e+02,8.790000000000000000e+02,8.800000000000000000e+02,8.810000000000000000e+02,8.820000000000000000e+02,8.830000000000000000e+02,8.840000000000000000e+02,8.850000000000000000e+02,8.860000000000000000e+02,8.870000000000000000e+02,8.880000000000000000e+02,8.890000000000000000e+02,8.900000000000000000e+02,8.910000000000000000e+02,8.920000000000000000e+02,8.930000000000000000e+02,8.940000000000000000e+02,8.950000000000000000e+02,8.960000000000000000e+02,8.970000000000000000e+02,8.980000000000000000e+02,8.990000000000000000e+02,9.000000000000000000e+02,9.010000000000000000e+02,9.020000000000000000e+02,9.030000000000000000e+02,9.040000000000000000e+02,9.050000000000000000e+02,9.060000000000000000e+02,9.070000000000000000e+02,9.080000000000000000e+02,9.090000000000000000e+02,9.100000000000000000e+02,9.110000000000000000e+02,9.120000000000000000e+02,9.130000000000000000e+02,9.140000000000000000e+02,9.150000000000000000e+02,9.160000000000000000e+02,9.170000000000000000e+02,9.180000000000000000e+02,9.190000000000000000e+02,9.200000000000000000e+02,9.210000000000000000e+02,9.220000000000000000e+02,9.230000000000000000e+02,9.240000000000000000e+02,9.250000000000000000e+02,9.260000000000000000e+02,9.270000000000000000e+02,9.280000000000000000e+02,9.290000000000000000e+02,9.300000000000000000e+02,9.310000000000000000e+02,9.320000000000000000e+02,9.330000000000000000e+02,9.340000000000000000e+02,9.350000000000000000e+02,9.360000000000000000e+02,9.370000000000000000e+02,9.380000000000000000e+02,9.390000000000000000e+02,9.400000000000000000e+02,9.410000000000000000e+02,9.420000000000000000e+02,9.430000000000000000e+02,9.440000000000000000e+02,9.450000000000000000e+02,9.460000000000000000e+02,9.470000000000000000e+02,9.480000000000000000e+02,9.490000000000000000e+02,9.500000000000000000e+02,9.510000000000000000e+02,9.520000000000000000e+02,9.530000000000000000e+02,9.540000000000000000e+02,9.550000000000000000e+02,9.560000000000000000e+02,9.570000000000000000e+02,9.580000000000000000e+02,9.590000000000000000e+02,9.600000000000000000e+02,9.610000000000000000e+02,9.620000000000000000e+02,9.630000000000000000e+02,9.640000000000000000e+02,9.650000000000000000e+02,9.660000000000000000e+02,9.670000000000000000e+02,9.680000000000000000e+02,9.690000000000000000e+02,9.700000000000000000e+02,9.710000000000000000e+02,9.720000000000000000e+02,9.730000000000000000e+02,9.740000000000000000e+02,9.750000000000000000e+02,9.760000000000000000e+02,9.770000000000000000e+02,9.780000000000000000e+02,9.790000000000000000e+02,9.800000000000000000e+02,9.810000000000000000e+02,9.820000000000000000e+02,9.830000000000000000e+02,9.840000000000000000e+02,9.850000000000000000e+02,9.860000000000000000e+02,9.870000000000000000e+02,9.880000000000000000e+02,9.890000000000000000e+02,9.900000000000000000e+02,9.910000000000000000e+02,9.920000000000000000e+02,9.930000000000000000e+02,9.940000000000000000e+02,9.950000000000000000e+02,9.960000000000000000e+02,9.970000000000000000e+02,9.980000000000000000e+02,9.990000000000000000e+02,1.000000000000000000e+03,1.001000000000000000e+03,1.002000000000000000e+03,1.003000000000000000e+03,1.004000000000000000e+03,1.005000000000000000e+03,8.600000000000000000e+02,8.610000000000000000e+02,8.620000000000000000e+02,8.630000000000000000e+02,8.640000000000000000e+02,8.650000000000000000e+02,8.660000000000000000e+02,8.670000000000000000e+02,8.680000000000000000e+02,8.690000000000000000e+02,8.700000000000000000e+02,8.710000000000000000e+02,8.720000000000000000e+02,8.730000000000000000e+02,8.740000000000000000e+02,8.750000000000000000e+02,8.760000000000000000e+02,8.770000000000000000e+02,8.780000000000000000e+02,8.790000000000000000e+02,8.800000000000000000e+02,8.810000000000000000e+02,8.820000000000000000e+02,8.830000000000000000e+02,8.840000000000000000e+02,8.850000000000000000e+02,8.860000000000000000e+02,8.870000000000000000e+02,8.880000000000000000e+02,8.890000000000000000e+02,8.900000000000000000e+02,8.910000000000000000e+02,8.920000000000000000e+02,8.930000000000000000e+02,8.940000000000000000e+02,8.950000000000000000e+02,8.960000000000000000e+02,8.970000000000000000e+02,8.980000000000000000e+02,8.990000000000000000e+02,9.000000000000000000e+02,9.010000000000000000e+02,9.020000000000000000e+02,9.030000000000000000e+02,9.040000000000000000e+02,9.050000000000000000e+02,9.060000000000000000e+02,9.070000000000000000e+02,9.080000000000000000e+02,9.090000000000000000e+02,9.100000000000000000e+02,9.110000000000000000e+02,9.120000000000000000e+02,9.130000000000000000e+02,9.140000000000000000e+02,9.150000000000000000e+02,9.160000000000000000e+02,9.170000000000000000e+02,9.180000000000000000e+02,9.190000000000000000e+02,9.200000000000000000e+02,9.210000000000000000e+02,9.220000000000000000e+02,9.230000000000000000e+02,9.240000000000000000e+02,9.250000000000000000e+02,9.260000000000000000e+02,9.270000000000000000e+02,9.280000000000000000e+02,9.290000000000000000e+02,9.300000000000000000e+02,9.310000000000000000e+02,9.320000000000000000e+02,9.330000000000000000e+02,9.340000000000000000e+02,9.350000000000000000e+02,9.360000000000000000e+02,9.370000000000000000e+02,9.380000000000000000e+02,9.390000000000000000e+02,9.400000000000000000e+02,9.410000000000000000e+02,9.420000000000000000e+02,9.430000000000000000e+02,9.440000000000000000e+02,9.450000000000000000e+02,9.460000000000000000e+02,9.470000000000000000e+02,9.480000000000000000e+02,9.490000000000000000e+02,9.500000000000000000e+02,9.510000000000000000e+02,9.520000000000000000e+02,9.530000000000000000e+02,9.540000000000000000e+02,9.550000000000000000e+02,9.560000000000000000e+02,9.570000000000000000e+02,9.580000000000000000e+02,9.590000000000000000e+02,9.600000000000000000e+02,9.610000000000000000e+02,9.620000000000000000e+02,9.630000000000000000e+02,9.640000000000000000e+02,9.650000000000000000e+02,9.660000000000000000e+02,9.670000000000000000e+02,9.680000000000000000e+02,9.690000000000000000e+02,9.700000000000000000e+02,9.710000000000000000e+02,9.720000000000000000e+02,9.730000000000000000e+02,9.740000000000000000e+02,9.750000000000000000e+02,9.760000000000000000e+02,9.770000000000000000e+02,9.780000000000000000e+02,9.790000000000000000e+02,9.800000000000000000e+02,9.810000000000000000e+02,9.820000000000000000e+02,9.830000000000000000e+02,9.840000000000000000e+02,9.850000000000000000e+02,9.860000000000000000e+02,9.870000000000000000e+02,9.880000000000000000e+02,9.890000000000000000e+02,9.900000000000000000e+02,9.910000000000000000e+02,9.920000000000000000e+02,9.930000000000000000e+02,9.940000000000000000e+02,9.950000000000000000e+02,9.960000000000000000e+02,9.970000000000000000e+02,9.980000000000000000e+02,9.990000000000000000e+02,1.000000000000000000e+03,1.001000000000000000e+03,1.002000000000000000e+03,1.003000000000000000e+03,1.004000000000000000e+03,1.005000000000000000e+03,8.590000000000000000e+02,8.600000000000000000e+02,8.610000000000000000e+02,8.620000000000000000e+02,8.630000000000000000e+02,8.640000000000000000e+02,8.650000000000000000e+02,8.660000000000000000e+02,8.670000000000000000e+02,8.680000000000000000e+02,8.690000000000000000e+02,8.700000000000000000e+02,8.710000000000000000e+02,8.720000000000000000e+02,8.730000000000000000e+02,8.740000000000000000e+02,8.750000000000000000e+02,8.760000000000000000e+02,8.770000000000000000e+02,8.780000000000000000e+02,8.790000000000000000e+02,8.800000000000000000e+02,8.810000000000000000e+02,8.820000000000000000e+02,8.830000000000000000e+02,8.840000000000000000e+02,8.850000000000000000e+02,8.860000000000000000e+02,8.870000000000000000e+02,8.880000000000000000e+02,8.890000000000000000e+02,8.900000000000000000e+02,8.910000000000000000e+02,8.920000000000000000e+02,8.930000000000000000e+02,8.940000000000000000e+02,8.950000000000000000e+02,8.960000000000000000e+02,8.970000000000000000e+02,8.980000000000000000e+02,8.990000000000000000e+02,9.000000000000000000e+02,9.010000000000000000e+02,9.020000000000000000e+02,9.030000000000000000e+02,9.040000000000000000e+02,9.050000000000000000e+02,9.060000000000000000e+02,9.070000000000000000e+02,9.080000000000000000e+02,9.090000000000000000e+02,9.100000000000000000e+02,9.110000000000000000e+02,9.120000000000000000e+02,9.130000000000000000e+02,9.140000000000000000e+02,9.150000000000000000e+02,9.160000000000000000e+02,9.170000000000000000e+02,9.180000000000000000e+02,9.190000000000000000e+02,9.200000000000000000e+02,9.210000000000000000e+02,9.220000000000000000e+02,9.230000000000000000e+02,9.240000000000000000e+02,9.250000000000000000e+02,9.260000000000000000e+02,9.270000000000000000e+02,9.280000000000000000e+02,9.290000000000000000e+02,9.300000000000000000e+02,9.310000000000000000e+02,9.320000000000000000e+02,9.330000000000000000e+02,9.340000000000000000e+02,9.350000000000000000e+02,9.360000000000000000e+02,9.370000000000000000e+02,9.380000000000000000e+02,9.390000000000000000e+02,9.400000000000000000e+02,9.410000000000000000e+02,9.420000000000000000e+02,9.430000000000000000e+02,9.440000000000000000e+02,9.450000000000000000e+02,9.460000000000000000e+02,9.470000000000000000e+02,9.480000000000000000e+02,9.490000000000000000e+02,9.500000000000000000e+02,9.510000000000000000e+02,9.520000000000000000e+02,9.530000000000000000e+02,9.540000000000000000e+02,9.550000000000000000e+02,9.560000000000000000e+02,9.570000000000000000e+02,9.580000000000000000e+02,9.590000000000000000e+02,9.600000000000000000e+02,9.610000000000000000e+02,9.620000000000000000e+02,9.630000000000000000e+02,9.640000000000000000e+02,9.650000000000000000e+02,9.660000000000000000e+02,9.670000000000000000e+02,9.680000000000000000e+02,9.690000000000000000e+02,9.700000000000000000e+02,9.710000000000000000e+02,9.720000000000000000e+02,9.730000000000000000e+02,9.740000000000000000e+02,9.750000000000000000e+02,9.760000000000000000e+02,9.770000000000000000e+02,9.780000000000000000e+02,9.790000000000000000e+02,9.800000000000000000e+02,9.810000000000000000e+02,9.820000000000000000e+02,9.830000000000000000e+02,9.840000000000000000e+02,9.850000000000000000e+02,9.860000000000000000e+02,9.870000000000000000e+02,9.880000000000000000e+02,9.890000000000000000e+02,9.900000000000000000e+02,9.910000000000000000e+02,9.920000000000000000e+02,9.930000000000000000e+02,9.940000000000000000e+02,9.950000000000000000e+02,9.960000000000000000e+02,9.970000000000000000e+02,9.980000000000000000e+02,9.990000000000000000e+02,1.000000000000000000e+03,1.001000000000000000e+03,1.002000000000000000e+03,1.003000000000000000e+03,1.004000000000000000e+03,1.005000000000000000e+03,8.590000000000000000e+02,8.600000000000000000e+02,8.610000000000000000e+02,8.620000000000000000e+02,8.630000000000000000e+02,8.640000000000000000e+02,8.650000000000000000e+02,8.660000000000000000e+02,8.670000000000000000e+02,8.680000000000000000e+02,8.690000000000000000e+02,8.700000000000000000e+02,8.710000000000000000e+02,8.720000000000000000e+02,8.730000000000000000e+02,8.740000000000000000e+02,8.750000000000000000e+02,8.760000000000000000e+02,8.770000000000000000e+02,8.780000000000000000e+02,8.790000000000000000e+02,8.800000000000000000e+02,8.810000000000000000e+02,8.820000000000000000e+02,8.830000000000000000e+02,8.840000000000000000e+02,8.850000000000000000e+02,8.860000000000000000e+02,8.870000000000000000e+02,8.880000000000000000e+02,8.890000000000000000e+02,8.900000000000000000e+02,8.910000000000000000e+02,8.920000000000000000e+02,8.930000000000000000e+02,8.940000000000000000e+02,8.950000000000000000e+02,8.960000000000000000e+02,8.970000000000000000e+02,8.980000000000000000e+02,8.990000000000000000e+02,9.000000000000000000e+02,9.010000000000000000e+02,9.020000000000000000e+02,9.030000000000000000e+02,9.040000000000000000e+02,9.050000000000000000e+02,9.060000000000000000e+02,9.070000000000000000e+02,9.080000000000000000e+02,9.090000000000000000e+02,9.100000000000000000e+02,9.110000000000000000e+02,9.120000000000000000e+02,9.130000000000000000e+02,9.140000000000000000e+02,9.150000000000000000e+02,9.160000000000000000e+02,9.170000000000000000e+02,9.180000000000000000e+02,9.190000000000000000e+02,9.200000000000000000e+02,9.210000000000000000e+02,9.220000000000000000e+02,9.230000000000000000e+02,9.240000000000000000e+02,9.250000000000000000e+02,9.260000000000000000e+02,9.270000000000000000e+02,9.280000000000000000e+02,9.290000000000000000e+02,9.300000000000000000e+02,9.310000000000000000e+02,9.320000000000000000e+02,9.330000000000000000e+02,9.340000000000000000e+02,9.350000000000000000e+02,9.360000000000000000e+02,9.370000000000000000e+02,9.380000000000000000e+02,9.390000000000000000e+02,9.400000000000000000e+02,9.410000000000000000e+02,9.420000000000000000e+02,9.430000000000000000e+02,9.440000000000000000e+02,9.450000000000000000e+02,9.460000000000000000e+02,9.470000000000000000e+02,9.480000000000000000e+02,9.490000000000000000e+02,9.500000000000000000e+02,9.510000000000000000e+02,9.520000000000000000e+02,9.530000000000000000e+02,9.540000000000000000e+02,9.550000000000000000e+02,9.560000000000000000e+02,9.570000000000000000e+02,9.580000000000000000e+02,9.590000000000000000e+02,9.600000000000000000e+02,9.610000000000000000e+02,9.620000000000000000e+02,9.630000000000000000e+02,9.640000000000000000e+02,9.650000000000000000e+02,9.660000000000000000e+02,9.670000000000000000e+02,9.680000000000000000e+02,9.690000000000000000e+02,9.700000000000000000e+02,9.710000000000000000e+02,9.720000000000000000e+02,9.730000000000000000e+02,9.740000000000000000e+02,9.750000000000000000e+02,9.760000000000000000e+02,9.770000000000000000e+02,9.780000000000000000e+02,9.790000000000000000e+02,9.800000000000000000e+02,9.810000000000000000e+02,9.820000000000000000e+02,9.830000000000000000e+02,9.840000000000000000e+02,9.850000000000000000e+02,9.860000000000000000e+02,9.870000000000000000e+02,9.880000000000000000e+02,9.890000000000000000e+02,9.900000000000000000e+02,9.910000000000000000e+02,9.920000000000000000e+02,9.930000000000000000e+02,9.940000000000000000e+02,9.950000000000000000e+02,9.960000000000000000e+02,9.970000000000000000e+02,9.980000000000000000e+02,9.990000000000000000e+02,1.000000000000000000e+03,1.001000000000000000e+03,1.002000000000000000e+03,1.003000000000000000e+03,1.004000000000000000e+03,1.005000000000000000e+03,8.590000000000000000e+02,8.600000000000000000e+02,8.610000000000000000e+02,8.620000000000000000e+02,8.630000000000000000e+02,8.640000000000000000e+02,8.650000000000000000e+02,8.660000000000000000e+02,8.670000000000000000e+02,8.680000000000000000e+02,8.690000000000000000e+02,8.700000000000000000e+02,8.710000000000000000e+02,8.720000000000000000e+02,8.730000000000000000e+02,8.740000000000000000e+02,8.750000000000000000e+02,8.760000000000000000e+02,8.770000000000000000e+02,8.780000000000000000e+02,8.790000000000000000e+02,8.800000000000000000e+02,8.810000000000000000e+02,8.820000000000000000e+02,8.830000000000000000e+02,8.840000000000000000e+02,8.850000000000000000e+02,8.860000000000000000e+02,8.870000000000000000e+02,8.880000000000000000e+02,8.890000000000000000e+02,8.900000000000000000e+02,8.910000000000000000e+02,8.920000000000000000e+02,8.930000000000000000e+02,8.940000000000000000e+02,8.950000000000000000e+02,8.960000000000000000e+02,8.970000000000000000e+02,8.980000000000000000e+02,8.990000000000000000e+02,9.000000000000000000e+02,9.010000000000000000e+02,9.020000000000000000e+02,9.030000000000000000e+02,9.040000000000000000e+02,9.050000000000000000e+02,9.060000000000000000e+02,9.070000000000000000e+02,9.080000000000000000e+02,9.090000000000000000e+02,9.100000000000000000e+02,9.110000000000000000e+02,9.120000000000000000e+02,9.130000000000000000e+02,9.140000000000000000e+02,9.150000000000000000e+02,9.160000000000000000e+02,9.170000000000000000e+02,9.180000000000000000e+02,9.190000000000000000e+02,9.200000000000000000e+02,9.210000000000000000e+02,9.220000000000000000e+02,9.230000000000000000e+02,9.240000000000000000e+02,9.250000000000000000e+02,9.260000000000000000e+02,9.270000000000000000e+02,9.280000000000000000e+02,9.290000000000000000e+02,9.300000000000000000e+02,9.310000000000000000e+02,9.320000000000000000e+02,9.330000000000000000e+02,9.340000000000000000e+02,9.350000000000000000e+02,9.360000000000000000e+02,9.370000000000000000e+02,9.380000000000000000e+02,9.390000000000000000e+02,9.400000000000000000e+02,9.410000000000000000e+02,9.420000000000000000e+02,9.430000000000000000e+02,9.440000000000000000e+02,9.450000000000000000e+02,9.460000000000000000e+02,9.470000000000000000e+02,9.480000000000000000e+02,9.490000000000000000e+02,9.500000000000000000e+02,9.510000000000000000e+02,9.520000000000000000e+02,9.530000000000000000e+02,9.540000000000000000e+02,9.550000000000000000e+02,9.560000000000000000e+02,9.570000000000000000e+02,9.580000000000000000e+02,9.590000000000000000e+02,9.600000000000000000e+02,9.610000000000000000e+02,9.620000000000000000e+02,9.630000000000000000e+02,9.640000000000000000e+02,9.650000000000000000e+02,9.660000000000000000e+02,9.670000000000000000e+02,9.680000000000000000e+02,9.690000000000000000e+02,9.700000000000000000e+02,9.710000000000000000e+02,9.720000000000000000e+02,9.730000000000000000e+02,9.740000000000000000e+02,9.750000000000000000e+02,9.760000000000000000e+02,9.770000000000000000e+02,9.780000000000000000e+02,9.790000000000000000e+02,9.800000000000000000e+02,9.810000000000000000e+02,9.820000000000000000e+02,9.830000000000000000e+02,9.840000000000000000e+02,9.850000000000000000e+02,9.860000000000000000e+02,9.870000000000000000e+02,9.880000000000000000e+02,9.890000000000000000e+02,9.900000000000000000e+02,9.910000000000000000e+02,9.920000000000000000e+02,9.930000000000000000e+02,9.940000000000000000e+02,9.950000000000000000e+02,9.960000000000000000e+02,9.970000000000000000e+02,9.980000000000000000e+02,9.990000000000000000e+02,1.000000000000000000e+03,1.001000000000000000e+03,1.002000000000000000e+03,1.003000000000000000e+03,1.004000000000000000e+03,1.005000000000000000e+03,8.590000000000000000e+02,8.600000000000000000e+02,8.610000000000000000e+02,8.620000000000000000e+02,8.630000000000000000e+02,8.640000000000000000e+02,8.650000000000000000e+02,8.660000000000000000e+02,8.670000000000000000e+02,8.680000000000000000e+02,8.690000000000000000e+02,8.700000000000000000e+02,8.710000000000000000e+02,8.720000000000000000e+02,8.730000000000000000e+02,8.740000000000000000e+02,8.750000000000000000e+02,8.760000000000000000e+02,8.770000000000000000e+02,8.780000000000000000e+02,8.790000000000000000e+02,8.800000000000000000e+02,8.810000000000000000e+02,8.820000000000000000e+02,8.830000000000000000e+02,8.840000000000000000e+02,8.850000000000000000e+02,8.860000000000000000e+02,8.870000000000000000e+02,8.880000000000000000e+02,8.890000000000000000e+02,8.900000000000000000e+02,8.910000000000000000e+02,8.920000000000000000e+02,8.930000000000000000e+02,8.940000000000000000e+02,8.950000000000000000e+02,8.960000000000000000e+02,8.970000000000000000e+02,8.980000000000000000e+02,8.990000000000000000e+02,9.000000000000000000e+02,9.010000000000000000e+02,9.020000000000000000e+02,9.030000000000000000e+02,9.040000000000000000e+02,9.050000000000000000e+02,9.060000000000000000e+02,9.070000000000000000e+02,9.080000000000000000e+02,9.090000000000000000e+02,9.100000000000000000e+02,9.110000000000000000e+02,9.120000000000000000e+02,9.130000000000000000e+02,9.140000000000000000e+02,9.150000000000000000e+02,9.160000000000000000e+02,9.170000000000000000e+02,9.180000000000000000e+02,9.190000000000000000e+02,9.200000000000000000e+02,9.210000000000000000e+02,9.220000000000000000e+02,9.230000000000000000e+02,9.240000000000000000e+02,9.250000000000000000e+02,9.260000000000000000e+02,9.270000000000000000e+02,9.280000000000000000e+02,9.290000000000000000e+02,9.300000000000000000e+02,9.310000000000000000e+02,9.320000000000000000e+02,9.330000000000000000e+02,9.340000000000000000e+02,9.350000000000000000e+02,9.360000000000000000e+02,9.370000000000000000e+02,9.380000000000000000e+02,9.390000000000000000e+02,9.400000000000000000e+02,9.410000000000000000e+02,9.420000000000000000e+02,9.430000000000000000e+02,9.440000000000000000e+02,9.450000000000000000e+02,9.460000000000000000e+02,9.470000000000000000e+02,9.480000000000000000e+02,9.490000000000000000e+02,9.500000000000000000e+02,9.510000000000000000e+02,9.520000000000000000e+02,9.530000000000000000e+02,9.540000000000000000e+02,9.550000000000000000e+02,9.560000000000000000e+02,9.570000000000000000e+02,9.580000000000000000e+02,9.590000000000000000e+02,9.600000000000000000e+02,9.610000000000000000e+02,9.620000000000000000e+02,9.630000000000000000e+02,9.640000000000000000e+02,9.650000000000000000e+02,9.660000000000000000e+02,9.670000000000000000e+02,9.680000000000000000e+02,9.690000000000000000e+02,9.700000000000000000e+02,9.710000000000000000e+02,9.720000000000000000e+02,9.730000000000000000e+02,9.740000000000000000e+02,9.750000000000000000e+02,9.760000000000000000e+02,9.770000000000000000e+02,9.780000000000000000e+02,9.790000000000000000e+02,9.800000000000000000e+02,9.810000000000000000e+02,9.820000000000000000e+02,9.830000000000000000e+02,9.840000000000000000e+02,9.850000000000000000e+02,9.860000000000000000e+02,9.870000000000000000e+02,9.880000000000000000e+02,9.890000000000000000e+02,9.900000000000000000e+02,9.910000000000000000e+02,9.920000000000000000e+02,9.930000000000000000e+02,9.940000000000000000e+02,9.950000000000000000e+02,9.960000000000000000e+02,9.970000000000000000e+02,9.980000000000000000e+02,9.990000000000000000e+02,1.000000000000000000e+03,1.001000000000000000e+03,1.002000000000000000e+03,1.003000000000000000e+03,1.004000000000000000e+03,1.005000000000000000e+03,8.590000000000000000e+02,8.600000000000000000e+02,8.610000000000000000e+02,8.620000000000000000e+02,8.630000000000000000e+02,8.640000000000000000e+02,8.650000000000000000e+02,8.660000000000000000e+02,8.670000000000000000e+02,8.680000000000000000e+02,8.690000000000000000e+02,8.700000000000000000e+02,8.710000000000000000e+02,8.720000000000000000e+02,8.730000000000000000e+02,8.740000000000000000e+02,8.750000000000000000e+02,8.760000000000000000e+02,8.770000000000000000e+02,8.780000000000000000e+02,8.790000000000000000e+02,8.800000000000000000e+02,8.810000000000000000e+02,8.820000000000000000e+02,8.830000000000000000e+02,8.840000000000000000e+02,8.850000000000000000e+02,8.860000000000000000e+02,8.870000000000000000e+02,8.880000000000000000e+02,8.890000000000000000e+02,8.900000000000000000e+02,8.910000000000000000e+02,8.920000000000000000e+02,8.930000000000000000e+02,8.940000000000000000e+02,8.950000000000000000e+02,8.960000000000000000e+02,8.970000000000000000e+02,8.980000000000000000e+02,8.990000000000000000e+02,9.000000000000000000e+02,9.010000000000000000e+02,9.020000000000000000e+02,9.030000000000000000e+02,9.040000000000000000e+02,9.050000000000000000e+02,9.060000000000000000e+02,9.070000000000000000e+02,9.080000000000000000e+02,9.090000000000000000e+02,9.100000000000000000e+02,9.110000000000000000e+02,9.120000000000000000e+02,9.130000000000000000e+02,9.140000000000000000e+02,9.150000000000000000e+02,9.160000000000000000e+02,9.170000000000000000e+02,9.180000000000000000e+02,9.190000000000000000e+02,9.200000000000000000e+02,9.210000000000000000e+02,9.220000000000000000e+02,9.230000000000000000e+02,9.240000000000000000e+02,9.250000000000000000e+02,9.260000000000000000e+02,9.270000000000000000e+02,9.280000000000000000e+02,9.290000000000000000e+02,9.300000000000000000e+02,9.310000000000000000e+02,9.320000000000000000e+02,9.330000000000000000e+02,9.340000000000000000e+02,9.350000000000000000e+02,9.360000000000000000e+02,9.370000000000000000e+02,9.380000000000000000e+02,9.390000000000000000e+02,9.400000000000000000e+02,9.410000000000000000e+02,9.420000000000000000e+02,9.430000000000000000e+02,9.440000000000000000e+02,9.450000000000000000e+02,9.460000000000000000e+02,9.470000000000000000e+02,9.480000000000000000e+02,9.490000000000000000e+02,9.500000000000000000e+02,9.510000000000000000e+02,9.520000000000000000e+02,9.530000000000000000e+02,9.540000000000000000e+02,9.550000000000000000e+02,9.560000000000000000e+02,9.570000000000000000e+02,9.580000000000000000e+02,9.590000000000000000e+02,9.600000000000000000e+02,9.610000000000000000e+02,9.620000000000000000e+02,9.630000000000000000e+02,9.640000000000000000e+02,9.650000000000000000e+02,9.660000000000000000e+02,9.670000000000000000e+02,9.680000000000000000e+02,9.690000000000000000e+02,9.700000000000000000e+02,9.710000000000000000e+02,9.720000000000000000e+02,9.730000000000000000e+02,9.740000000000000000e+02,9.750000000000000000e+02,9.760000000000000000e+02,9.770000000000000000e+02,9.780000000000000000e+02,9.790000000000000000e+02,9.800000000000000000e+02,9.810000000000000000e+02,9.820000000000000000e+02,9.830000000000000000e+02,9.840000000000000000e+02,9.850000000000000000e+02,9.860000000000000000e+02,9.870000000000000000e+02,9.880000000000000000e+02,9.890000000000000000e+02,9.900000000000000000e+02,9.910000000000000000e+02,9.920000000000000000e+02,9.930000000000000000e+02,9.940000000000000000e+02,9.950000000000000000e+02,9.960000000000000000e+02,9.970000000000000000e+02,9.980000000000000000e+02,9.990000000000000000e+02,1.000000000000000000e+03,1.001000000000000000e+03,1.002000000000000000e+03,1.003000000000000000e+03,1.004000000000000000e+03,1.005000000000000000e+03,8.580000000000000000e+02,8.590000000000000000e+02,8.600000000000000000e+02,8.610000000000000000e+02,8.620000000000000000e+02,8.630000000000000000e+02,8.640000000000000000e+02,8.650000000000000000e+02,8.660000000000000000e+02,8.670000000000000000e+02,8.680000000000000000e+02,8.690000000000000000e+02,8.700000000000000000e+02,8.710000000000000000e+02,8.720000000000000000e+02,8.730000000000000000e+02,8.740000000000000000e+02,8.750000000000000000e+02,8.760000000000000000e+02,8.770000000000000000e+02,8.780000000000000000e+02,8.790000000000000000e+02,8.800000000000000000e+02,8.810000000000000000e+02,8.820000000000000000e+02,8.830000000000000000e+02,8.840000000000000000e+02,8.850000000000000000e+02,8.860000000000000000e+02,8.870000000000000000e+02,8.880000000000000000e+02,8.890000000000000000e+02,8.900000000000000000e+02,8.910000000000000000e+02,8.920000000000000000e+02,8.930000000000000000e+02,8.940000000000000000e+02,8.950000000000000000e+02,8.960000000000000000e+02,8.970000000000000000e+02,8.980000000000000000e+02,8.990000000000000000e+02,9.000000000000000000e+02,9.010000000000000000e+02,9.020000000000000000e+02,9.030000000000000000e+02,9.040000000000000000e+02,9.050000000000000000e+02,9.060000000000000000e+02,9.070000000000000000e+02,9.080000000000000000e+02,9.090000000000000000e+02,9.100000000000000000e+02,9.110000000000000000e+02,9.120000000000000000e+02,9.130000000000000000e+02,9.140000000000000000e+02,9.150000000000000000e+02,9.160000000000000000e+02,9.170000000000000000e+02,9.180000000000000000e+02,9.190000000000000000e+02,9.200000000000000000e+02,9.210000000000000000e+02,9.220000000000000000e+02,9.230000000000000000e+02,9.240000000000000000e+02,9.250000000000000000e+02,9.260000000000000000e+02,9.270000000000000000e+02,9.280000000000000000e+02,9.290000000000000000e+02,9.300000000000000000e+02,9.310000000000000000e+02,9.320000000000000000e+02,9.330000000000000000e+02,9.340000000000000000e+02,9.350000000000000000e+02,9.360000000000000000e+02,9.370000000000000000e+02,9.380000000000000000e+02,9.390000000000000000e+02,9.400000000000000000e+02,9.410000000000000000e+02,9.420000000000000000e+02,9.430000000000000000e+02,9.440000000000000000e+02,9.450000000000000000e+02,9.460000000000000000e+02,9.470000000000000000e+02,9.480000000000000000e+02,9.490000000000000000e+02,9.500000000000000000e+02,9.510000000000000000e+02,9.520000000000000000e+02,9.530000000000000000e+02,9.540000000000000000e+02,9.550000000000000000e+02,9.560000000000000000e+02,9.570000000000000000e+02,9.580000000000000000e+02,9.590000000000000000e+02,9.600000000000000000e+02,9.610000000000000000e+02,9.620000000000000000e+02,9.630000000000000000e+02,9.640000000000000000e+02,9.650000000000000000e+02,9.660000000000000000e+02,9.670000000000000000e+02,9.680000000000000000e+02,9.690000000000000000e+02,9.700000000000000000e+02,9.710000000000000000e+02,9.720000000000000000e+02,9.730000000000000000e+02,9.740000000000000000e+02,9.750000000000000000e+02,9.760000000000000000e+02,9.770000000000000000e+02,9.780000000000000000e+02,9.790000000000000000e+02,9.800000000000000000e+02,9.810000000000000000e+02,9.820000000000000000e+02,9.830000000000000000e+02,9.840000000000000000e+02,9.850000000000000000e+02,9.860000000000000000e+02,9.870000000000000000e+02,9.880000000000000000e+02,9.890000000000000000e+02,9.900000000000000000e+02,9.910000000000000000e+02,9.920000000000000000e+02,9.930000000000000000e+02,9.940000000000000000e+02,9.950000000000000000e+02,9.960000000000000000e+02,9.970000000000000000e+02,9.980000000000000000e+02,9.990000000000000000e+02,1.000000000000000000e+03,1.001000000000000000e+03,1.002000000000000000e+03,1.003000000000000000e+03,1.004000000000000000e+03,1.005000000000000000e+03,8.580000000000000000e+02,8.590000000000000000e+02,8.600000000000000000e+02,8.610000000000000000e+02,8.620000000000000000e+02,8.630000000000000000e+02,8.640000000000000000e+02,8.650000000000000000e+02,8.660000000000000000e+02,8.670000000000000000e+02,8.680000000000000000e+02,8.690000000000000000e+02,8.700000000000000000e+02,8.710000000000000000e+02,8.720000000000000000e+02,8.730000000000000000e+02,8.740000000000000000e+02,8.750000000000000000e+02,8.760000000000000000e+02,8.770000000000000000e+02,8.780000000000000000e+02,8.790000000000000000e+02,8.800000000000000000e+02,8.810000000000000000e+02,8.820000000000000000e+02,8.830000000000000000e+02,8.840000000000000000e+02,8.850000000000000000e+02,8.860000000000000000e+02,8.870000000000000000e+02,8.880000000000000000e+02,8.890000000000000000e+02,8.900000000000000000e+02,8.910000000000000000e+02,8.920000000000000000e+02,8.930000000000000000e+02,8.940000000000000000e+02,8.950000000000000000e+02,8.960000000000000000e+02,8.970000000000000000e+02,8.980000000000000000e+02,8.990000000000000000e+02,9.000000000000000000e+02,9.010000000000000000e+02,9.020000000000000000e+02,9.030000000000000000e+02,9.040000000000000000e+02,9.050000000000000000e+02,9.060000000000000000e+02,9.070000000000000000e+02,9.080000000000000000e+02,9.090000000000000000e+02,9.100000000000000000e+02,9.110000000000000000e+02,9.120000000000000000e+02,9.130000000000000000e+02,9.140000000000000000e+02,9.150000000000000000e+02,9.160000000000000000e+02,9.170000000000000000e+02,9.180000000000000000e+02,9.190000000000000000e+02,9.200000000000000000e+02,9.210000000000000000e+02,9.220000000000000000e+02,9.230000000000000000e+02,9.240000000000000000e+02,9.250000000000000000e+02,9.260000000000000000e+02,9.270000000000000000e+02,9.280000000000000000e+02,9.290000000000000000e+02,9.300000000000000000e+02,9.310000000000000000e+02,9.320000000000000000e+02,9.330000000000000000e+02,9.340000000000000000e+02,9.350000000000000000e+02,9.360000000000000000e+02,9.370000000000000000e+02,9.380000000000000000e+02,9.390000000000000000e+02,9.400000000000000000e+02,9.410000000000000000e+02,9.420000000000000000e+02,9.430000000000000000e+02,9.440000000000000000e+02,9.450000000000000000e+02,9.460000000000000000e+02,9.470000000000000000e+02,9.480000000000000000e+02,9.490000000000000000e+02,9.500000000000000000e+02,9.510000000000000000e+02,9.520000000000000000e+02,9.530000000000000000e+02,9.540000000000000000e+02,9.550000000000000000e+02,9.560000000000000000e+02,9.570000000000000000e+02,9.580000000000000000e+02,9.590000000000000000e+02,9.600000000000000000e+02,9.610000000000000000e+02,9.620000000000000000e+02,9.630000000000000000e+02,9.640000000000000000e+02,9.650000000000000000e+02,9.660000000000000000e+02,9.670000000000000000e+02,9.680000000000000000e+02,9.690000000000000000e+02,9.700000000000000000e+02,9.710000000000000000e+02,9.720000000000000000e+02,9.730000000000000000e+02,9.740000000000000000e+02,9.750000000000000000e+02,9.760000000000000000e+02,9.770000000000000000e+02,9.780000000000000000e+02,9.790000000000000000e+02,9.800000000000000000e+02,9.810000000000000000e+02,9.820000000000000000e+02,9.830000000000000000e+02,9.840000000000000000e+02,9.850000000000000000e+02,9.860000000000000000e+02,9.870000000000000000e+02,9.880000000000000000e+02,9.890000000000000000e+02,9.900000000000000000e+02,9.910000000000000000e+02,9.920000000000000000e+02,9.930000000000000000e+02,9.940000000000000000e+02,9.950000000000000000e+02,9.960000000000000000e+02,9.970000000000000000e+02,9.980000000000000000e+02,9.990000000000000000e+02,1.000000000000000000e+03,1.001000000000000000e+03,1.002000000000000000e+03,1.003000000000000000e+03,1.004000000000000000e+03,1.005000000000000000e+03,8.580000000000000000e+02,8.590000000000000000e+02,8.600000000000000000e+02,8.610000000000000000e+02,8.620000000000000000e+02,8.630000000000000000e+02,8.640000000000000000e+02,8.650000000000000000e+02,8.660000000000000000e+02,8.670000000000000000e+02,8.680000000000000000e+02,8.690000000000000000e+02,8.700000000000000000e+02,8.710000000000000000e+02,8.720000000000000000e+02,8.730000000000000000e+02,8.740000000000000000e+02,8.750000000000000000e+02,8.760000000000000000e+02,8.770000000000000000e+02,8.780000000000000000e+02,8.790000000000000000e+02,8.800000000000000000e+02,8.810000000000000000e+02,8.820000000000000000e+02,8.830000000000000000e+02,8.840000000000000000e+02,8.850000000000000000e+02,8.860000000000000000e+02,8.870000000000000000e+02,8.880000000000000000e+02,8.890000000000000000e+02,8.900000000000000000e+02,8.910000000000000000e+02,8.920000000000000000e+02,8.930000000000000000e+02,8.940000000000000000e+02,8.950000000000000000e+02,8.960000000000000000e+02,8.970000000000000000e+02,8.980000000000000000e+02,8.990000000000000000e+02,9.000000000000000000e+02,9.010000000000000000e+02,9.020000000000000000e+02,9.030000000000000000e+02,9.040000000000000000e+02,9.050000000000000000e+02,9.060000000000000000e+02,9.070000000000000000e+02,9.080000000000000000e+02,9.090000000000000000e+02,9.100000000000000000e+02,9.110000000000000000e+02,9.120000000000000000e+02,9.130000000000000000e+02,9.140000000000000000e+02,9.150000000000000000e+02,9.160000000000000000e+02,9.170000000000000000e+02,9.180000000000000000e+02,9.190000000000000000e+02,9.200000000000000000e+02,9.210000000000000000e+02,9.220000000000000000e+02,9.230000000000000000e+02,9.240000000000000000e+02,9.250000000000000000e+02,9.260000000000000000e+02,9.270000000000000000e+02,9.280000000000000000e+02,9.290000000000000000e+02,9.300000000000000000e+02,9.310000000000000000e+02,9.320000000000000000e+02,9.330000000000000000e+02,9.340000000000000000e+02,9.350000000000000000e+02,9.360000000000000000e+02,9.370000000000000000e+02,9.380000000000000000e+02,9.390000000000000000e+02,9.400000000000000000e+02,9.410000000000000000e+02,9.420000000000000000e+02,9.430000000000000000e+02,9.440000000000000000e+02,9.450000000000000000e+02,9.460000000000000000e+02,9.470000000000000000e+02,9.480000000000000000e+02,9.490000000000000000e+02,9.500000000000000000e+02,9.510000000000000000e+02,9.520000000000000000e+02,9.530000000000000000e+02,9.540000000000000000e+02,9.550000000000000000e+02,9.560000000000000000e+02,9.570000000000000000e+02,9.580000000000000000e+02,9.590000000000000000e+02,9.600000000000000000e+02,9.610000000000000000e+02,9.620000000000000000e+02,9.630000000000000000e+02,9.640000000000000000e+02,9.650000000000000000e+02,9.660000000000000000e+02,9.670000000000000000e+02,9.680000000000000000e+02,9.690000000000000000e+02,9.700000000000000000e+02,9.710000000000000000e+02,9.720000000000000000e+02,9.730000000000000000e+02,9.740000000000000000e+02,9.750000000000000000e+02,9.760000000000000000e+02,9.770000000000000000e+02,9.780000000000000000e+02,9.790000000000000000e+02,9.800000000000000000e+02,9.810000000000000000e+02,9.820000000000000000e+02,9.830000000000000000e+02,9.840000000000000000e+02,9.850000000000000000e+02,9.860000000000000000e+02,9.870000000000000000e+02,9.880000000000000000e+02,9.890000000000000000e+02,9.900000000000000000e+02,9.910000000000000000e+02,9.920000000000000000e+02,9.930000000000000000e+02,9.940000000000000000e+02,9.950000000000000000e+02,9.960000000000000000e+02,9.970000000000000000e+02,9.980000000000000000e+02,9.990000000000000000e+02,1.000000000000000000e+03,1.001000000000000000e+03,1.002000000000000000e+03,1.003000000000000000e+03,1.004000000000000000e+03,1.005000000000000000e+03,8.580000000000000000e+02,8.590000000000000000e+02,8.600000000000000000e+02,8.610000000000000000e+02,8.620000000000000000e+02,8.630000000000000000e+02,8.640000000000000000e+02,8.650000000000000000e+02,8.660000000000000000e+02,8.670000000000000000e+02,8.680000000000000000e+02,8.690000000000000000e+02,8.700000000000000000e+02,8.710000000000000000e+02,8.720000000000000000e+02,8.730000000000000000e+02,8.740000000000000000e+02,8.750000000000000000e+02,8.760000000000000000e+02,8.770000000000000000e+02,8.780000000000000000e+02,8.790000000000000000e+02,8.800000000000000000e+02,8.810000000000000000e+02,8.820000000000000000e+02,8.830000000000000000e+02,8.840000000000000000e+02,8.850000000000000000e+02,8.860000000000000000e+02,8.870000000000000000e+02,8.880000000000000000e+02,8.890000000000000000e+02,8.900000000000000000e+02,8.910000000000000000e+02,8.920000000000000000e+02,8.930000000000000000e+02,8.940000000000000000e+02,8.950000000000000000e+02,8.960000000000000000e+02,8.970000000000000000e+02,8.980000000000000000e+02,8.990000000000000000e+02,9.000000000000000000e+02,9.010000000000000000e+02,9.020000000000000000e+02,9.030000000000000000e+02,9.040000000000000000e+02,9.050000000000000000e+02,9.060000000000000000e+02,9.070000000000000000e+02,9.080000000000000000e+02,9.090000000000000000e+02,9.100000000000000000e+02,9.110000000000000000e+02,9.120000000000000000e+02,9.130000000000000000e+02,9.140000000000000000e+02,9.150000000000000000e+02,9.160000000000000000e+02,9.170000000000000000e+02,9.180000000000000000e+02,9.190000000000000000e+02,9.200000000000000000e+02,9.210000000000000000e+02,9.220000000000000000e+02,9.230000000000000000e+02,9.240000000000000000e+02,9.250000000000000000e+02,9.260000000000000000e+02,9.270000000000000000e+02,9.280000000000000000e+02,9.290000000000000000e+02,9.300000000000000000e+02,9.310000000000000000e+02,9.320000000000000000e+02,9.330000000000000000e+02,9.340000000000000000e+02,9.350000000000000000e+02,9.360000000000000000e+02,9.370000000000000000e+02,9.380000000000000000e+02,9.390000000000000000e+02,9.400000000000000000e+02,9.410000000000000000e+02,9.420000000000000000e+02,9.430000000000000000e+02,9.440000000000000000e+02,9.450000000000000000e+02,9.460000000000000000e+02,9.470000000000000000e+02,9.480000000000000000e+02,9.490000000000000000e+02,9.500000000000000000e+02,9.510000000000000000e+02,9.520000000000000000e+02,9.530000000000000000e+02,9.540000000000000000e+02,9.550000000000000000e+02,9.560000000000000000e+02,9.570000000000000000e+02,9.580000000000000000e+02,9.590000000000000000e+02,9.600000000000000000e+02,9.610000000000000000e+02,9.620000000000000000e+02,9.630000000000000000e+02,9.640000000000000000e+02,9.650000000000000000e+02,9.660000000000000000e+02,9.670000000000000000e+02,9.680000000000000000e+02,9.690000000000000000e+02,9.700000000000000000e+02,9.710000000000000000e+02,9.720000000000000000e+02,9.730000000000000000e+02,9.740000000000000000e+02,9.750000000000000000e+02,9.760000000000000000e+02,9.770000000000000000e+02,9.780000000000000000e+02,9.790000000000000000e+02,9.800000000000000000e+02,9.810000000000000000e+02,9.820000000000000000e+02,9.830000000000000000e+02,9.840000000000000000e+02,9.850000000000000000e+02,9.860000000000000000e+02,9.870000000000000000e+02,9.880000000000000000e+02,9.890000000000000000e+02,9.900000000000000000e+02,9.910000000000000000e+02,9.920000000000000000e+02,9.930000000000000000e+02,9.940000000000000000e+02,9.950000000000000000e+02,9.960000000000000000e+02,9.970000000000000000e+02,9.980000000000000000e+02,9.990000000000000000e+02,1.000000000000000000e+03,1.001000000000000000e+03,1.002000000000000000e+03,1.003000000000000000e+03,1.004000000000000000e+03,8.580000000000000000e+02,8.590000000000000000e+02,8.600000000000000000e+02,8.610000000000000000e+02,8.620000000000000000e+02,8.630000000000000000e+02,8.640000000000000000e+02,8.650000000000000000e+02,8.660000000000000000e+02,8.670000000000000000e+02,8.680000000000000000e+02,8.690000000000000000e+02,8.700000000000000000e+02,8.710000000000000000e+02,8.720000000000000000e+02,8.730000000000000000e+02,8.740000000000000000e+02,8.750000000000000000e+02,8.760000000000000000e+02,8.770000000000000000e+02,8.780000000000000000e+02,8.790000000000000000e+02,8.800000000000000000e+02,8.810000000000000000e+02,8.820000000000000000e+02,8.830000000000000000e+02,8.840000000000000000e+02,8.850000000000000000e+02,8.860000000000000000e+02,8.870000000000000000e+02,8.880000000000000000e+02,8.890000000000000000e+02,8.900000000000000000e+02,8.910000000000000000e+02,8.920000000000000000e+02,8.930000000000000000e+02,8.940000000000000000e+02,8.950000000000000000e+02,8.960000000000000000e+02,8.970000000000000000e+02,8.980000000000000000e+02,8.990000000000000000e+02,9.000000000000000000e+02,9.010000000000000000e+02,9.020000000000000000e+02,9.030000000000000000e+02,9.040000000000000000e+02,9.050000000000000000e+02,9.060000000000000000e+02,9.070000000000000000e+02,9.080000000000000000e+02,9.090000000000000000e+02,9.100000000000000000e+02,9.110000000000000000e+02,9.120000000000000000e+02,9.130000000000000000e+02,9.140000000000000000e+02,9.150000000000000000e+02,9.160000000000000000e+02,9.170000000000000000e+02,9.180000000000000000e+02,9.190000000000000000e+02,9.200000000000000000e+02,9.210000000000000000e+02,9.220000000000000000e+02,9.230000000000000000e+02,9.240000000000000000e+02,9.250000000000000000e+02,9.260000000000000000e+02,9.270000000000000000e+02,9.280000000000000000e+02,9.290000000000000000e+02,9.300000000000000000e+02,9.310000000000000000e+02,9.320000000000000000e+02,9.330000000000000000e+02,9.340000000000000000e+02,9.350000000000000000e+02,9.360000000000000000e+02,9.370000000000000000e+02,9.380000000000000000e+02,9.390000000000000000e+02,9.400000000000000000e+02,9.410000000000000000e+02,9.420000000000000000e+02,9.430000000000000000e+02,9.440000000000000000e+02,9.450000000000000000e+02,9.460000000000000000e+02,9.470000000000000000e+02,9.480000000000000000e+02,9.490000000000000000e+02,9.500000000000000000e+02,9.510000000000000000e+02,9.520000000000000000e+02,9.530000000000000000e+02,9.540000000000000000e+02,9.550000000000000000e+02,9.560000000000000000e+02,9.570000000000000000e+02,9.580000000000000000e+02,9.590000000000000000e+02,9.600000000000000000e+02,9.610000000000000000e+02,9.620000000000000000e+02,9.630000000000000000e+02,9.640000000000000000e+02,9.650000000000000000e+02,9.660000000000000000e+02,9.670000000000000000e+02,9.680000000000000000e+02,9.690000000000000000e+02,9.700000000000000000e+02,9.710000000000000000e+02,9.720000000000000000e+02,9.730000000000000000e+02,9.740000000000000000e+02,9.750000000000000000e+02,9.760000000000000000e+02,9.770000000000000000e+02,9.780000000000000000e+02,9.790000000000000000e+02,9.800000000000000000e+02,9.810000000000000000e+02,9.820000000000000000e+02,9.830000000000000000e+02,9.840000000000000000e+02,9.850000000000000000e+02,9.860000000000000000e+02,9.870000000000000000e+02,9.880000000000000000e+02,9.890000000000000000e+02,9.900000000000000000e+02,9.910000000000000000e+02,9.920000000000000000e+02,9.930000000000000000e+02,9.940000000000000000e+02,9.950000000000000000e+02,9.960000000000000000e+02,9.970000000000000000e+02,9.980000000000000000e+02,9.990000000000000000e+02,1.000000000000000000e+03,1.001000000000000000e+03,1.002000000000000000e+03,1.003000000000000000e+03,1.004000000000000000e+03,8.580000000000000000e+02,8.590000000000000000e+02,8.600000000000000000e+02,8.610000000000000000e+02,8.620000000000000000e+02,8.630000000000000000e+02,8.640000000000000000e+02,8.650000000000000000e+02,8.660000000000000000e+02,8.670000000000000000e+02,8.680000000000000000e+02,8.690000000000000000e+02,8.700000000000000000e+02,8.710000000000000000e+02,8.720000000000000000e+02,8.730000000000000000e+02,8.740000000000000000e+02,8.750000000000000000e+02,8.760000000000000000e+02,8.770000000000000000e+02,8.780000000000000000e+02,8.790000000000000000e+02,8.800000000000000000e+02,8.810000000000000000e+02,8.820000000000000000e+02,8.830000000000000000e+02,8.840000000000000000e+02,8.850000000000000000e+02,8.860000000000000000e+02,8.870000000000000000e+02,8.880000000000000000e+02,8.890000000000000000e+02,8.900000000000000000e+02,8.910000000000000000e+02,8.920000000000000000e+02,8.930000000000000000e+02,8.940000000000000000e+02,8.950000000000000000e+02,8.960000000000000000e+02,8.970000000000000000e+02,8.980000000000000000e+02,8.990000000000000000e+02,9.000000000000000000e+02,9.010000000000000000e+02,9.020000000000000000e+02,9.030000000000000000e+02,9.040000000000000000e+02,9.050000000000000000e+02,9.060000000000000000e+02,9.070000000000000000e+02,9.080000000000000000e+02,9.090000000000000000e+02,9.100000000000000000e+02,9.110000000000000000e+02,9.120000000000000000e+02,9.130000000000000000e+02,9.140000000000000000e+02,9.150000000000000000e+02,9.160000000000000000e+02,9.170000000000000000e+02,9.180000000000000000e+02,9.190000000000000000e+02,9.200000000000000000e+02,9.210000000000000000e+02,9.220000000000000000e+02,9.230000000000000000e+02,9.240000000000000000e+02,9.250000000000000000e+02,9.260000000000000000e+02,9.270000000000000000e+02,9.280000000000000000e+02,9.290000000000000000e+02,9.300000000000000000e+02,9.310000000000000000e+02,9.320000000000000000e+02,9.330000000000000000e+02,9.340000000000000000e+02,9.350000000000000000e+02,9.360000000000000000e+02,9.370000000000000000e+02,9.380000000000000000e+02,9.390000000000000000e+02,9.400000000000000000e+02,9.410000000000000000e+02,9.420000000000000000e+02,9.430000000000000000e+02,9.440000000000000000e+02,9.450000000000000000e+02,9.460000000000000000e+02,9.470000000000000000e+02,9.480000000000000000e+02,9.490000000000000000e+02,9.500000000000000000e+02,9.510000000000000000e+02,9.520000000000000000e+02,9.530000000000000000e+02,9.540000000000000000e+02,9.550000000000000000e+02,9.560000000000000000e+02,9.570000000000000000e+02,9.580000000000000000e+02,9.590000000000000000e+02,9.600000000000000000e+02,9.610000000000000000e+02,9.620000000000000000e+02,9.630000000000000000e+02,9.640000000000000000e+02,9.650000000000000000e+02,9.660000000000000000e+02,9.670000000000000000e+02,9.680000000000000000e+02,9.690000000000000000e+02,9.700000000000000000e+02,9.710000000000000000e+02,9.720000000000000000e+02,9.730000000000000000e+02,9.740000000000000000e+02,9.750000000000000000e+02,9.760000000000000000e+02,9.770000000000000000e+02,9.780000000000000000e+02,9.790000000000000000e+02,9.800000000000000000e+02,9.810000000000000000e+02,9.820000000000000000e+02,9.830000000000000000e+02,9.840000000000000000e+02,9.850000000000000000e+02,9.860000000000000000e+02,9.870000000000000000e+02,9.880000000000000000e+02,9.890000000000000000e+02,9.900000000000000000e+02,9.910000000000000000e+02,9.920000000000000000e+02,9.930000000000000000e+02,9.940000000000000000e+02,9.950000000000000000e+02,9.960000000000000000e+02,9.970000000000000000e+02,9.980000000000000000e+02,9.990000000000000000e+02,1.000000000000000000e+03,1.001000000000000000e+03,1.002000000000000000e+03,1.003000000000000000e+03,1.004000000000000000e+03,8.580000000000000000e+02,8.590000000000000000e+02,8.600000000000000000e+02,8.610000000000000000e+02,8.620000000000000000e+02,8.630000000000000000e+02,8.640000000000000000e+02,8.650000000000000000e+02,8.660000000000000000e+02,8.670000000000000000e+02,8.680000000000000000e+02,8.690000000000000000e+02,8.700000000000000000e+02,8.710000000000000000e+02,8.720000000000000000e+02,8.730000000000000000e+02,8.740000000000000000e+02,8.750000000000000000e+02,8.760000000000000000e+02,8.770000000000000000e+02,8.780000000000000000e+02,8.790000000000000000e+02,8.800000000000000000e+02,8.810000000000000000e+02,8.820000000000000000e+02,8.830000000000000000e+02,8.840000000000000000e+02,8.850000000000000000e+02,8.860000000000000000e+02,8.870000000000000000e+02,8.880000000000000000e+02,8.890000000000000000e+02,8.900000000000000000e+02,8.910000000000000000e+02,8.920000000000000000e+02,8.930000000000000000e+02,8.940000000000000000e+02,8.950000000000000000e+02,8.960000000000000000e+02,8.970000000000000000e+02,8.980000000000000000e+02,8.990000000000000000e+02,9.000000000000000000e+02,9.010000000000000000e+02,9.020000000000000000e+02,9.030000000000000000e+02,9.040000000000000000e+02,9.050000000000000000e+02,9.060000000000000000e+02,9.070000000000000000e+02,9.080000000000000000e+02,9.090000000000000000e+02,9.100000000000000000e+02,9.110000000000000000e+02,9.120000000000000000e+02,9.130000000000000000e+02,9.140000000000000000e+02,9.150000000000000000e+02,9.160000000000000000e+02,9.170000000000000000e+02,9.180000000000000000e+02,9.190000000000000000e+02,9.200000000000000000e+02,9.210000000000000000e+02,9.220000000000000000e+02,9.230000000000000000e+02,9.240000000000000000e+02,9.250000000000000000e+02,9.260000000000000000e+02,9.270000000000000000e+02,9.280000000000000000e+02,9.290000000000000000e+02,9.300000000000000000e+02,9.310000000000000000e+02,9.320000000000000000e+02,9.330000000000000000e+02,9.340000000000000000e+02,9.350000000000000000e+02,9.360000000000000000e+02,9.370000000000000000e+02,9.380000000000000000e+02,9.390000000000000000e+02,9.400000000000000000e+02,9.410000000000000000e+02,9.420000000000000000e+02,9.430000000000000000e+02,9.440000000000000000e+02,9.450000000000000000e+02,9.460000000000000000e+02,9.470000000000000000e+02,9.480000000000000000e+02,9.490000000000000000e+02,9.500000000000000000e+02,9.510000000000000000e+02,9.520000000000000000e+02,9.530000000000000000e+02,9.540000000000000000e+02,9.550000000000000000e+02,9.560000000000000000e+02,9.570000000000000000e+02,9.580000000000000000e+02,9.590000000000000000e+02,9.600000000000000000e+02,9.610000000000000000e+02,9.620000000000000000e+02,9.630000000000000000e+02,9.640000000000000000e+02,9.650000000000000000e+02,9.660000000000000000e+02,9.670000000000000000e+02,9.680000000000000000e+02,9.690000000000000000e+02,9.700000000000000000e+02,9.710000000000000000e+02,9.720000000000000000e+02,9.730000000000000000e+02,9.740000000000000000e+02,9.750000000000000000e+02,9.760000000000000000e+02,9.770000000000000000e+02,9.780000000000000000e+02,9.790000000000000000e+02,9.800000000000000000e+02,9.810000000000000000e+02,9.820000000000000000e+02,9.830000000000000000e+02,9.840000000000000000e+02,9.850000000000000000e+02,9.860000000000000000e+02,9.870000000000000000e+02,9.880000000000000000e+02,9.890000000000000000e+02,9.900000000000000000e+02,9.910000000000000000e+02,9.920000000000000000e+02,9.930000000000000000e+02,9.940000000000000000e+02,9.950000000000000000e+02,9.960000000000000000e+02,9.970000000000000000e+02,9.980000000000000000e+02,9.990000000000000000e+02,1.000000000000000000e+03,1.001000000000000000e+03,1.002000000000000000e+03,1.003000000000000000e+03,1.004000000000000000e+03,8.570000000000000000e+02,8.580000000000000000e+02,8.590000000000000000e+02,8.600000000000000000e+02,8.610000000000000000e+02,8.620000000000000000e+02,8.630000000000000000e+02,8.640000000000000000e+02,8.650000000000000000e+02,8.660000000000000000e+02,8.670000000000000000e+02,8.680000000000000000e+02,8.690000000000000000e+02,8.700000000000000000e+02,8.710000000000000000e+02,8.720000000000000000e+02,8.730000000000000000e+02,8.740000000000000000e+02,8.750000000000000000e+02,8.760000000000000000e+02,8.770000000000000000e+02,8.780000000000000000e+02,8.790000000000000000e+02,8.800000000000000000e+02,8.810000000000000000e+02,8.820000000000000000e+02,8.830000000000000000e+02,8.840000000000000000e+02,8.850000000000000000e+02,8.860000000000000000e+02,8.870000000000000000e+02,8.880000000000000000e+02,8.890000000000000000e+02,8.900000000000000000e+02,8.910000000000000000e+02,8.920000000000000000e+02,8.930000000000000000e+02,8.940000000000000000e+02,8.950000000000000000e+02,8.960000000000000000e+02,8.970000000000000000e+02,8.980000000000000000e+02,8.990000000000000000e+02,9.000000000000000000e+02,9.010000000000000000e+02,9.020000000000000000e+02,9.030000000000000000e+02,9.040000000000000000e+02,9.050000000000000000e+02,9.060000000000000000e+02,9.070000000000000000e+02,9.080000000000000000e+02,9.090000000000000000e+02,9.100000000000000000e+02,9.110000000000000000e+02,9.120000000000000000e+02,9.130000000000000000e+02,9.140000000000000000e+02,9.150000000000000000e+02,9.160000000000000000e+02,9.170000000000000000e+02,9.180000000000000000e+02,9.190000000000000000e+02,9.200000000000000000e+02,9.210000000000000000e+02,9.220000000000000000e+02,9.230000000000000000e+02,9.240000000000000000e+02,9.250000000000000000e+02,9.260000000000000000e+02,9.270000000000000000e+02,9.280000000000000000e+02,9.290000000000000000e+02,9.300000000000000000e+02,9.310000000000000000e+02,9.320000000000000000e+02,9.330000000000000000e+02,9.340000000000000000e+02,9.350000000000000000e+02,9.360000000000000000e+02,9.370000000000000000e+02,9.380000000000000000e+02,9.390000000000000000e+02,9.400000000000000000e+02,9.410000000000000000e+02,9.420000000000000000e+02,9.430000000000000000e+02,9.440000000000000000e+02,9.450000000000000000e+02,9.460000000000000000e+02,9.470000000000000000e+02,9.480000000000000000e+02,9.490000000000000000e+02,9.500000000000000000e+02,9.510000000000000000e+02,9.520000000000000000e+02,9.530000000000000000e+02,9.540000000000000000e+02,9.550000000000000000e+02,9.560000000000000000e+02,9.570000000000000000e+02,9.580000000000000000e+02,9.590000000000000000e+02,9.600000000000000000e+02,9.610000000000000000e+02,9.620000000000000000e+02,9.630000000000000000e+02,9.640000000000000000e+02,9.650000000000000000e+02,9.660000000000000000e+02,9.670000000000000000e+02,9.680000000000000000e+02,9.690000000000000000e+02,9.700000000000000000e+02,9.710000000000000000e+02,9.720000000000000000e+02,9.730000000000000000e+02,9.740000000000000000e+02,9.750000000000000000e+02,9.760000000000000000e+02,9.770000000000000000e+02,9.780000000000000000e+02,9.790000000000000000e+02,9.800000000000000000e+02,9.810000000000000000e+02,9.820000000000000000e+02,9.830000000000000000e+02,9.840000000000000000e+02,9.850000000000000000e+02,9.860000000000000000e+02,9.870000000000000000e+02,9.880000000000000000e+02,9.890000000000000000e+02,9.900000000000000000e+02,9.910000000000000000e+02,9.920000000000000000e+02,9.930000000000000000e+02,9.940000000000000000e+02,9.950000000000000000e+02,9.960000000000000000e+02,9.970000000000000000e+02,9.980000000000000000e+02,9.990000000000000000e+02,1.000000000000000000e+03,1.001000000000000000e+03,1.002000000000000000e+03,1.003000000000000000e+03,1.004000000000000000e+03,8.570000000000000000e+02,8.580000000000000000e+02,8.590000000000000000e+02,8.600000000000000000e+02,8.610000000000000000e+02,8.620000000000000000e+02,8.630000000000000000e+02,8.640000000000000000e+02,8.650000000000000000e+02,8.660000000000000000e+02,8.670000000000000000e+02,8.680000000000000000e+02,8.690000000000000000e+02,8.700000000000000000e+02,8.710000000000000000e+02,8.720000000000000000e+02,8.730000000000000000e+02,8.740000000000000000e+02,8.750000000000000000e+02,8.760000000000000000e+02,8.770000000000000000e+02,8.780000000000000000e+02,8.790000000000000000e+02,8.800000000000000000e+02,8.810000000000000000e+02,8.820000000000000000e+02,8.830000000000000000e+02,8.840000000000000000e+02,8.850000000000000000e+02,8.860000000000000000e+02,8.870000000000000000e+02,8.880000000000000000e+02,8.890000000000000000e+02,8.900000000000000000e+02,8.910000000000000000e+02,8.920000000000000000e+02,8.930000000000000000e+02,8.940000000000000000e+02,8.950000000000000000e+02,8.960000000000000000e+02,8.970000000000000000e+02,8.980000000000000000e+02,8.990000000000000000e+02,9.000000000000000000e+02,9.010000000000000000e+02,9.020000000000000000e+02,9.030000000000000000e+02,9.040000000000000000e+02,9.050000000000000000e+02,9.060000000000000000e+02,9.070000000000000000e+02,9.080000000000000000e+02,9.090000000000000000e+02,9.100000000000000000e+02,9.110000000000000000e+02,9.120000000000000000e+02,9.130000000000000000e+02,9.140000000000000000e+02,9.150000000000000000e+02,9.160000000000000000e+02,9.170000000000000000e+02,9.180000000000000000e+02,9.190000000000000000e+02,9.200000000000000000e+02,9.210000000000000000e+02,9.220000000000000000e+02,9.230000000000000000e+02,9.240000000000000000e+02,9.250000000000000000e+02,9.260000000000000000e+02,9.270000000000000000e+02,9.280000000000000000e+02,9.290000000000000000e+02,9.300000000000000000e+02,9.310000000000000000e+02,9.320000000000000000e+02,9.330000000000000000e+02,9.340000000000000000e+02,9.350000000000000000e+02,9.360000000000000000e+02,9.370000000000000000e+02,9.380000000000000000e+02,9.390000000000000000e+02,9.400000000000000000e+02,9.410000000000000000e+02,9.420000000000000000e+02,9.430000000000000000e+02,9.440000000000000000e+02,9.450000000000000000e+02,9.460000000000000000e+02,9.470000000000000000e+02,9.480000000000000000e+02,9.490000000000000000e+02,9.500000000000000000e+02,9.510000000000000000e+02,9.520000000000000000e+02,9.530000000000000000e+02,9.540000000000000000e+02,9.550000000000000000e+02,9.560000000000000000e+02,9.570000000000000000e+02,9.580000000000000000e+02,9.590000000000000000e+02,9.600000000000000000e+02,9.610000000000000000e+02,9.620000000000000000e+02,9.630000000000000000e+02,9.640000000000000000e+02,9.650000000000000000e+02,9.660000000000000000e+02,9.670000000000000000e+02,9.680000000000000000e+02,9.690000000000000000e+02,9.700000000000000000e+02,9.710000000000000000e+02,9.720000000000000000e+02,9.730000000000000000e+02,9.740000000000000000e+02,9.750000000000000000e+02,9.760000000000000000e+02,9.770000000000000000e+02,9.780000000000000000e+02,9.790000000000000000e+02,9.800000000000000000e+02,9.810000000000000000e+02,9.820000000000000000e+02,9.830000000000000000e+02,9.840000000000000000e+02,9.850000000000000000e+02,9.860000000000000000e+02,9.870000000000000000e+02,9.880000000000000000e+02,9.890000000000000000e+02,9.900000000000000000e+02,9.910000000000000000e+02,9.920000000000000000e+02,9.930000000000000000e+02,9.940000000000000000e+02,9.950000000000000000e+02,9.960000000000000000e+02,9.970000000000000000e+02,9.980000000000000000e+02,9.990000000000000000e+02,1.000000000000000000e+03,1.001000000000000000e+03,1.002000000000000000e+03,1.003000000000000000e+03,1.004000000000000000e+03,8.570000000000000000e+02,8.580000000000000000e+02,8.590000000000000000e+02,8.600000000000000000e+02,8.610000000000000000e+02,8.620000000000000000e+02,8.630000000000000000e+02,8.640000000000000000e+02,8.650000000000000000e+02,8.660000000000000000e+02,8.670000000000000000e+02,8.680000000000000000e+02,8.690000000000000000e+02,8.700000000000000000e+02,8.710000000000000000e+02,8.720000000000000000e+02,8.730000000000000000e+02,8.740000000000000000e+02,8.750000000000000000e+02,8.760000000000000000e+02,8.770000000000000000e+02,8.780000000000000000e+02,8.790000000000000000e+02,8.800000000000000000e+02,8.810000000000000000e+02,8.820000000000000000e+02,8.830000000000000000e+02,8.840000000000000000e+02,8.850000000000000000e+02,8.860000000000000000e+02,8.870000000000000000e+02,8.880000000000000000e+02,8.890000000000000000e+02,8.900000000000000000e+02,8.910000000000000000e+02,8.920000000000000000e+02,8.930000000000000000e+02,8.940000000000000000e+02,8.950000000000000000e+02,8.960000000000000000e+02,8.970000000000000000e+02,8.980000000000000000e+02,8.990000000000000000e+02,9.000000000000000000e+02,9.010000000000000000e+02,9.020000000000000000e+02,9.030000000000000000e+02,9.040000000000000000e+02,9.050000000000000000e+02,9.060000000000000000e+02,9.070000000000000000e+02,9.080000000000000000e+02,9.090000000000000000e+02,9.100000000000000000e+02,9.110000000000000000e+02,9.120000000000000000e+02,9.130000000000000000e+02,9.140000000000000000e+02,9.150000000000000000e+02,9.160000000000000000e+02,9.170000000000000000e+02,9.180000000000000000e+02,9.190000000000000000e+02,9.200000000000000000e+02,9.210000000000000000e+02,9.220000000000000000e+02,9.230000000000000000e+02,9.240000000000000000e+02,9.250000000000000000e+02,9.260000000000000000e+02,9.270000000000000000e+02,9.280000000000000000e+02,9.290000000000000000e+02,9.300000000000000000e+02,9.310000000000000000e+02,9.320000000000000000e+02,9.330000000000000000e+02,9.340000000000000000e+02,9.350000000000000000e+02,9.360000000000000000e+02,9.370000000000000000e+02,9.380000000000000000e+02,9.390000000000000000e+02,9.400000000000000000e+02,9.410000000000000000e+02,9.420000000000000000e+02,9.430000000000000000e+02,9.440000000000000000e+02,9.450000000000000000e+02,9.460000000000000000e+02,9.470000000000000000e+02,9.480000000000000000e+02,9.490000000000000000e+02,9.500000000000000000e+02,9.510000000000000000e+02,9.520000000000000000e+02,9.530000000000000000e+02,9.540000000000000000e+02,9.550000000000000000e+02,9.560000000000000000e+02,9.570000000000000000e+02,9.580000000000000000e+02,9.590000000000000000e+02,9.600000000000000000e+02,9.610000000000000000e+02,9.620000000000000000e+02,9.630000000000000000e+02,9.640000000000000000e+02,9.650000000000000000e+02,9.660000000000000000e+02,9.670000000000000000e+02,9.680000000000000000e+02,9.690000000000000000e+02,9.700000000000000000e+02,9.710000000000000000e+02,9.720000000000000000e+02,9.730000000000000000e+02,9.740000000000000000e+02,9.750000000000000000e+02,9.760000000000000000e+02,9.770000000000000000e+02,9.780000000000000000e+02,9.790000000000000000e+02,9.800000000000000000e+02,9.810000000000000000e+02,9.820000000000000000e+02,9.830000000000000000e+02,9.840000000000000000e+02,9.850000000000000000e+02,9.860000000000000000e+02,9.870000000000000000e+02,9.880000000000000000e+02,9.890000000000000000e+02,9.900000000000000000e+02,9.910000000000000000e+02,9.920000000000000000e+02,9.930000000000000000e+02,9.940000000000000000e+02,9.950000000000000000e+02,9.960000000000000000e+02,9.970000000000000000e+02,9.980000000000000000e+02,9.990000000000000000e+02,1.000000000000000000e+03,1.001000000000000000e+03,1.002000000000000000e+03,1.003000000000000000e+03,8.570000000000000000e+02,8.580000000000000000e+02,8.590000000000000000e+02,8.600000000000000000e+02,8.610000000000000000e+02,8.620000000000000000e+02,8.630000000000000000e+02,8.640000000000000000e+02,8.650000000000000000e+02,8.660000000000000000e+02,8.670000000000000000e+02,8.680000000000000000e+02,8.690000000000000000e+02,8.700000000000000000e+02,8.710000000000000000e+02,8.720000000000000000e+02,8.730000000000000000e+02,8.740000000000000000e+02,8.750000000000000000e+02,8.760000000000000000e+02,8.770000000000000000e+02,8.780000000000000000e+02,8.790000000000000000e+02,8.800000000000000000e+02,8.810000000000000000e+02,8.820000000000000000e+02,8.830000000000000000e+02,8.840000000000000000e+02,8.850000000000000000e+02,8.860000000000000000e+02,8.870000000000000000e+02,8.880000000000000000e+02,8.890000000000000000e+02,8.900000000000000000e+02,8.910000000000000000e+02,8.920000000000000000e+02,8.930000000000000000e+02,8.940000000000000000e+02,8.950000000000000000e+02,8.960000000000000000e+02,8.970000000000000000e+02,8.980000000000000000e+02,8.990000000000000000e+02,9.000000000000000000e+02,9.010000000000000000e+02,9.020000000000000000e+02,9.030000000000000000e+02,9.040000000000000000e+02,9.050000000000000000e+02,9.060000000000000000e+02,9.070000000000000000e+02,9.080000000000000000e+02,9.090000000000000000e+02,9.100000000000000000e+02,9.110000000000000000e+02,9.120000000000000000e+02,9.130000000000000000e+02,9.140000000000000000e+02,9.150000000000000000e+02,9.160000000000000000e+02,9.170000000000000000e+02,9.180000000000000000e+02,9.190000000000000000e+02,9.200000000000000000e+02,9.210000000000000000e+02,9.220000000000000000e+02,9.230000000000000000e+02,9.240000000000000000e+02,9.250000000000000000e+02,9.260000000000000000e+02,9.270000000000000000e+02,9.280000000000000000e+02,9.290000000000000000e+02,9.300000000000000000e+02,9.310000000000000000e+02,9.320000000000000000e+02,9.330000000000000000e+02,9.340000000000000000e+02,9.350000000000000000e+02,9.360000000000000000e+02,9.370000000000000000e+02,9.380000000000000000e+02,9.390000000000000000e+02,9.400000000000000000e+02,9.410000000000000000e+02,9.420000000000000000e+02,9.430000000000000000e+02,9.440000000000000000e+02,9.450000000000000000e+02,9.460000000000000000e+02,9.470000000000000000e+02,9.480000000000000000e+02,9.490000000000000000e+02,9.500000000000000000e+02,9.510000000000000000e+02,9.520000000000000000e+02,9.530000000000000000e+02,9.540000000000000000e+02,9.550000000000000000e+02,9.560000000000000000e+02,9.570000000000000000e+02,9.580000000000000000e+02,9.590000000000000000e+02,9.600000000000000000e+02,9.610000000000000000e+02,9.620000000000000000e+02,9.630000000000000000e+02,9.640000000000000000e+02,9.650000000000000000e+02,9.660000000000000000e+02,9.670000000000000000e+02,9.680000000000000000e+02,9.690000000000000000e+02,9.700000000000000000e+02,9.710000000000000000e+02,9.720000000000000000e+02,9.730000000000000000e+02,9.740000000000000000e+02,9.750000000000000000e+02,9.760000000000000000e+02,9.770000000000000000e+02,9.780000000000000000e+02,9.790000000000000000e+02,9.800000000000000000e+02,9.810000000000000000e+02,9.820000000000000000e+02,9.830000000000000000e+02,9.840000000000000000e+02,9.850000000000000000e+02,9.860000000000000000e+02,9.870000000000000000e+02,9.880000000000000000e+02,9.890000000000000000e+02,9.900000000000000000e+02,9.910000000000000000e+02,9.920000000000000000e+02,9.930000000000000000e+02,9.940000000000000000e+02,9.950000000000000000e+02,9.960000000000000000e+02,9.970000000000000000e+02,9.980000000000000000e+02,9.990000000000000000e+02,1.000000000000000000e+03,1.001000000000000000e+03,1.002000000000000000e+03,1.003000000000000000e+03,8.570000000000000000e+02,8.580000000000000000e+02,8.590000000000000000e+02,8.600000000000000000e+02,8.610000000000000000e+02,8.620000000000000000e+02,8.630000000000000000e+02,8.640000000000000000e+02,8.650000000000000000e+02,8.660000000000000000e+02,8.670000000000000000e+02,8.680000000000000000e+02,8.690000000000000000e+02,8.700000000000000000e+02,8.710000000000000000e+02,8.720000000000000000e+02,8.730000000000000000e+02,8.740000000000000000e+02,8.750000000000000000e+02,8.760000000000000000e+02,8.770000000000000000e+02,8.780000000000000000e+02,8.790000000000000000e+02,8.800000000000000000e+02,8.810000000000000000e+02,8.820000000000000000e+02,8.830000000000000000e+02,8.840000000000000000e+02,8.850000000000000000e+02,8.860000000000000000e+02,8.870000000000000000e+02,8.880000000000000000e+02,8.890000000000000000e+02,8.900000000000000000e+02,8.910000000000000000e+02,8.920000000000000000e+02,8.930000000000000000e+02,8.940000000000000000e+02,8.950000000000000000e+02,8.960000000000000000e+02,8.970000000000000000e+02,8.980000000000000000e+02,8.990000000000000000e+02,9.000000000000000000e+02,9.010000000000000000e+02,9.020000000000000000e+02,9.030000000000000000e+02,9.040000000000000000e+02,9.050000000000000000e+02,9.060000000000000000e+02,9.070000000000000000e+02,9.080000000000000000e+02,9.090000000000000000e+02,9.100000000000000000e+02,9.110000000000000000e+02,9.120000000000000000e+02,9.130000000000000000e+02,9.140000000000000000e+02,9.150000000000000000e+02,9.160000000000000000e+02,9.170000000000000000e+02,9.180000000000000000e+02,9.190000000000000000e+02,9.200000000000000000e+02,9.210000000000000000e+02,9.220000000000000000e+02,9.230000000000000000e+02,9.240000000000000000e+02,9.250000000000000000e+02,9.260000000000000000e+02,9.270000000000000000e+02,9.280000000000000000e+02,9.290000000000000000e+02,9.300000000000000000e+02,9.310000000000000000e+02,9.320000000000000000e+02,9.330000000000000000e+02,9.340000000000000000e+02,9.350000000000000000e+02,9.360000000000000000e+02,9.370000000000000000e+02,9.380000000000000000e+02,9.390000000000000000e+02,9.400000000000000000e+02,9.410000000000000000e+02,9.420000000000000000e+02,9.430000000000000000e+02,9.440000000000000000e+02,9.450000000000000000e+02,9.460000000000000000e+02,9.470000000000000000e+02,9.480000000000000000e+02,9.490000000000000000e+02,9.500000000000000000e+02,9.510000000000000000e+02,9.520000000000000000e+02,9.530000000000000000e+02,9.540000000000000000e+02,9.550000000000000000e+02,9.560000000000000000e+02,9.570000000000000000e+02,9.580000000000000000e+02,9.590000000000000000e+02,9.600000000000000000e+02,9.610000000000000000e+02,9.620000000000000000e+02,9.630000000000000000e+02,9.640000000000000000e+02,9.650000000000000000e+02,9.660000000000000000e+02,9.670000000000000000e+02,9.680000000000000000e+02,9.690000000000000000e+02,9.700000000000000000e+02,9.710000000000000000e+02,9.720000000000000000e+02,9.730000000000000000e+02,9.740000000000000000e+02,9.750000000000000000e+02,9.760000000000000000e+02,9.770000000000000000e+02,9.780000000000000000e+02,9.790000000000000000e+02,9.800000000000000000e+02,9.810000000000000000e+02,9.820000000000000000e+02,9.830000000000000000e+02,9.840000000000000000e+02,9.850000000000000000e+02,9.860000000000000000e+02,9.870000000000000000e+02,9.880000000000000000e+02,9.890000000000000000e+02,9.900000000000000000e+02,9.910000000000000000e+02,9.920000000000000000e+02,9.930000000000000000e+02,9.940000000000000000e+02,9.950000000000000000e+02,9.960000000000000000e+02,9.970000000000000000e+02,9.980000000000000000e+02,9.990000000000000000e+02,1.000000000000000000e+03,1.001000000000000000e+03,1.002000000000000000e+03,1.003000000000000000e+03,8.570000000000000000e+02,8.580000000000000000e+02,8.590000000000000000e+02,8.600000000000000000e+02,8.610000000000000000e+02,8.620000000000000000e+02,8.630000000000000000e+02,8.640000000000000000e+02,8.650000000000000000e+02,8.660000000000000000e+02,8.670000000000000000e+02,8.680000000000000000e+02,8.690000000000000000e+02,8.700000000000000000e+02,8.710000000000000000e+02,8.720000000000000000e+02,8.730000000000000000e+02,8.740000000000000000e+02,8.750000000000000000e+02,8.760000000000000000e+02,8.770000000000000000e+02,8.780000000000000000e+02,8.790000000000000000e+02,8.800000000000000000e+02,8.810000000000000000e+02,8.820000000000000000e+02,8.830000000000000000e+02,8.840000000000000000e+02,8.850000000000000000e+02,8.860000000000000000e+02,8.870000000000000000e+02,8.880000000000000000e+02,8.890000000000000000e+02,8.900000000000000000e+02,8.910000000000000000e+02,8.920000000000000000e+02,8.930000000000000000e+02,8.940000000000000000e+02,8.950000000000000000e+02,8.960000000000000000e+02,8.970000000000000000e+02,8.980000000000000000e+02,8.990000000000000000e+02,9.000000000000000000e+02,9.010000000000000000e+02,9.020000000000000000e+02,9.030000000000000000e+02,9.040000000000000000e+02,9.050000000000000000e+02,9.060000000000000000e+02,9.070000000000000000e+02,9.080000000000000000e+02,9.090000000000000000e+02,9.100000000000000000e+02,9.110000000000000000e+02,9.120000000000000000e+02,9.130000000000000000e+02,9.140000000000000000e+02,9.150000000000000000e+02,9.160000000000000000e+02,9.170000000000000000e+02,9.180000000000000000e+02,9.190000000000000000e+02,9.200000000000000000e+02,9.210000000000000000e+02,9.220000000000000000e+02,9.230000000000000000e+02,9.240000000000000000e+02,9.250000000000000000e+02,9.260000000000000000e+02,9.270000000000000000e+02,9.280000000000000000e+02,9.290000000000000000e+02,9.300000000000000000e+02,9.310000000000000000e+02,9.320000000000000000e+02,9.330000000000000000e+02,9.340000000000000000e+02,9.350000000000000000e+02,9.360000000000000000e+02,9.370000000000000000e+02,9.380000000000000000e+02,9.390000000000000000e+02,9.400000000000000000e+02,9.410000000000000000e+02,9.420000000000000000e+02,9.430000000000000000e+02,9.440000000000000000e+02,9.450000000000000000e+02,9.460000000000000000e+02,9.470000000000000000e+02,9.480000000000000000e+02,9.490000000000000000e+02,9.500000000000000000e+02,9.510000000000000000e+02,9.520000000000000000e+02,9.530000000000000000e+02,9.540000000000000000e+02,9.550000000000000000e+02,9.560000000000000000e+02,9.570000000000000000e+02,9.580000000000000000e+02,9.590000000000000000e+02,9.600000000000000000e+02,9.610000000000000000e+02,9.620000000000000000e+02,9.630000000000000000e+02,9.640000000000000000e+02,9.650000000000000000e+02,9.660000000000000000e+02,9.670000000000000000e+02,9.680000000000000000e+02,9.690000000000000000e+02,9.700000000000000000e+02,9.710000000000000000e+02,9.720000000000000000e+02,9.730000000000000000e+02,9.740000000000000000e+02,9.750000000000000000e+02,9.760000000000000000e+02,9.770000000000000000e+02,9.780000000000000000e+02,9.790000000000000000e+02,9.800000000000000000e+02,9.810000000000000000e+02,9.820000000000000000e+02,9.830000000000000000e+02,9.840000000000000000e+02,9.850000000000000000e+02,9.860000000000000000e+02,9.870000000000000000e+02,9.880000000000000000e+02,9.890000000000000000e+02,9.900000000000000000e+02,9.910000000000000000e+02,9.920000000000000000e+02,9.930000000000000000e+02,9.940000000000000000e+02,9.950000000000000000e+02,9.960000000000000000e+02,9.970000000000000000e+02,9.980000000000000000e+02,9.990000000000000000e+02,1.000000000000000000e+03,1.001000000000000000e+03,1.002000000000000000e+03,8.570000000000000000e+02,8.580000000000000000e+02,8.590000000000000000e+02,8.600000000000000000e+02,8.610000000000000000e+02,8.620000000000000000e+02,8.630000000000000000e+02,8.640000000000000000e+02,8.650000000000000000e+02,8.660000000000000000e+02,8.670000000000000000e+02,8.680000000000000000e+02,8.690000000000000000e+02,8.700000000000000000e+02,8.710000000000000000e+02,8.720000000000000000e+02,8.730000000000000000e+02,8.740000000000000000e+02,8.750000000000000000e+02,8.760000000000000000e+02,8.770000000000000000e+02,8.780000000000000000e+02,8.790000000000000000e+02,8.800000000000000000e+02,8.810000000000000000e+02,8.820000000000000000e+02,8.830000000000000000e+02,8.840000000000000000e+02,8.850000000000000000e+02,8.860000000000000000e+02,8.870000000000000000e+02,8.880000000000000000e+02,8.890000000000000000e+02,8.900000000000000000e+02,8.910000000000000000e+02,8.920000000000000000e+02,8.930000000000000000e+02,8.940000000000000000e+02,8.950000000000000000e+02,8.960000000000000000e+02,8.970000000000000000e+02,8.980000000000000000e+02,8.990000000000000000e+02,9.000000000000000000e+02,9.010000000000000000e+02,9.020000000000000000e+02,9.030000000000000000e+02,9.040000000000000000e+02,9.050000000000000000e+02,9.060000000000000000e+02,9.070000000000000000e+02,9.080000000000000000e+02,9.090000000000000000e+02,9.100000000000000000e+02,9.110000000000000000e+02,9.120000000000000000e+02,9.130000000000000000e+02,9.140000000000000000e+02,9.150000000000000000e+02,9.160000000000000000e+02,9.170000000000000000e+02,9.180000000000000000e+02,9.190000000000000000e+02,9.200000000000000000e+02,9.210000000000000000e+02,9.220000000000000000e+02,9.230000000000000000e+02,9.240000000000000000e+02,9.250000000000000000e+02,9.260000000000000000e+02,9.270000000000000000e+02,9.280000000000000000e+02,9.290000000000000000e+02,9.300000000000000000e+02,9.310000000000000000e+02,9.320000000000000000e+02,9.330000000000000000e+02,9.340000000000000000e+02,9.350000000000000000e+02,9.360000000000000000e+02,9.370000000000000000e+02,9.380000000000000000e+02,9.390000000000000000e+02,9.400000000000000000e+02,9.410000000000000000e+02,9.420000000000000000e+02,9.430000000000000000e+02,9.440000000000000000e+02,9.450000000000000000e+02,9.460000000000000000e+02,9.470000000000000000e+02,9.480000000000000000e+02,9.490000000000000000e+02,9.500000000000000000e+02,9.510000000000000000e+02,9.520000000000000000e+02,9.530000000000000000e+02,9.540000000000000000e+02,9.550000000000000000e+02,9.560000000000000000e+02,9.570000000000000000e+02,9.580000000000000000e+02,9.590000000000000000e+02,9.600000000000000000e+02,9.610000000000000000e+02,9.620000000000000000e+02,9.630000000000000000e+02,9.640000000000000000e+02,9.650000000000000000e+02,9.660000000000000000e+02,9.670000000000000000e+02,9.680000000000000000e+02,9.690000000000000000e+02,9.700000000000000000e+02,9.710000000000000000e+02,9.720000000000000000e+02,9.730000000000000000e+02,9.740000000000000000e+02,9.750000000000000000e+02,9.760000000000000000e+02,9.770000000000000000e+02,9.780000000000000000e+02,9.790000000000000000e+02,9.800000000000000000e+02,9.810000000000000000e+02,9.820000000000000000e+02,9.830000000000000000e+02,9.840000000000000000e+02,9.850000000000000000e+02,9.860000000000000000e+02,9.870000000000000000e+02,9.880000000000000000e+02,9.890000000000000000e+02,9.900000000000000000e+02,9.910000000000000000e+02,9.920000000000000000e+02,9.930000000000000000e+02,9.940000000000000000e+02,9.950000000000000000e+02,9.960000000000000000e+02,9.970000000000000000e+02,9.980000000000000000e+02,9.990000000000000000e+02,1.000000000000000000e+03,1.001000000000000000e+03,1.002000000000000000e+03,8.560000000000000000e+02,8.570000000000000000e+02,8.580000000000000000e+02,8.590000000000000000e+02,8.600000000000000000e+02,8.610000000000000000e+02,8.620000000000000000e+02,8.630000000000000000e+02,8.640000000000000000e+02,8.650000000000000000e+02,8.660000000000000000e+02,8.670000000000000000e+02,8.680000000000000000e+02,8.690000000000000000e+02,8.700000000000000000e+02,8.710000000000000000e+02,8.720000000000000000e+02,8.730000000000000000e+02,8.740000000000000000e+02,8.750000000000000000e+02,8.760000000000000000e+02,8.770000000000000000e+02,8.780000000000000000e+02,8.790000000000000000e+02,8.800000000000000000e+02,8.810000000000000000e+02,8.820000000000000000e+02,8.830000000000000000e+02,8.840000000000000000e+02,8.850000000000000000e+02,8.860000000000000000e+02,8.870000000000000000e+02,8.880000000000000000e+02,8.890000000000000000e+02,8.900000000000000000e+02,8.910000000000000000e+02,8.920000000000000000e+02,8.930000000000000000e+02,8.940000000000000000e+02,8.950000000000000000e+02,8.960000000000000000e+02,8.970000000000000000e+02,8.980000000000000000e+02,8.990000000000000000e+02,9.000000000000000000e+02,9.010000000000000000e+02,9.020000000000000000e+02,9.030000000000000000e+02,9.040000000000000000e+02,9.050000000000000000e+02,9.060000000000000000e+02,9.070000000000000000e+02,9.080000000000000000e+02,9.090000000000000000e+02,9.100000000000000000e+02,9.110000000000000000e+02,9.120000000000000000e+02,9.130000000000000000e+02,9.140000000000000000e+02,9.150000000000000000e+02,9.160000000000000000e+02,9.170000000000000000e+02,9.180000000000000000e+02,9.190000000000000000e+02,9.200000000000000000e+02,9.210000000000000000e+02,9.220000000000000000e+02,9.230000000000000000e+02,9.240000000000000000e+02,9.250000000000000000e+02,9.260000000000000000e+02,9.270000000000000000e+02,9.280000000000000000e+02,9.290000000000000000e+02,9.300000000000000000e+02,9.310000000000000000e+02,9.320000000000000000e+02,9.330000000000000000e+02,9.340000000000000000e+02,9.350000000000000000e+02,9.360000000000000000e+02,9.370000000000000000e+02,9.380000000000000000e+02,9.390000000000000000e+02,9.400000000000000000e+02,9.410000000000000000e+02,9.420000000000000000e+02,9.430000000000000000e+02,9.440000000000000000e+02,9.450000000000000000e+02,9.460000000000000000e+02,9.470000000000000000e+02,9.480000000000000000e+02,9.490000000000000000e+02,9.500000000000000000e+02,9.510000000000000000e+02,9.520000000000000000e+02,9.530000000000000000e+02,9.540000000000000000e+02,9.550000000000000000e+02,9.560000000000000000e+02,9.570000000000000000e+02,9.580000000000000000e+02,9.590000000000000000e+02,9.600000000000000000e+02,9.610000000000000000e+02,9.620000000000000000e+02,9.630000000000000000e+02,9.640000000000000000e+02,9.650000000000000000e+02,9.660000000000000000e+02,9.670000000000000000e+02,9.680000000000000000e+02,9.690000000000000000e+02,9.700000000000000000e+02,9.710000000000000000e+02,9.720000000000000000e+02,9.730000000000000000e+02,9.740000000000000000e+02,9.750000000000000000e+02,9.760000000000000000e+02,9.770000000000000000e+02,9.780000000000000000e+02,9.790000000000000000e+02,9.800000000000000000e+02,9.810000000000000000e+02,9.820000000000000000e+02,9.830000000000000000e+02,9.840000000000000000e+02,9.850000000000000000e+02,9.860000000000000000e+02,9.870000000000000000e+02,9.880000000000000000e+02,9.890000000000000000e+02,9.900000000000000000e+02,9.910000000000000000e+02,9.920000000000000000e+02,9.930000000000000000e+02,9.940000000000000000e+02,9.950000000000000000e+02,9.960000000000000000e+02,9.970000000000000000e+02,9.980000000000000000e+02,9.990000000000000000e+02,1.000000000000000000e+03,1.001000000000000000e+03,1.002000000000000000e+03,8.560000000000000000e+02,8.570000000000000000e+02,8.580000000000000000e+02,8.590000000000000000e+02,8.600000000000000000e+02,8.610000000000000000e+02,8.620000000000000000e+02,8.630000000000000000e+02,8.640000000000000000e+02,8.650000000000000000e+02,8.660000000000000000e+02,8.670000000000000000e+02,8.680000000000000000e+02,8.690000000000000000e+02,8.700000000000000000e+02,8.710000000000000000e+02,8.720000000000000000e+02,8.730000000000000000e+02,8.740000000000000000e+02,8.750000000000000000e+02,8.760000000000000000e+02,8.770000000000000000e+02,8.780000000000000000e+02,8.790000000000000000e+02,8.800000000000000000e+02,8.810000000000000000e+02,8.820000000000000000e+02,8.830000000000000000e+02,8.840000000000000000e+02,8.850000000000000000e+02,8.860000000000000000e+02,8.870000000000000000e+02,8.880000000000000000e+02,8.890000000000000000e+02,8.900000000000000000e+02,8.910000000000000000e+02,8.920000000000000000e+02,8.930000000000000000e+02,8.940000000000000000e+02,8.950000000000000000e+02,8.960000000000000000e+02,8.970000000000000000e+02,8.980000000000000000e+02,8.990000000000000000e+02,9.000000000000000000e+02,9.010000000000000000e+02,9.020000000000000000e+02,9.030000000000000000e+02,9.040000000000000000e+02,9.050000000000000000e+02,9.060000000000000000e+02,9.070000000000000000e+02,9.080000000000000000e+02,9.090000000000000000e+02,9.100000000000000000e+02,9.110000000000000000e+02,9.120000000000000000e+02,9.130000000000000000e+02,9.140000000000000000e+02,9.150000000000000000e+02,9.160000000000000000e+02,9.170000000000000000e+02,9.180000000000000000e+02,9.190000000000000000e+02,9.200000000000000000e+02,9.210000000000000000e+02,9.220000000000000000e+02,9.230000000000000000e+02,9.240000000000000000e+02,9.250000000000000000e+02,9.260000000000000000e+02,9.270000000000000000e+02,9.280000000000000000e+02,9.290000000000000000e+02,9.300000000000000000e+02,9.310000000000000000e+02,9.320000000000000000e+02,9.330000000000000000e+02,9.340000000000000000e+02,9.350000000000000000e+02,9.360000000000000000e+02,9.370000000000000000e+02,9.380000000000000000e+02,9.390000000000000000e+02,9.400000000000000000e+02,9.410000000000000000e+02,9.420000000000000000e+02,9.430000000000000000e+02,9.440000000000000000e+02,9.450000000000000000e+02,9.460000000000000000e+02,9.470000000000000000e+02,9.480000000000000000e+02,9.490000000000000000e+02,9.500000000000000000e+02,9.510000000000000000e+02,9.520000000000000000e+02,9.530000000000000000e+02,9.540000000000000000e+02,9.550000000000000000e+02,9.560000000000000000e+02,9.570000000000000000e+02,9.580000000000000000e+02,9.590000000000000000e+02,9.600000000000000000e+02,9.610000000000000000e+02,9.620000000000000000e+02,9.630000000000000000e+02,9.640000000000000000e+02,9.650000000000000000e+02,9.660000000000000000e+02,9.670000000000000000e+02,9.680000000000000000e+02,9.690000000000000000e+02,9.700000000000000000e+02,9.710000000000000000e+02,9.720000000000000000e+02,9.730000000000000000e+02,9.740000000000000000e+02,9.750000000000000000e+02,9.760000000000000000e+02,9.770000000000000000e+02,9.780000000000000000e+02,9.790000000000000000e+02,9.800000000000000000e+02,9.810000000000000000e+02,9.820000000000000000e+02,9.830000000000000000e+02,9.840000000000000000e+02,9.850000000000000000e+02,9.860000000000000000e+02,9.870000000000000000e+02,9.880000000000000000e+02,9.890000000000000000e+02,9.900000000000000000e+02,9.910000000000000000e+02,9.920000000000000000e+02,9.930000000000000000e+02,9.940000000000000000e+02,9.950000000000000000e+02,9.960000000000000000e+02,9.970000000000000000e+02,9.980000000000000000e+02,9.990000000000000000e+02,1.000000000000000000e+03,1.001000000000000000e+03,8.560000000000000000e+02,8.570000000000000000e+02,8.580000000000000000e+02,8.590000000000000000e+02,8.600000000000000000e+02,8.610000000000000000e+02,8.620000000000000000e+02,8.630000000000000000e+02,8.640000000000000000e+02,8.650000000000000000e+02,8.660000000000000000e+02,8.670000000000000000e+02,8.680000000000000000e+02,8.690000000000000000e+02,8.700000000000000000e+02,8.710000000000000000e+02,8.720000000000000000e+02,8.730000000000000000e+02,8.740000000000000000e+02,8.750000000000000000e+02,8.760000000000000000e+02,8.770000000000000000e+02,8.780000000000000000e+02,8.790000000000000000e+02,8.800000000000000000e+02,8.810000000000000000e+02,8.820000000000000000e+02,8.830000000000000000e+02,8.840000000000000000e+02,8.850000000000000000e+02,8.860000000000000000e+02,8.870000000000000000e+02,8.880000000000000000e+02,8.890000000000000000e+02,8.900000000000000000e+02,8.910000000000000000e+02,8.920000000000000000e+02,8.930000000000000000e+02,8.940000000000000000e+02,8.950000000000000000e+02,8.960000000000000000e+02,8.970000000000000000e+02,8.980000000000000000e+02,8.990000000000000000e+02,9.000000000000000000e+02,9.010000000000000000e+02,9.020000000000000000e+02,9.030000000000000000e+02,9.040000000000000000e+02,9.050000000000000000e+02,9.060000000000000000e+02,9.070000000000000000e+02,9.080000000000000000e+02,9.090000000000000000e+02,9.100000000000000000e+02,9.110000000000000000e+02,9.120000000000000000e+02,9.130000000000000000e+02,9.140000000000000000e+02,9.150000000000000000e+02,9.160000000000000000e+02,9.170000000000000000e+02,9.180000000000000000e+02,9.190000000000000000e+02,9.200000000000000000e+02,9.210000000000000000e+02,9.220000000000000000e+02,9.230000000000000000e+02,9.240000000000000000e+02,9.250000000000000000e+02,9.260000000000000000e+02,9.270000000000000000e+02,9.280000000000000000e+02,9.290000000000000000e+02,9.300000000000000000e+02,9.310000000000000000e+02,9.320000000000000000e+02,9.330000000000000000e+02,9.340000000000000000e+02,9.350000000000000000e+02,9.360000000000000000e+02,9.370000000000000000e+02,9.380000000000000000e+02,9.390000000000000000e+02,9.400000000000000000e+02,9.410000000000000000e+02,9.420000000000000000e+02,9.430000000000000000e+02,9.440000000000000000e+02,9.450000000000000000e+02,9.460000000000000000e+02,9.470000000000000000e+02,9.480000000000000000e+02,9.490000000000000000e+02,9.500000000000000000e+02,9.510000000000000000e+02,9.520000000000000000e+02,9.530000000000000000e+02,9.540000000000000000e+02,9.550000000000000000e+02,9.560000000000000000e+02,9.570000000000000000e+02,9.580000000000000000e+02,9.590000000000000000e+02,9.600000000000000000e+02,9.610000000000000000e+02,9.620000000000000000e+02,9.630000000000000000e+02,9.640000000000000000e+02,9.650000000000000000e+02,9.660000000000000000e+02,9.670000000000000000e+02,9.680000000000000000e+02,9.690000000000000000e+02,9.700000000000000000e+02,9.710000000000000000e+02,9.720000000000000000e+02,9.730000000000000000e+02,9.740000000000000000e+02,9.750000000000000000e+02,9.760000000000000000e+02,9.770000000000000000e+02,9.780000000000000000e+02,9.790000000000000000e+02,9.800000000000000000e+02,9.810000000000000000e+02,9.820000000000000000e+02,9.830000000000000000e+02,9.840000000000000000e+02,9.850000000000000000e+02,9.860000000000000000e+02,9.870000000000000000e+02,9.880000000000000000e+02,9.890000000000000000e+02,9.900000000000000000e+02,9.910000000000000000e+02,9.920000000000000000e+02,9.930000000000000000e+02,9.940000000000000000e+02,9.950000000000000000e+02,9.960000000000000000e+02,9.970000000000000000e+02,9.980000000000000000e+02,9.990000000000000000e+02,1.000000000000000000e+03,1.001000000000000000e+03,8.560000000000000000e+02,8.570000000000000000e+02,8.580000000000000000e+02,8.590000000000000000e+02,8.600000000000000000e+02,8.610000000000000000e+02,8.620000000000000000e+02,8.630000000000000000e+02,8.640000000000000000e+02,8.650000000000000000e+02,8.660000000000000000e+02,8.670000000000000000e+02,8.680000000000000000e+02,8.690000000000000000e+02,8.700000000000000000e+02,8.710000000000000000e+02,8.720000000000000000e+02,8.730000000000000000e+02,8.740000000000000000e+02,8.750000000000000000e+02,8.760000000000000000e+02,8.770000000000000000e+02,8.780000000000000000e+02,8.790000000000000000e+02,8.800000000000000000e+02,8.810000000000000000e+02,8.820000000000000000e+02,8.830000000000000000e+02,8.840000000000000000e+02,8.850000000000000000e+02,8.860000000000000000e+02,8.870000000000000000e+02,8.880000000000000000e+02,8.890000000000000000e+02,8.900000000000000000e+02,8.910000000000000000e+02,8.920000000000000000e+02,8.930000000000000000e+02,8.940000000000000000e+02,8.950000000000000000e+02,8.960000000000000000e+02,8.970000000000000000e+02,8.980000000000000000e+02,8.990000000000000000e+02,9.000000000000000000e+02,9.010000000000000000e+02,9.020000000000000000e+02,9.030000000000000000e+02,9.040000000000000000e+02,9.050000000000000000e+02,9.060000000000000000e+02,9.070000000000000000e+02,9.080000000000000000e+02,9.090000000000000000e+02,9.100000000000000000e+02,9.110000000000000000e+02,9.120000000000000000e+02,9.130000000000000000e+02,9.140000000000000000e+02,9.150000000000000000e+02,9.160000000000000000e+02,9.170000000000000000e+02,9.180000000000000000e+02,9.190000000000000000e+02,9.200000000000000000e+02,9.210000000000000000e+02,9.220000000000000000e+02,9.230000000000000000e+02,9.240000000000000000e+02,9.250000000000000000e+02,9.260000000000000000e+02,9.270000000000000000e+02,9.280000000000000000e+02,9.290000000000000000e+02,9.300000000000000000e+02,9.310000000000000000e+02,9.320000000000000000e+02,9.330000000000000000e+02,9.340000000000000000e+02,9.350000000000000000e+02,9.360000000000000000e+02,9.370000000000000000e+02,9.380000000000000000e+02,9.390000000000000000e+02,9.400000000000000000e+02,9.410000000000000000e+02,9.420000000000000000e+02,9.430000000000000000e+02,9.440000000000000000e+02,9.450000000000000000e+02,9.460000000000000000e+02,9.470000000000000000e+02,9.480000000000000000e+02,9.490000000000000000e+02,9.500000000000000000e+02,9.510000000000000000e+02,9.520000000000000000e+02,9.530000000000000000e+02,9.540000000000000000e+02,9.550000000000000000e+02,9.560000000000000000e+02,9.570000000000000000e+02,9.580000000000000000e+02,9.590000000000000000e+02,9.600000000000000000e+02,9.610000000000000000e+02,9.620000000000000000e+02,9.630000000000000000e+02,9.640000000000000000e+02,9.650000000000000000e+02,9.660000000000000000e+02,9.670000000000000000e+02,9.680000000000000000e+02,9.690000000000000000e+02,9.700000000000000000e+02,9.710000000000000000e+02,9.720000000000000000e+02,9.730000000000000000e+02,9.740000000000000000e+02,9.750000000000000000e+02,9.760000000000000000e+02,9.770000000000000000e+02,9.780000000000000000e+02,9.790000000000000000e+02,9.800000000000000000e+02,9.810000000000000000e+02,9.820000000000000000e+02,9.830000000000000000e+02,9.840000000000000000e+02,9.850000000000000000e+02,9.860000000000000000e+02,9.870000000000000000e+02,9.880000000000000000e+02,9.890000000000000000e+02,9.900000000000000000e+02,9.910000000000000000e+02,9.920000000000000000e+02,9.930000000000000000e+02,9.940000000000000000e+02,9.950000000000000000e+02,9.960000000000000000e+02,9.970000000000000000e+02,9.980000000000000000e+02,9.990000000000000000e+02,1.000000000000000000e+03,1.001000000000000000e+03,8.560000000000000000e+02,8.570000000000000000e+02,8.580000000000000000e+02,8.590000000000000000e+02,8.600000000000000000e+02,8.610000000000000000e+02,8.620000000000000000e+02,8.630000000000000000e+02,8.640000000000000000e+02,8.650000000000000000e+02,8.660000000000000000e+02,8.670000000000000000e+02,8.680000000000000000e+02,8.690000000000000000e+02,8.700000000000000000e+02,8.710000000000000000e+02,8.720000000000000000e+02,8.730000000000000000e+02,8.740000000000000000e+02,8.750000000000000000e+02,8.760000000000000000e+02,8.770000000000000000e+02,8.780000000000000000e+02,8.790000000000000000e+02,8.800000000000000000e+02,8.810000000000000000e+02,8.820000000000000000e+02,8.830000000000000000e+02,8.840000000000000000e+02,8.850000000000000000e+02,8.860000000000000000e+02,8.870000000000000000e+02,8.880000000000000000e+02,8.890000000000000000e+02,8.900000000000000000e+02,8.910000000000000000e+02,8.920000000000000000e+02,8.930000000000000000e+02,8.940000000000000000e+02,8.950000000000000000e+02,8.960000000000000000e+02,8.970000000000000000e+02,8.980000000000000000e+02,8.990000000000000000e+02,9.000000000000000000e+02,9.010000000000000000e+02,9.020000000000000000e+02,9.030000000000000000e+02,9.040000000000000000e+02,9.050000000000000000e+02,9.060000000000000000e+02,9.070000000000000000e+02,9.080000000000000000e+02,9.090000000000000000e+02,9.100000000000000000e+02,9.110000000000000000e+02,9.120000000000000000e+02,9.130000000000000000e+02,9.140000000000000000e+02,9.150000000000000000e+02,9.160000000000000000e+02,9.170000000000000000e+02,9.180000000000000000e+02,9.190000000000000000e+02,9.200000000000000000e+02,9.210000000000000000e+02,9.220000000000000000e+02,9.230000000000000000e+02,9.240000000000000000e+02,9.250000000000000000e+02,9.260000000000000000e+02,9.270000000000000000e+02,9.280000000000000000e+02,9.290000000000000000e+02,9.300000000000000000e+02,9.310000000000000000e+02,9.320000000000000000e+02,9.330000000000000000e+02,9.340000000000000000e+02,9.350000000000000000e+02,9.360000000000000000e+02,9.370000000000000000e+02,9.380000000000000000e+02,9.390000000000000000e+02,9.400000000000000000e+02,9.410000000000000000e+02,9.420000000000000000e+02,9.430000000000000000e+02,9.440000000000000000e+02,9.450000000000000000e+02,9.460000000000000000e+02,9.470000000000000000e+02,9.480000000000000000e+02,9.490000000000000000e+02,9.500000000000000000e+02,9.510000000000000000e+02,9.520000000000000000e+02,9.530000000000000000e+02,9.540000000000000000e+02,9.550000000000000000e+02,9.560000000000000000e+02,9.570000000000000000e+02,9.580000000000000000e+02,9.590000000000000000e+02,9.600000000000000000e+02,9.610000000000000000e+02,9.620000000000000000e+02,9.630000000000000000e+02,9.640000000000000000e+02,9.650000000000000000e+02,9.660000000000000000e+02,9.670000000000000000e+02,9.680000000000000000e+02,9.690000000000000000e+02,9.700000000000000000e+02,9.710000000000000000e+02,9.720000000000000000e+02,9.730000000000000000e+02,9.740000000000000000e+02,9.750000000000000000e+02,9.760000000000000000e+02,9.770000000000000000e+02,9.780000000000000000e+02,9.790000000000000000e+02,9.800000000000000000e+02,9.810000000000000000e+02,9.820000000000000000e+02,9.830000000000000000e+02,9.840000000000000000e+02,9.850000000000000000e+02,9.860000000000000000e+02,9.870000000000000000e+02,9.880000000000000000e+02,9.890000000000000000e+02,9.900000000000000000e+02,9.910000000000000000e+02,9.920000000000000000e+02,9.930000000000000000e+02,9.940000000000000000e+02,9.950000000000000000e+02,9.960000000000000000e+02,9.970000000000000000e+02,9.980000000000000000e+02,9.990000000000000000e+02,1.000000000000000000e+03,1.001000000000000000e+03,8.560000000000000000e+02,8.570000000000000000e+02,8.580000000000000000e+02,8.590000000000000000e+02,8.600000000000000000e+02,8.610000000000000000e+02,8.620000000000000000e+02,8.630000000000000000e+02,8.640000000000000000e+02,8.650000000000000000e+02,8.660000000000000000e+02,8.670000000000000000e+02,8.680000000000000000e+02,8.690000000000000000e+02,8.700000000000000000e+02,8.710000000000000000e+02,8.720000000000000000e+02,8.730000000000000000e+02,8.740000000000000000e+02,8.750000000000000000e+02,8.760000000000000000e+02,8.770000000000000000e+02,8.780000000000000000e+02,8.790000000000000000e+02,8.800000000000000000e+02,8.810000000000000000e+02,8.820000000000000000e+02,8.830000000000000000e+02,8.840000000000000000e+02,8.850000000000000000e+02,8.860000000000000000e+02,8.870000000000000000e+02,8.880000000000000000e+02,8.890000000000000000e+02,8.900000000000000000e+02,8.910000000000000000e+02,8.920000000000000000e+02,8.930000000000000000e+02,8.940000000000000000e+02,8.950000000000000000e+02,8.960000000000000000e+02,8.970000000000000000e+02,8.980000000000000000e+02,8.990000000000000000e+02,9.000000000000000000e+02,9.010000000000000000e+02,9.020000000000000000e+02,9.030000000000000000e+02,9.040000000000000000e+02,9.050000000000000000e+02,9.060000000000000000e+02,9.070000000000000000e+02,9.080000000000000000e+02,9.090000000000000000e+02,9.100000000000000000e+02,9.110000000000000000e+02,9.120000000000000000e+02,9.130000000000000000e+02,9.140000000000000000e+02,9.150000000000000000e+02,9.160000000000000000e+02,9.170000000000000000e+02,9.180000000000000000e+02,9.190000000000000000e+02,9.200000000000000000e+02,9.210000000000000000e+02,9.220000000000000000e+02,9.230000000000000000e+02,9.240000000000000000e+02,9.250000000000000000e+02,9.260000000000000000e+02,9.270000000000000000e+02,9.280000000000000000e+02,9.290000000000000000e+02,9.300000000000000000e+02,9.310000000000000000e+02,9.320000000000000000e+02,9.330000000000000000e+02,9.340000000000000000e+02,9.350000000000000000e+02,9.360000000000000000e+02,9.370000000000000000e+02,9.380000000000000000e+02,9.390000000000000000e+02,9.400000000000000000e+02,9.410000000000000000e+02,9.420000000000000000e+02,9.430000000000000000e+02,9.440000000000000000e+02,9.450000000000000000e+02,9.460000000000000000e+02,9.470000000000000000e+02,9.480000000000000000e+02,9.490000000000000000e+02,9.500000000000000000e+02,9.510000000000000000e+02,9.520000000000000000e+02,9.530000000000000000e+02,9.540000000000000000e+02,9.550000000000000000e+02,9.560000000000000000e+02,9.570000000000000000e+02,9.580000000000000000e+02,9.590000000000000000e+02,9.600000000000000000e+02,9.610000000000000000e+02,9.620000000000000000e+02,9.630000000000000000e+02,9.640000000000000000e+02,9.650000000000000000e+02,9.660000000000000000e+02,9.670000000000000000e+02,9.680000000000000000e+02,9.690000000000000000e+02,9.700000000000000000e+02,9.710000000000000000e+02,9.720000000000000000e+02,9.730000000000000000e+02,9.740000000000000000e+02,9.750000000000000000e+02,9.760000000000000000e+02,9.770000000000000000e+02,9.780000000000000000e+02,9.790000000000000000e+02,9.800000000000000000e+02,9.810000000000000000e+02,9.820000000000000000e+02,9.830000000000000000e+02,9.840000000000000000e+02,9.850000000000000000e+02,9.860000000000000000e+02,9.870000000000000000e+02,9.880000000000000000e+02,9.890000000000000000e+02,9.900000000000000000e+02,9.910000000000000000e+02,9.920000000000000000e+02,9.930000000000000000e+02,9.940000000000000000e+02,9.950000000000000000e+02,9.960000000000000000e+02,9.970000000000000000e+02,9.980000000000000000e+02,9.990000000000000000e+02,1.000000000000000000e+03,8.560000000000000000e+02,8.570000000000000000e+02,8.580000000000000000e+02,8.590000000000000000e+02,8.600000000000000000e+02,8.610000000000000000e+02,8.620000000000000000e+02,8.630000000000000000e+02,8.640000000000000000e+02,8.650000000000000000e+02,8.660000000000000000e+02,8.670000000000000000e+02,8.680000000000000000e+02,8.690000000000000000e+02,8.700000000000000000e+02,8.710000000000000000e+02,8.720000000000000000e+02,8.730000000000000000e+02,8.740000000000000000e+02,8.750000000000000000e+02,8.760000000000000000e+02,8.770000000000000000e+02,8.780000000000000000e+02,8.790000000000000000e+02,8.800000000000000000e+02,8.810000000000000000e+02,8.820000000000000000e+02,8.830000000000000000e+02,8.840000000000000000e+02,8.850000000000000000e+02,8.860000000000000000e+02,8.870000000000000000e+02,8.880000000000000000e+02,8.890000000000000000e+02,8.900000000000000000e+02,8.910000000000000000e+02,8.920000000000000000e+02,8.930000000000000000e+02,8.940000000000000000e+02,8.950000000000000000e+02,8.960000000000000000e+02,8.970000000000000000e+02,8.980000000000000000e+02,8.990000000000000000e+02,9.000000000000000000e+02,9.010000000000000000e+02,9.020000000000000000e+02,9.030000000000000000e+02,9.040000000000000000e+02,9.050000000000000000e+02,9.060000000000000000e+02,9.070000000000000000e+02,9.080000000000000000e+02,9.090000000000000000e+02,9.100000000000000000e+02,9.110000000000000000e+02,9.120000000000000000e+02,9.130000000000000000e+02,9.140000000000000000e+02,9.150000000000000000e+02,9.160000000000000000e+02,9.170000000000000000e+02,9.180000000000000000e+02,9.190000000000000000e+02,9.200000000000000000e+02,9.210000000000000000e+02,9.220000000000000000e+02,9.230000000000000000e+02,9.240000000000000000e+02,9.250000000000000000e+02,9.260000000000000000e+02,9.270000000000000000e+02,9.280000000000000000e+02,9.290000000000000000e+02,9.300000000000000000e+02,9.310000000000000000e+02,9.320000000000000000e+02,9.330000000000000000e+02,9.340000000000000000e+02,9.350000000000000000e+02,9.360000000000000000e+02,9.370000000000000000e+02,9.380000000000000000e+02,9.390000000000000000e+02,9.400000000000000000e+02,9.410000000000000000e+02,9.420000000000000000e+02,9.430000000000000000e+02,9.440000000000000000e+02,9.450000000000000000e+02,9.460000000000000000e+02,9.470000000000000000e+02,9.480000000000000000e+02,9.490000000000000000e+02,9.500000000000000000e+02,9.510000000000000000e+02,9.520000000000000000e+02,9.530000000000000000e+02,9.540000000000000000e+02,9.550000000000000000e+02,9.560000000000000000e+02,9.570000000000000000e+02,9.580000000000000000e+02,9.590000000000000000e+02,9.600000000000000000e+02,9.610000000000000000e+02,9.620000000000000000e+02,9.630000000000000000e+02,9.640000000000000000e+02,9.650000000000000000e+02,9.660000000000000000e+02,9.670000000000000000e+02,9.680000000000000000e+02,9.690000000000000000e+02,9.700000000000000000e+02,9.710000000000000000e+02,9.720000000000000000e+02,9.730000000000000000e+02,9.740000000000000000e+02,9.750000000000000000e+02,9.760000000000000000e+02,9.770000000000000000e+02,9.780000000000000000e+02,9.790000000000000000e+02,9.800000000000000000e+02,9.810000000000000000e+02,9.820000000000000000e+02,9.830000000000000000e+02,9.840000000000000000e+02,9.850000000000000000e+02,9.860000000000000000e+02,9.870000000000000000e+02,9.880000000000000000e+02,9.890000000000000000e+02,9.900000000000000000e+02,9.910000000000000000e+02,9.920000000000000000e+02,9.930000000000000000e+02,9.940000000000000000e+02,9.950000000000000000e+02,9.960000000000000000e+02,9.970000000000000000e+02,9.980000000000000000e+02,9.990000000000000000e+02,1.000000000000000000e+03,8.560000000000000000e+02,8.570000000000000000e+02,8.580000000000000000e+02,8.590000000000000000e+02,8.600000000000000000e+02,8.610000000000000000e+02,8.620000000000000000e+02,8.630000000000000000e+02,8.640000000000000000e+02,8.650000000000000000e+02,8.660000000000000000e+02,8.670000000000000000e+02,8.680000000000000000e+02,8.690000000000000000e+02,8.700000000000000000e+02,8.710000000000000000e+02,8.720000000000000000e+02,8.730000000000000000e+02,8.740000000000000000e+02,8.750000000000000000e+02,8.760000000000000000e+02,8.770000000000000000e+02,8.780000000000000000e+02,8.790000000000000000e+02,8.800000000000000000e+02,8.810000000000000000e+02,8.820000000000000000e+02,8.830000000000000000e+02,8.840000000000000000e+02,8.850000000000000000e+02,8.860000000000000000e+02,8.870000000000000000e+02,8.880000000000000000e+02,8.890000000000000000e+02,8.900000000000000000e+02,8.910000000000000000e+02,8.920000000000000000e+02,8.930000000000000000e+02,8.940000000000000000e+02,8.950000000000000000e+02,8.960000000000000000e+02,8.970000000000000000e+02,8.980000000000000000e+02,8.990000000000000000e+02,9.000000000000000000e+02,9.010000000000000000e+02,9.020000000000000000e+02,9.030000000000000000e+02,9.040000000000000000e+02,9.050000000000000000e+02,9.060000000000000000e+02,9.070000000000000000e+02,9.080000000000000000e+02,9.090000000000000000e+02,9.100000000000000000e+02,9.110000000000000000e+02,9.120000000000000000e+02,9.130000000000000000e+02,9.140000000000000000e+02,9.150000000000000000e+02,9.160000000000000000e+02,9.170000000000000000e+02,9.180000000000000000e+02,9.190000000000000000e+02,9.200000000000000000e+02,9.210000000000000000e+02,9.220000000000000000e+02,9.230000000000000000e+02,9.240000000000000000e+02,9.250000000000000000e+02,9.260000000000000000e+02,9.270000000000000000e+02,9.280000000000000000e+02,9.290000000000000000e+02,9.300000000000000000e+02,9.310000000000000000e+02,9.320000000000000000e+02,9.330000000000000000e+02,9.340000000000000000e+02,9.350000000000000000e+02,9.360000000000000000e+02,9.370000000000000000e+02,9.380000000000000000e+02,9.390000000000000000e+02,9.400000000000000000e+02,9.410000000000000000e+02,9.420000000000000000e+02,9.430000000000000000e+02,9.440000000000000000e+02,9.450000000000000000e+02,9.460000000000000000e+02,9.470000000000000000e+02,9.480000000000000000e+02,9.490000000000000000e+02,9.500000000000000000e+02,9.510000000000000000e+02,9.520000000000000000e+02,9.530000000000000000e+02,9.540000000000000000e+02,9.550000000000000000e+02,9.560000000000000000e+02,9.570000000000000000e+02,9.580000000000000000e+02,9.590000000000000000e+02,9.600000000000000000e+02,9.610000000000000000e+02,9.620000000000000000e+02,9.630000000000000000e+02,9.640000000000000000e+02,9.650000000000000000e+02,9.660000000000000000e+02,9.670000000000000000e+02,9.680000000000000000e+02,9.690000000000000000e+02,9.700000000000000000e+02,9.710000000000000000e+02,9.720000000000000000e+02,9.730000000000000000e+02,9.740000000000000000e+02,9.750000000000000000e+02,9.760000000000000000e+02,9.770000000000000000e+02,9.780000000000000000e+02,9.790000000000000000e+02,9.800000000000000000e+02,9.810000000000000000e+02,9.820000000000000000e+02,9.830000000000000000e+02,9.840000000000000000e+02,9.850000000000000000e+02,9.860000000000000000e+02,9.870000000000000000e+02,9.880000000000000000e+02,9.890000000000000000e+02,9.900000000000000000e+02,9.910000000000000000e+02,9.920000000000000000e+02,9.930000000000000000e+02,9.940000000000000000e+02,9.950000000000000000e+02,9.960000000000000000e+02,9.970000000000000000e+02,9.980000000000000000e+02,9.990000000000000000e+02,1.000000000000000000e+03,8.550000000000000000e+02,8.560000000000000000e+02,8.570000000000000000e+02,8.580000000000000000e+02,8.590000000000000000e+02,8.600000000000000000e+02,8.610000000000000000e+02,8.620000000000000000e+02,8.630000000000000000e+02,8.640000000000000000e+02,8.650000000000000000e+02,8.660000000000000000e+02,8.670000000000000000e+02,8.680000000000000000e+02,8.690000000000000000e+02,8.700000000000000000e+02,8.710000000000000000e+02,8.720000000000000000e+02,8.730000000000000000e+02,8.740000000000000000e+02,8.750000000000000000e+02,8.760000000000000000e+02,8.770000000000000000e+02,8.780000000000000000e+02,8.790000000000000000e+02,8.800000000000000000e+02,8.810000000000000000e+02,8.820000000000000000e+02,8.830000000000000000e+02,8.840000000000000000e+02,8.850000000000000000e+02,8.860000000000000000e+02,8.870000000000000000e+02,8.880000000000000000e+02,8.890000000000000000e+02,8.900000000000000000e+02,8.910000000000000000e+02,8.920000000000000000e+02,8.930000000000000000e+02,8.940000000000000000e+02,8.950000000000000000e+02,8.960000000000000000e+02,8.970000000000000000e+02,8.980000000000000000e+02,8.990000000000000000e+02,9.000000000000000000e+02,9.010000000000000000e+02,9.020000000000000000e+02,9.030000000000000000e+02,9.040000000000000000e+02,9.050000000000000000e+02,9.060000000000000000e+02,9.070000000000000000e+02,9.080000000000000000e+02,9.090000000000000000e+02,9.100000000000000000e+02,9.110000000000000000e+02,9.120000000000000000e+02,9.130000000000000000e+02,9.140000000000000000e+02,9.150000000000000000e+02,9.160000000000000000e+02,9.170000000000000000e+02,9.180000000000000000e+02,9.190000000000000000e+02,9.200000000000000000e+02,9.210000000000000000e+02,9.220000000000000000e+02,9.230000000000000000e+02,9.240000000000000000e+02,9.250000000000000000e+02,9.260000000000000000e+02,9.270000000000000000e+02,9.280000000000000000e+02,9.290000000000000000e+02,9.300000000000000000e+02,9.310000000000000000e+02,9.320000000000000000e+02,9.330000000000000000e+02,9.340000000000000000e+02,9.350000000000000000e+02,9.360000000000000000e+02,9.370000000000000000e+02,9.380000000000000000e+02,9.390000000000000000e+02,9.400000000000000000e+02,9.410000000000000000e+02,9.420000000000000000e+02,9.430000000000000000e+02,9.440000000000000000e+02,9.450000000000000000e+02,9.460000000000000000e+02,9.470000000000000000e+02,9.480000000000000000e+02,9.490000000000000000e+02,9.500000000000000000e+02,9.510000000000000000e+02,9.520000000000000000e+02,9.530000000000000000e+02,9.540000000000000000e+02,9.550000000000000000e+02,9.560000000000000000e+02,9.570000000000000000e+02,9.580000000000000000e+02,9.590000000000000000e+02,9.600000000000000000e+02,9.610000000000000000e+02,9.620000000000000000e+02,9.630000000000000000e+02,9.640000000000000000e+02,9.650000000000000000e+02,9.660000000000000000e+02,9.670000000000000000e+02,9.680000000000000000e+02,9.690000000000000000e+02,9.700000000000000000e+02,9.710000000000000000e+02,9.720000000000000000e+02,9.730000000000000000e+02,9.740000000000000000e+02,9.750000000000000000e+02,9.760000000000000000e+02,9.770000000000000000e+02,9.780000000000000000e+02,9.790000000000000000e+02,9.800000000000000000e+02,9.810000000000000000e+02,9.820000000000000000e+02,9.830000000000000000e+02,9.840000000000000000e+02,9.850000000000000000e+02,9.860000000000000000e+02,9.870000000000000000e+02,9.880000000000000000e+02,9.890000000000000000e+02,9.900000000000000000e+02,9.910000000000000000e+02,9.920000000000000000e+02,9.930000000000000000e+02,9.940000000000000000e+02,9.950000000000000000e+02,9.960000000000000000e+02,9.970000000000000000e+02,9.980000000000000000e+02,9.990000000000000000e+02,1.000000000000000000e+03,8.550000000000000000e+02,8.560000000000000000e+02,8.570000000000000000e+02,8.580000000000000000e+02,8.590000000000000000e+02,8.600000000000000000e+02,8.610000000000000000e+02,8.620000000000000000e+02,8.630000000000000000e+02,8.640000000000000000e+02,8.650000000000000000e+02,8.660000000000000000e+02,8.670000000000000000e+02,8.680000000000000000e+02,8.690000000000000000e+02,8.700000000000000000e+02,8.710000000000000000e+02,8.720000000000000000e+02,8.730000000000000000e+02,8.740000000000000000e+02,8.750000000000000000e+02,8.760000000000000000e+02,8.770000000000000000e+02,8.780000000000000000e+02,8.790000000000000000e+02,8.800000000000000000e+02,8.810000000000000000e+02,8.820000000000000000e+02,8.830000000000000000e+02,8.840000000000000000e+02,8.850000000000000000e+02,8.860000000000000000e+02,8.870000000000000000e+02,8.880000000000000000e+02,8.890000000000000000e+02,8.900000000000000000e+02,8.910000000000000000e+02,8.920000000000000000e+02,8.930000000000000000e+02,8.940000000000000000e+02,8.950000000000000000e+02,8.960000000000000000e+02,8.970000000000000000e+02,8.980000000000000000e+02,8.990000000000000000e+02,9.000000000000000000e+02,9.010000000000000000e+02,9.020000000000000000e+02,9.030000000000000000e+02,9.040000000000000000e+02,9.050000000000000000e+02,9.060000000000000000e+02,9.070000000000000000e+02,9.080000000000000000e+02,9.090000000000000000e+02,9.100000000000000000e+02,9.110000000000000000e+02,9.120000000000000000e+02,9.130000000000000000e+02,9.140000000000000000e+02,9.150000000000000000e+02,9.160000000000000000e+02,9.170000000000000000e+02,9.180000000000000000e+02,9.190000000000000000e+02,9.200000000000000000e+02,9.210000000000000000e+02,9.220000000000000000e+02,9.230000000000000000e+02,9.240000000000000000e+02,9.250000000000000000e+02,9.260000000000000000e+02,9.270000000000000000e+02,9.280000000000000000e+02,9.290000000000000000e+02,9.300000000000000000e+02,9.310000000000000000e+02,9.320000000000000000e+02,9.330000000000000000e+02,9.340000000000000000e+02,9.350000000000000000e+02,9.360000000000000000e+02,9.370000000000000000e+02,9.380000000000000000e+02,9.390000000000000000e+02,9.400000000000000000e+02,9.410000000000000000e+02,9.420000000000000000e+02,9.430000000000000000e+02,9.440000000000000000e+02,9.450000000000000000e+02,9.460000000000000000e+02,9.470000000000000000e+02,9.480000000000000000e+02,9.490000000000000000e+02,9.500000000000000000e+02,9.510000000000000000e+02,9.520000000000000000e+02,9.530000000000000000e+02,9.540000000000000000e+02,9.550000000000000000e+02,9.560000000000000000e+02,9.570000000000000000e+02,9.580000000000000000e+02,9.590000000000000000e+02,9.600000000000000000e+02,9.610000000000000000e+02,9.620000000000000000e+02,9.630000000000000000e+02,9.640000000000000000e+02,9.650000000000000000e+02,9.660000000000000000e+02,9.670000000000000000e+02,9.680000000000000000e+02,9.690000000000000000e+02,9.700000000000000000e+02,9.710000000000000000e+02,9.720000000000000000e+02,9.730000000000000000e+02,9.740000000000000000e+02,9.750000000000000000e+02,9.760000000000000000e+02,9.770000000000000000e+02,9.780000000000000000e+02,9.790000000000000000e+02,9.800000000000000000e+02,9.810000000000000000e+02,9.820000000000000000e+02,9.830000000000000000e+02,9.840000000000000000e+02,9.850000000000000000e+02,9.860000000000000000e+02,9.870000000000000000e+02,9.880000000000000000e+02,9.890000000000000000e+02,9.900000000000000000e+02,9.910000000000000000e+02,9.920000000000000000e+02,9.930000000000000000e+02,9.940000000000000000e+02,9.950000000000000000e+02,9.960000000000000000e+02,9.970000000000000000e+02,9.980000000000000000e+02,9.990000000000000000e+02,8.550000000000000000e+02,8.560000000000000000e+02,8.570000000000000000e+02,8.580000000000000000e+02,8.590000000000000000e+02,8.600000000000000000e+02,8.610000000000000000e+02,8.620000000000000000e+02,8.630000000000000000e+02,8.640000000000000000e+02,8.650000000000000000e+02,8.660000000000000000e+02,8.670000000000000000e+02,8.680000000000000000e+02,8.690000000000000000e+02,8.700000000000000000e+02,8.710000000000000000e+02,8.720000000000000000e+02,8.730000000000000000e+02,8.740000000000000000e+02,8.750000000000000000e+02,8.760000000000000000e+02,8.770000000000000000e+02,8.780000000000000000e+02,8.790000000000000000e+02,8.800000000000000000e+02,8.810000000000000000e+02,8.820000000000000000e+02,8.830000000000000000e+02,8.840000000000000000e+02,8.850000000000000000e+02,8.860000000000000000e+02,8.870000000000000000e+02,8.880000000000000000e+02,8.890000000000000000e+02,8.900000000000000000e+02,8.910000000000000000e+02,8.920000000000000000e+02,8.930000000000000000e+02,8.940000000000000000e+02,8.950000000000000000e+02,8.960000000000000000e+02,8.970000000000000000e+02,8.980000000000000000e+02,8.990000000000000000e+02,9.000000000000000000e+02,9.010000000000000000e+02,9.020000000000000000e+02,9.030000000000000000e+02,9.040000000000000000e+02,9.050000000000000000e+02,9.060000000000000000e+02,9.070000000000000000e+02,9.080000000000000000e+02,9.090000000000000000e+02,9.100000000000000000e+02,9.110000000000000000e+02,9.120000000000000000e+02,9.130000000000000000e+02,9.140000000000000000e+02,9.150000000000000000e+02,9.160000000000000000e+02,9.170000000000000000e+02,9.180000000000000000e+02,9.190000000000000000e+02,9.200000000000000000e+02,9.210000000000000000e+02,9.220000000000000000e+02,9.230000000000000000e+02,9.240000000000000000e+02,9.250000000000000000e+02,9.260000000000000000e+02,9.270000000000000000e+02,9.280000000000000000e+02,9.290000000000000000e+02,9.300000000000000000e+02,9.310000000000000000e+02,9.320000000000000000e+02,9.330000000000000000e+02,9.340000000000000000e+02,9.350000000000000000e+02,9.360000000000000000e+02,9.370000000000000000e+02,9.380000000000000000e+02,9.390000000000000000e+02,9.400000000000000000e+02,9.410000000000000000e+02,9.420000000000000000e+02,9.430000000000000000e+02,9.440000000000000000e+02,9.450000000000000000e+02,9.460000000000000000e+02,9.470000000000000000e+02,9.480000000000000000e+02,9.490000000000000000e+02,9.500000000000000000e+02,9.510000000000000000e+02,9.520000000000000000e+02,9.530000000000000000e+02,9.540000000000000000e+02,9.550000000000000000e+02,9.560000000000000000e+02,9.570000000000000000e+02,9.580000000000000000e+02,9.590000000000000000e+02,9.600000000000000000e+02,9.610000000000000000e+02,9.620000000000000000e+02,9.630000000000000000e+02,9.640000000000000000e+02,9.650000000000000000e+02,9.660000000000000000e+02,9.670000000000000000e+02,9.680000000000000000e+02,9.690000000000000000e+02,9.700000000000000000e+02,9.710000000000000000e+02,9.720000000000000000e+02,9.730000000000000000e+02,9.740000000000000000e+02,9.750000000000000000e+02,9.760000000000000000e+02,9.770000000000000000e+02,9.780000000000000000e+02,9.790000000000000000e+02,9.800000000000000000e+02,9.810000000000000000e+02,9.820000000000000000e+02,9.830000000000000000e+02,9.840000000000000000e+02,9.850000000000000000e+02,9.860000000000000000e+02,9.870000000000000000e+02,9.880000000000000000e+02,9.890000000000000000e+02,9.900000000000000000e+02,9.910000000000000000e+02,9.920000000000000000e+02,9.930000000000000000e+02,9.940000000000000000e+02,9.950000000000000000e+02,9.960000000000000000e+02,9.970000000000000000e+02,9.980000000000000000e+02,9.990000000000000000e+02,8.550000000000000000e+02,8.560000000000000000e+02,8.570000000000000000e+02,8.580000000000000000e+02,8.590000000000000000e+02,8.600000000000000000e+02,8.610000000000000000e+02,8.620000000000000000e+02,8.630000000000000000e+02,8.640000000000000000e+02,8.650000000000000000e+02,8.660000000000000000e+02,8.670000000000000000e+02,8.680000000000000000e+02,8.690000000000000000e+02,8.700000000000000000e+02,8.710000000000000000e+02,8.720000000000000000e+02,8.730000000000000000e+02,8.740000000000000000e+02,8.750000000000000000e+02,8.760000000000000000e+02,8.770000000000000000e+02,8.780000000000000000e+02,8.790000000000000000e+02,8.800000000000000000e+02,8.810000000000000000e+02,8.820000000000000000e+02,8.830000000000000000e+02,8.840000000000000000e+02,8.850000000000000000e+02,8.860000000000000000e+02,8.870000000000000000e+02,8.880000000000000000e+02,8.890000000000000000e+02,8.900000000000000000e+02,8.910000000000000000e+02,8.920000000000000000e+02,8.930000000000000000e+02,8.940000000000000000e+02,8.950000000000000000e+02,8.960000000000000000e+02,8.970000000000000000e+02,8.980000000000000000e+02,8.990000000000000000e+02,9.000000000000000000e+02,9.010000000000000000e+02,9.020000000000000000e+02,9.030000000000000000e+02,9.040000000000000000e+02,9.050000000000000000e+02,9.060000000000000000e+02,9.070000000000000000e+02,9.080000000000000000e+02,9.090000000000000000e+02,9.100000000000000000e+02,9.110000000000000000e+02,9.120000000000000000e+02,9.130000000000000000e+02,9.140000000000000000e+02,9.150000000000000000e+02,9.160000000000000000e+02,9.170000000000000000e+02,9.180000000000000000e+02,9.190000000000000000e+02,9.200000000000000000e+02,9.210000000000000000e+02,9.220000000000000000e+02,9.230000000000000000e+02,9.240000000000000000e+02,9.250000000000000000e+02,9.260000000000000000e+02,9.270000000000000000e+02,9.280000000000000000e+02,9.290000000000000000e+02,9.300000000000000000e+02,9.310000000000000000e+02,9.320000000000000000e+02,9.330000000000000000e+02,9.340000000000000000e+02,9.350000000000000000e+02,9.360000000000000000e+02,9.370000000000000000e+02,9.380000000000000000e+02,9.390000000000000000e+02,9.400000000000000000e+02,9.410000000000000000e+02,9.420000000000000000e+02,9.430000000000000000e+02,9.440000000000000000e+02,9.450000000000000000e+02,9.460000000000000000e+02,9.470000000000000000e+02,9.480000000000000000e+02,9.490000000000000000e+02,9.500000000000000000e+02,9.510000000000000000e+02,9.520000000000000000e+02,9.530000000000000000e+02,9.540000000000000000e+02,9.550000000000000000e+02,9.560000000000000000e+02,9.570000000000000000e+02,9.580000000000000000e+02,9.590000000000000000e+02,9.600000000000000000e+02,9.610000000000000000e+02,9.620000000000000000e+02,9.630000000000000000e+02,9.640000000000000000e+02,9.650000000000000000e+02,9.660000000000000000e+02,9.670000000000000000e+02,9.680000000000000000e+02,9.690000000000000000e+02,9.700000000000000000e+02,9.710000000000000000e+02,9.720000000000000000e+02,9.730000000000000000e+02,9.740000000000000000e+02,9.750000000000000000e+02,9.760000000000000000e+02,9.770000000000000000e+02,9.780000000000000000e+02,9.790000000000000000e+02,9.800000000000000000e+02,9.810000000000000000e+02,9.820000000000000000e+02,9.830000000000000000e+02,9.840000000000000000e+02,9.850000000000000000e+02,9.860000000000000000e+02,9.870000000000000000e+02,9.880000000000000000e+02,9.890000000000000000e+02,9.900000000000000000e+02,9.910000000000000000e+02,9.920000000000000000e+02,9.930000000000000000e+02,9.940000000000000000e+02,9.950000000000000000e+02,9.960000000000000000e+02,9.970000000000000000e+02,9.980000000000000000e+02,9.990000000000000000e+02,8.550000000000000000e+02,8.560000000000000000e+02,8.570000000000000000e+02,8.580000000000000000e+02,8.590000000000000000e+02,8.600000000000000000e+02,8.610000000000000000e+02,8.620000000000000000e+02,8.630000000000000000e+02,8.640000000000000000e+02,8.650000000000000000e+02,8.660000000000000000e+02,8.670000000000000000e+02,8.680000000000000000e+02,8.690000000000000000e+02,8.700000000000000000e+02,8.710000000000000000e+02,8.720000000000000000e+02,8.730000000000000000e+02,8.740000000000000000e+02,8.750000000000000000e+02,8.760000000000000000e+02,8.770000000000000000e+02,8.780000000000000000e+02,8.790000000000000000e+02,8.800000000000000000e+02,8.810000000000000000e+02,8.820000000000000000e+02,8.830000000000000000e+02,8.840000000000000000e+02,8.850000000000000000e+02,8.860000000000000000e+02,8.870000000000000000e+02,8.880000000000000000e+02,8.890000000000000000e+02,8.900000000000000000e+02,8.910000000000000000e+02,8.920000000000000000e+02,8.930000000000000000e+02,8.940000000000000000e+02,8.950000000000000000e+02,8.960000000000000000e+02,8.970000000000000000e+02,8.980000000000000000e+02,8.990000000000000000e+02,9.000000000000000000e+02,9.010000000000000000e+02,9.020000000000000000e+02,9.030000000000000000e+02,9.040000000000000000e+02,9.050000000000000000e+02,9.060000000000000000e+02,9.070000000000000000e+02,9.080000000000000000e+02,9.090000000000000000e+02,9.100000000000000000e+02,9.110000000000000000e+02,9.120000000000000000e+02,9.130000000000000000e+02,9.140000000000000000e+02,9.150000000000000000e+02,9.160000000000000000e+02,9.170000000000000000e+02,9.180000000000000000e+02,9.190000000000000000e+02,9.200000000000000000e+02,9.210000000000000000e+02,9.220000000000000000e+02,9.230000000000000000e+02,9.240000000000000000e+02,9.250000000000000000e+02,9.260000000000000000e+02,9.270000000000000000e+02,9.280000000000000000e+02,9.290000000000000000e+02,9.300000000000000000e+02,9.310000000000000000e+02,9.320000000000000000e+02,9.330000000000000000e+02,9.340000000000000000e+02,9.350000000000000000e+02,9.360000000000000000e+02,9.370000000000000000e+02,9.380000000000000000e+02,9.390000000000000000e+02,9.400000000000000000e+02,9.410000000000000000e+02,9.420000000000000000e+02,9.430000000000000000e+02,9.440000000000000000e+02,9.450000000000000000e+02,9.460000000000000000e+02,9.470000000000000000e+02,9.480000000000000000e+02,9.490000000000000000e+02,9.500000000000000000e+02,9.510000000000000000e+02,9.520000000000000000e+02,9.530000000000000000e+02,9.540000000000000000e+02,9.550000000000000000e+02,9.560000000000000000e+02,9.570000000000000000e+02,9.580000000000000000e+02,9.590000000000000000e+02,9.600000000000000000e+02,9.610000000000000000e+02,9.620000000000000000e+02,9.630000000000000000e+02,9.640000000000000000e+02,9.650000000000000000e+02,9.660000000000000000e+02,9.670000000000000000e+02,9.680000000000000000e+02,9.690000000000000000e+02,9.700000000000000000e+02,9.710000000000000000e+02,9.720000000000000000e+02,9.730000000000000000e+02,9.740000000000000000e+02,9.750000000000000000e+02,9.760000000000000000e+02,9.770000000000000000e+02,9.780000000000000000e+02,9.790000000000000000e+02,9.800000000000000000e+02,9.810000000000000000e+02,9.820000000000000000e+02,9.830000000000000000e+02,9.840000000000000000e+02,9.850000000000000000e+02,9.860000000000000000e+02,9.870000000000000000e+02,9.880000000000000000e+02,9.890000000000000000e+02,9.900000000000000000e+02,9.910000000000000000e+02,9.920000000000000000e+02,9.930000000000000000e+02,9.940000000000000000e+02,9.950000000000000000e+02,9.960000000000000000e+02,9.970000000000000000e+02,9.980000000000000000e+02,9.990000000000000000e+02,8.550000000000000000e+02,8.560000000000000000e+02,8.570000000000000000e+02,8.580000000000000000e+02,8.590000000000000000e+02,8.600000000000000000e+02,8.610000000000000000e+02,8.620000000000000000e+02,8.630000000000000000e+02,8.640000000000000000e+02,8.650000000000000000e+02,8.660000000000000000e+02,8.670000000000000000e+02,8.680000000000000000e+02,8.690000000000000000e+02,8.700000000000000000e+02,8.710000000000000000e+02,8.720000000000000000e+02,8.730000000000000000e+02,8.740000000000000000e+02,8.750000000000000000e+02,8.760000000000000000e+02,8.770000000000000000e+02,8.780000000000000000e+02,8.790000000000000000e+02,8.800000000000000000e+02,8.810000000000000000e+02,8.820000000000000000e+02,8.830000000000000000e+02,8.840000000000000000e+02,8.850000000000000000e+02,8.860000000000000000e+02,8.870000000000000000e+02,8.880000000000000000e+02,8.890000000000000000e+02,8.900000000000000000e+02,8.910000000000000000e+02,8.920000000000000000e+02,8.930000000000000000e+02,8.940000000000000000e+02,8.950000000000000000e+02,8.960000000000000000e+02,8.970000000000000000e+02,8.980000000000000000e+02,8.990000000000000000e+02,9.000000000000000000e+02,9.010000000000000000e+02,9.020000000000000000e+02,9.030000000000000000e+02,9.040000000000000000e+02,9.050000000000000000e+02,9.060000000000000000e+02,9.070000000000000000e+02,9.080000000000000000e+02,9.090000000000000000e+02,9.100000000000000000e+02,9.110000000000000000e+02,9.120000000000000000e+02,9.130000000000000000e+02,9.140000000000000000e+02,9.150000000000000000e+02,9.160000000000000000e+02,9.170000000000000000e+02,9.180000000000000000e+02,9.190000000000000000e+02,9.200000000000000000e+02,9.210000000000000000e+02,9.220000000000000000e+02,9.230000000000000000e+02,9.240000000000000000e+02,9.250000000000000000e+02,9.260000000000000000e+02,9.270000000000000000e+02,9.280000000000000000e+02,9.290000000000000000e+02,9.300000000000000000e+02,9.310000000000000000e+02,9.320000000000000000e+02,9.330000000000000000e+02,9.340000000000000000e+02,9.350000000000000000e+02,9.360000000000000000e+02,9.370000000000000000e+02,9.380000000000000000e+02,9.390000000000000000e+02,9.400000000000000000e+02,9.410000000000000000e+02,9.420000000000000000e+02,9.430000000000000000e+02,9.440000000000000000e+02,9.450000000000000000e+02,9.460000000000000000e+02,9.470000000000000000e+02,9.480000000000000000e+02,9.490000000000000000e+02,9.500000000000000000e+02,9.510000000000000000e+02,9.520000000000000000e+02,9.530000000000000000e+02,9.540000000000000000e+02,9.550000000000000000e+02,9.560000000000000000e+02,9.570000000000000000e+02,9.580000000000000000e+02,9.590000000000000000e+02,9.600000000000000000e+02,9.610000000000000000e+02,9.620000000000000000e+02,9.630000000000000000e+02,9.640000000000000000e+02,9.650000000000000000e+02,9.660000000000000000e+02,9.670000000000000000e+02,9.680000000000000000e+02,9.690000000000000000e+02,9.700000000000000000e+02,9.710000000000000000e+02,9.720000000000000000e+02,9.730000000000000000e+02,9.740000000000000000e+02,9.750000000000000000e+02,9.760000000000000000e+02,9.770000000000000000e+02,9.780000000000000000e+02,9.790000000000000000e+02,9.800000000000000000e+02,9.810000000000000000e+02,9.820000000000000000e+02,9.830000000000000000e+02,9.840000000000000000e+02,9.850000000000000000e+02,9.860000000000000000e+02,9.870000000000000000e+02,9.880000000000000000e+02,9.890000000000000000e+02,9.900000000000000000e+02,9.910000000000000000e+02,9.920000000000000000e+02,9.930000000000000000e+02,9.940000000000000000e+02,9.950000000000000000e+02,9.960000000000000000e+02,9.970000000000000000e+02,9.980000000000000000e+02,9.990000000000000000e+02,8.540000000000000000e+02,8.550000000000000000e+02,8.560000000000000000e+02,8.570000000000000000e+02,8.580000000000000000e+02,8.590000000000000000e+02,8.600000000000000000e+02,8.610000000000000000e+02,8.620000000000000000e+02,8.630000000000000000e+02,8.640000000000000000e+02,8.650000000000000000e+02,8.660000000000000000e+02,8.670000000000000000e+02,8.680000000000000000e+02,8.690000000000000000e+02,8.700000000000000000e+02,8.710000000000000000e+02,8.720000000000000000e+02,8.730000000000000000e+02,8.740000000000000000e+02,8.750000000000000000e+02,8.760000000000000000e+02,8.770000000000000000e+02,8.780000000000000000e+02,8.790000000000000000e+02,8.800000000000000000e+02,8.810000000000000000e+02,8.820000000000000000e+02,8.830000000000000000e+02,8.840000000000000000e+02,8.850000000000000000e+02,8.860000000000000000e+02,8.870000000000000000e+02,8.880000000000000000e+02,8.890000000000000000e+02,8.900000000000000000e+02,8.910000000000000000e+02,8.920000000000000000e+02,8.930000000000000000e+02,8.940000000000000000e+02,8.950000000000000000e+02,8.960000000000000000e+02,8.970000000000000000e+02,8.980000000000000000e+02,8.990000000000000000e+02,9.000000000000000000e+02,9.010000000000000000e+02,9.020000000000000000e+02,9.030000000000000000e+02,9.040000000000000000e+02,9.050000000000000000e+02,9.060000000000000000e+02,9.070000000000000000e+02,9.080000000000000000e+02,9.090000000000000000e+02,9.100000000000000000e+02,9.110000000000000000e+02,9.120000000000000000e+02,9.130000000000000000e+02,9.140000000000000000e+02,9.150000000000000000e+02,9.160000000000000000e+02,9.170000000000000000e+02,9.180000000000000000e+02,9.190000000000000000e+02,9.200000000000000000e+02,9.210000000000000000e+02,9.220000000000000000e+02,9.230000000000000000e+02,9.240000000000000000e+02,9.250000000000000000e+02,9.260000000000000000e+02,9.270000000000000000e+02,9.280000000000000000e+02,9.290000000000000000e+02,9.300000000000000000e+02,9.310000000000000000e+02,9.320000000000000000e+02,9.330000000000000000e+02,9.340000000000000000e+02,9.350000000000000000e+02,9.360000000000000000e+02,9.370000000000000000e+02,9.380000000000000000e+02,9.390000000000000000e+02,9.400000000000000000e+02,9.410000000000000000e+02,9.420000000000000000e+02,9.430000000000000000e+02,9.440000000000000000e+02,9.450000000000000000e+02,9.460000000000000000e+02,9.470000000000000000e+02,9.480000000000000000e+02,9.490000000000000000e+02,9.500000000000000000e+02,9.510000000000000000e+02,9.520000000000000000e+02,9.530000000000000000e+02,9.540000000000000000e+02,9.550000000000000000e+02,9.560000000000000000e+02,9.570000000000000000e+02,9.580000000000000000e+02,9.590000000000000000e+02,9.600000000000000000e+02,9.610000000000000000e+02,9.620000000000000000e+02,9.630000000000000000e+02,9.640000000000000000e+02,9.650000000000000000e+02,9.660000000000000000e+02,9.670000000000000000e+02,9.680000000000000000e+02,9.690000000000000000e+02,9.700000000000000000e+02,9.710000000000000000e+02,9.720000000000000000e+02,9.730000000000000000e+02,9.740000000000000000e+02,9.750000000000000000e+02,9.760000000000000000e+02,9.770000000000000000e+02,9.780000000000000000e+02,9.790000000000000000e+02,9.800000000000000000e+02,9.810000000000000000e+02,9.820000000000000000e+02,9.830000000000000000e+02,9.840000000000000000e+02,9.850000000000000000e+02,9.860000000000000000e+02,9.870000000000000000e+02,9.880000000000000000e+02,9.890000000000000000e+02,9.900000000000000000e+02,9.910000000000000000e+02,9.920000000000000000e+02,9.930000000000000000e+02,9.940000000000000000e+02,9.950000000000000000e+02,9.960000000000000000e+02,9.970000000000000000e+02,9.980000000000000000e+02,9.990000000000000000e+02,8.540000000000000000e+02,8.550000000000000000e+02,8.560000000000000000e+02,8.570000000000000000e+02,8.580000000000000000e+02,8.590000000000000000e+02,8.600000000000000000e+02,8.610000000000000000e+02,8.620000000000000000e+02,8.630000000000000000e+02,8.640000000000000000e+02,8.650000000000000000e+02,8.660000000000000000e+02,8.670000000000000000e+02,8.680000000000000000e+02,8.690000000000000000e+02,8.700000000000000000e+02,8.710000000000000000e+02,8.720000000000000000e+02,8.730000000000000000e+02,8.740000000000000000e+02,8.750000000000000000e+02,8.760000000000000000e+02,8.770000000000000000e+02,8.780000000000000000e+02,8.790000000000000000e+02,8.800000000000000000e+02,8.810000000000000000e+02,8.820000000000000000e+02,8.830000000000000000e+02,8.840000000000000000e+02,8.850000000000000000e+02,8.860000000000000000e+02,8.870000000000000000e+02,8.880000000000000000e+02,8.890000000000000000e+02,8.900000000000000000e+02,8.910000000000000000e+02,8.920000000000000000e+02,8.930000000000000000e+02,8.940000000000000000e+02,8.950000000000000000e+02,8.960000000000000000e+02,8.970000000000000000e+02,8.980000000000000000e+02,8.990000000000000000e+02,9.000000000000000000e+02,9.010000000000000000e+02,9.020000000000000000e+02,9.030000000000000000e+02,9.040000000000000000e+02,9.050000000000000000e+02,9.060000000000000000e+02,9.070000000000000000e+02,9.080000000000000000e+02,9.090000000000000000e+02,9.100000000000000000e+02,9.110000000000000000e+02,9.120000000000000000e+02,9.130000000000000000e+02,9.140000000000000000e+02,9.150000000000000000e+02,9.160000000000000000e+02,9.170000000000000000e+02,9.180000000000000000e+02,9.190000000000000000e+02,9.200000000000000000e+02,9.210000000000000000e+02,9.220000000000000000e+02,9.230000000000000000e+02,9.240000000000000000e+02,9.250000000000000000e+02,9.260000000000000000e+02,9.270000000000000000e+02,9.280000000000000000e+02,9.290000000000000000e+02,9.300000000000000000e+02,9.310000000000000000e+02,9.320000000000000000e+02,9.330000000000000000e+02,9.340000000000000000e+02,9.350000000000000000e+02,9.360000000000000000e+02,9.370000000000000000e+02,9.380000000000000000e+02,9.390000000000000000e+02,9.400000000000000000e+02,9.410000000000000000e+02,9.420000000000000000e+02,9.430000000000000000e+02,9.440000000000000000e+02,9.450000000000000000e+02,9.460000000000000000e+02,9.470000000000000000e+02,9.480000000000000000e+02,9.490000000000000000e+02,9.500000000000000000e+02,9.510000000000000000e+02,9.520000000000000000e+02,9.530000000000000000e+02,9.540000000000000000e+02,9.550000000000000000e+02,9.560000000000000000e+02,9.570000000000000000e+02,9.580000000000000000e+02,9.590000000000000000e+02,9.600000000000000000e+02,9.610000000000000000e+02,9.620000000000000000e+02,9.630000000000000000e+02,9.640000000000000000e+02,9.650000000000000000e+02,9.660000000000000000e+02,9.670000000000000000e+02,9.680000000000000000e+02,9.690000000000000000e+02,9.700000000000000000e+02,9.710000000000000000e+02,9.720000000000000000e+02,9.730000000000000000e+02,9.740000000000000000e+02,9.750000000000000000e+02,9.760000000000000000e+02,9.770000000000000000e+02,9.780000000000000000e+02,9.790000000000000000e+02,9.800000000000000000e+02,9.810000000000000000e+02,9.820000000000000000e+02,9.830000000000000000e+02,9.840000000000000000e+02,9.850000000000000000e+02,9.860000000000000000e+02,9.870000000000000000e+02,9.880000000000000000e+02,9.890000000000000000e+02,9.900000000000000000e+02,9.910000000000000000e+02,9.920000000000000000e+02,9.930000000000000000e+02,9.940000000000000000e+02,9.950000000000000000e+02,9.960000000000000000e+02,9.970000000000000000e+02,9.980000000000000000e+02,9.990000000000000000e+02,8.540000000000000000e+02,8.550000000000000000e+02,8.560000000000000000e+02,8.570000000000000000e+02,8.580000000000000000e+02,8.590000000000000000e+02,8.600000000000000000e+02,8.610000000000000000e+02,8.620000000000000000e+02,8.630000000000000000e+02,8.640000000000000000e+02,8.650000000000000000e+02,8.660000000000000000e+02,8.670000000000000000e+02,8.680000000000000000e+02,8.690000000000000000e+02,8.700000000000000000e+02,8.710000000000000000e+02,8.720000000000000000e+02,8.730000000000000000e+02,8.740000000000000000e+02,8.750000000000000000e+02,8.760000000000000000e+02,8.770000000000000000e+02,8.780000000000000000e+02,8.790000000000000000e+02,8.800000000000000000e+02,8.810000000000000000e+02,8.820000000000000000e+02,8.830000000000000000e+02,8.840000000000000000e+02,8.850000000000000000e+02,8.860000000000000000e+02,8.870000000000000000e+02,8.880000000000000000e+02,8.890000000000000000e+02,8.900000000000000000e+02,8.910000000000000000e+02,8.920000000000000000e+02,8.930000000000000000e+02,8.940000000000000000e+02,8.950000000000000000e+02,8.960000000000000000e+02,8.970000000000000000e+02,8.980000000000000000e+02,8.990000000000000000e+02,9.000000000000000000e+02,9.010000000000000000e+02,9.020000000000000000e+02,9.030000000000000000e+02,9.040000000000000000e+02,9.050000000000000000e+02,9.060000000000000000e+02,9.070000000000000000e+02,9.080000000000000000e+02,9.090000000000000000e+02,9.100000000000000000e+02,9.110000000000000000e+02,9.120000000000000000e+02,9.130000000000000000e+02,9.140000000000000000e+02,9.150000000000000000e+02,9.160000000000000000e+02,9.170000000000000000e+02,9.180000000000000000e+02,9.190000000000000000e+02,9.200000000000000000e+02,9.210000000000000000e+02,9.220000000000000000e+02,9.230000000000000000e+02,9.240000000000000000e+02,9.250000000000000000e+02,9.260000000000000000e+02,9.270000000000000000e+02,9.280000000000000000e+02,9.290000000000000000e+02,9.300000000000000000e+02,9.310000000000000000e+02,9.320000000000000000e+02,9.330000000000000000e+02,9.340000000000000000e+02,9.350000000000000000e+02,9.360000000000000000e+02,9.370000000000000000e+02,9.380000000000000000e+02,9.390000000000000000e+02,9.400000000000000000e+02,9.410000000000000000e+02,9.420000000000000000e+02,9.430000000000000000e+02,9.440000000000000000e+02,9.450000000000000000e+02,9.460000000000000000e+02,9.470000000000000000e+02,9.480000000000000000e+02,9.490000000000000000e+02,9.500000000000000000e+02,9.510000000000000000e+02,9.520000000000000000e+02,9.530000000000000000e+02,9.540000000000000000e+02,9.550000000000000000e+02,9.560000000000000000e+02,9.570000000000000000e+02,9.580000000000000000e+02,9.590000000000000000e+02,9.600000000000000000e+02,9.610000000000000000e+02,9.620000000000000000e+02,9.630000000000000000e+02,9.640000000000000000e+02,9.650000000000000000e+02,9.660000000000000000e+02,9.670000000000000000e+02,9.680000000000000000e+02,9.690000000000000000e+02,9.700000000000000000e+02,9.710000000000000000e+02,9.720000000000000000e+02,9.730000000000000000e+02,9.740000000000000000e+02,9.750000000000000000e+02,9.760000000000000000e+02,9.770000000000000000e+02,9.780000000000000000e+02,9.790000000000000000e+02,9.800000000000000000e+02,9.810000000000000000e+02,9.820000000000000000e+02,9.830000000000000000e+02,9.840000000000000000e+02,9.850000000000000000e+02,9.860000000000000000e+02,9.870000000000000000e+02,9.880000000000000000e+02,9.890000000000000000e+02,9.900000000000000000e+02,9.910000000000000000e+02,9.920000000000000000e+02,9.930000000000000000e+02,9.940000000000000000e+02,9.950000000000000000e+02,9.960000000000000000e+02,9.970000000000000000e+02,9.980000000000000000e+02,9.990000000000000000e+02,8.540000000000000000e+02,8.550000000000000000e+02,8.560000000000000000e+02,8.570000000000000000e+02,8.580000000000000000e+02,8.590000000000000000e+02,8.600000000000000000e+02,8.610000000000000000e+02,8.620000000000000000e+02,8.630000000000000000e+02,8.640000000000000000e+02,8.650000000000000000e+02,8.660000000000000000e+02,8.670000000000000000e+02,8.680000000000000000e+02,8.690000000000000000e+02,8.700000000000000000e+02,8.710000000000000000e+02,8.720000000000000000e+02,8.730000000000000000e+02,8.740000000000000000e+02,8.750000000000000000e+02,8.760000000000000000e+02,8.770000000000000000e+02,8.780000000000000000e+02,8.790000000000000000e+02,8.800000000000000000e+02,8.810000000000000000e+02,8.820000000000000000e+02,8.830000000000000000e+02,8.840000000000000000e+02,8.850000000000000000e+02,8.860000000000000000e+02,8.870000000000000000e+02,8.880000000000000000e+02,8.890000000000000000e+02,8.900000000000000000e+02,8.910000000000000000e+02,8.920000000000000000e+02,8.930000000000000000e+02,8.940000000000000000e+02,8.950000000000000000e+02,8.960000000000000000e+02,8.970000000000000000e+02,8.980000000000000000e+02,8.990000000000000000e+02,9.000000000000000000e+02,9.010000000000000000e+02,9.020000000000000000e+02,9.030000000000000000e+02,9.040000000000000000e+02,9.050000000000000000e+02,9.060000000000000000e+02,9.070000000000000000e+02,9.080000000000000000e+02,9.090000000000000000e+02,9.100000000000000000e+02,9.110000000000000000e+02,9.120000000000000000e+02,9.130000000000000000e+02,9.140000000000000000e+02,9.150000000000000000e+02,9.160000000000000000e+02,9.170000000000000000e+02,9.180000000000000000e+02,9.190000000000000000e+02,9.200000000000000000e+02,9.210000000000000000e+02,9.220000000000000000e+02,9.230000000000000000e+02,9.240000000000000000e+02,9.250000000000000000e+02,9.260000000000000000e+02,9.270000000000000000e+02,9.280000000000000000e+02,9.290000000000000000e+02,9.300000000000000000e+02,9.310000000000000000e+02,9.320000000000000000e+02,9.330000000000000000e+02,9.340000000000000000e+02,9.350000000000000000e+02,9.360000000000000000e+02,9.370000000000000000e+02,9.380000000000000000e+02,9.390000000000000000e+02,9.400000000000000000e+02,9.410000000000000000e+02,9.420000000000000000e+02,9.430000000000000000e+02,9.440000000000000000e+02,9.450000000000000000e+02,9.460000000000000000e+02,9.470000000000000000e+02,9.480000000000000000e+02,9.490000000000000000e+02,9.500000000000000000e+02,9.510000000000000000e+02,9.520000000000000000e+02,9.530000000000000000e+02,9.540000000000000000e+02,9.550000000000000000e+02,9.560000000000000000e+02,9.570000000000000000e+02,9.580000000000000000e+02,9.590000000000000000e+02,9.600000000000000000e+02,9.610000000000000000e+02,9.620000000000000000e+02,9.630000000000000000e+02,9.640000000000000000e+02,9.650000000000000000e+02,9.660000000000000000e+02,9.670000000000000000e+02,9.680000000000000000e+02,9.690000000000000000e+02,9.700000000000000000e+02,9.710000000000000000e+02,9.720000000000000000e+02,9.730000000000000000e+02,9.740000000000000000e+02,9.750000000000000000e+02,9.760000000000000000e+02,9.770000000000000000e+02,9.780000000000000000e+02,9.790000000000000000e+02,9.800000000000000000e+02,9.810000000000000000e+02,9.820000000000000000e+02,9.830000000000000000e+02,9.840000000000000000e+02,9.850000000000000000e+02,9.860000000000000000e+02,9.870000000000000000e+02,9.880000000000000000e+02,9.890000000000000000e+02,9.900000000000000000e+02,9.910000000000000000e+02,9.920000000000000000e+02,9.930000000000000000e+02,9.940000000000000000e+02,9.950000000000000000e+02,9.960000000000000000e+02,9.970000000000000000e+02,9.980000000000000000e+02,8.530000000000000000e+02,8.540000000000000000e+02,8.550000000000000000e+02,8.560000000000000000e+02,8.570000000000000000e+02,8.580000000000000000e+02,8.590000000000000000e+02,8.600000000000000000e+02,8.610000000000000000e+02,8.620000000000000000e+02,8.630000000000000000e+02,8.640000000000000000e+02,8.650000000000000000e+02,8.660000000000000000e+02,8.670000000000000000e+02,8.680000000000000000e+02,8.690000000000000000e+02,8.700000000000000000e+02,8.710000000000000000e+02,8.720000000000000000e+02,8.730000000000000000e+02,8.740000000000000000e+02,8.750000000000000000e+02,8.760000000000000000e+02,8.770000000000000000e+02,8.780000000000000000e+02,8.790000000000000000e+02,8.800000000000000000e+02,8.810000000000000000e+02,8.820000000000000000e+02,8.830000000000000000e+02,8.840000000000000000e+02,8.850000000000000000e+02,8.860000000000000000e+02,8.870000000000000000e+02,8.880000000000000000e+02,8.890000000000000000e+02,8.900000000000000000e+02,8.910000000000000000e+02,8.920000000000000000e+02,8.930000000000000000e+02,8.940000000000000000e+02,8.950000000000000000e+02,8.960000000000000000e+02,8.970000000000000000e+02,8.980000000000000000e+02,8.990000000000000000e+02,9.000000000000000000e+02,9.010000000000000000e+02,9.020000000000000000e+02,9.030000000000000000e+02,9.040000000000000000e+02,9.050000000000000000e+02,9.060000000000000000e+02,9.070000000000000000e+02,9.080000000000000000e+02,9.090000000000000000e+02,9.100000000000000000e+02,9.110000000000000000e+02,9.120000000000000000e+02,9.130000000000000000e+02,9.140000000000000000e+02,9.150000000000000000e+02,9.160000000000000000e+02,9.170000000000000000e+02,9.180000000000000000e+02,9.190000000000000000e+02,9.200000000000000000e+02,9.210000000000000000e+02,9.220000000000000000e+02,9.230000000000000000e+02,9.240000000000000000e+02,9.250000000000000000e+02,9.260000000000000000e+02,9.270000000000000000e+02,9.280000000000000000e+02,9.290000000000000000e+02,9.300000000000000000e+02,9.310000000000000000e+02,9.320000000000000000e+02,9.330000000000000000e+02,9.340000000000000000e+02,9.350000000000000000e+02,9.360000000000000000e+02,9.370000000000000000e+02,9.380000000000000000e+02,9.390000000000000000e+02,9.400000000000000000e+02,9.410000000000000000e+02,9.420000000000000000e+02,9.430000000000000000e+02,9.440000000000000000e+02,9.450000000000000000e+02,9.460000000000000000e+02,9.470000000000000000e+02,9.480000000000000000e+02,9.490000000000000000e+02,9.500000000000000000e+02,9.510000000000000000e+02,9.520000000000000000e+02,9.530000000000000000e+02,9.540000000000000000e+02,9.550000000000000000e+02,9.560000000000000000e+02,9.570000000000000000e+02,9.580000000000000000e+02,9.590000000000000000e+02,9.600000000000000000e+02,9.610000000000000000e+02,9.620000000000000000e+02,9.630000000000000000e+02,9.640000000000000000e+02,9.650000000000000000e+02,9.660000000000000000e+02,9.670000000000000000e+02,9.680000000000000000e+02,9.690000000000000000e+02,9.700000000000000000e+02,9.710000000000000000e+02,9.720000000000000000e+02,9.730000000000000000e+02,9.740000000000000000e+02,9.750000000000000000e+02,9.760000000000000000e+02,9.770000000000000000e+02,9.780000000000000000e+02,9.790000000000000000e+02,9.800000000000000000e+02,9.810000000000000000e+02,9.820000000000000000e+02,9.830000000000000000e+02,9.840000000000000000e+02,9.850000000000000000e+02,9.860000000000000000e+02,9.870000000000000000e+02,9.880000000000000000e+02,9.890000000000000000e+02,9.900000000000000000e+02,9.910000000000000000e+02,9.920000000000000000e+02,9.930000000000000000e+02,9.940000000000000000e+02,9.950000000000000000e+02,9.960000000000000000e+02,9.970000000000000000e+02,9.980000000000000000e+02,8.530000000000000000e+02,8.540000000000000000e+02,8.550000000000000000e+02,8.560000000000000000e+02,8.570000000000000000e+02,8.580000000000000000e+02,8.590000000000000000e+02,8.600000000000000000e+02,8.610000000000000000e+02,8.620000000000000000e+02,8.630000000000000000e+02,8.640000000000000000e+02,8.650000000000000000e+02,8.660000000000000000e+02,8.670000000000000000e+02,8.680000000000000000e+02,8.690000000000000000e+02,8.700000000000000000e+02,8.710000000000000000e+02,8.720000000000000000e+02,8.730000000000000000e+02,8.740000000000000000e+02,8.750000000000000000e+02,8.760000000000000000e+02,8.770000000000000000e+02,8.780000000000000000e+02,8.790000000000000000e+02,8.800000000000000000e+02,8.810000000000000000e+02,8.820000000000000000e+02,8.830000000000000000e+02,8.840000000000000000e+02,8.850000000000000000e+02,8.860000000000000000e+02,8.870000000000000000e+02,8.880000000000000000e+02,8.890000000000000000e+02,8.900000000000000000e+02,8.910000000000000000e+02,8.920000000000000000e+02,8.930000000000000000e+02,8.940000000000000000e+02,8.950000000000000000e+02,8.960000000000000000e+02,8.970000000000000000e+02,8.980000000000000000e+02,8.990000000000000000e+02,9.000000000000000000e+02,9.010000000000000000e+02,9.020000000000000000e+02,9.030000000000000000e+02,9.040000000000000000e+02,9.050000000000000000e+02,9.060000000000000000e+02,9.070000000000000000e+02,9.080000000000000000e+02,9.090000000000000000e+02,9.100000000000000000e+02,9.110000000000000000e+02,9.120000000000000000e+02,9.130000000000000000e+02,9.140000000000000000e+02,9.150000000000000000e+02,9.160000000000000000e+02,9.170000000000000000e+02,9.180000000000000000e+02,9.190000000000000000e+02,9.200000000000000000e+02,9.210000000000000000e+02,9.220000000000000000e+02,9.230000000000000000e+02,9.240000000000000000e+02,9.250000000000000000e+02,9.260000000000000000e+02,9.270000000000000000e+02,9.280000000000000000e+02,9.290000000000000000e+02,9.300000000000000000e+02,9.310000000000000000e+02,9.320000000000000000e+02,9.330000000000000000e+02,9.340000000000000000e+02,9.350000000000000000e+02,9.360000000000000000e+02,9.370000000000000000e+02,9.380000000000000000e+02,9.390000000000000000e+02,9.400000000000000000e+02,9.410000000000000000e+02,9.420000000000000000e+02,9.430000000000000000e+02,9.440000000000000000e+02,9.450000000000000000e+02,9.460000000000000000e+02,9.470000000000000000e+02,9.480000000000000000e+02,9.490000000000000000e+02,9.500000000000000000e+02,9.510000000000000000e+02,9.520000000000000000e+02,9.530000000000000000e+02,9.540000000000000000e+02,9.550000000000000000e+02,9.560000000000000000e+02,9.570000000000000000e+02,9.580000000000000000e+02,9.590000000000000000e+02,9.600000000000000000e+02,9.610000000000000000e+02,9.620000000000000000e+02,9.630000000000000000e+02,9.640000000000000000e+02,9.650000000000000000e+02,9.660000000000000000e+02,9.670000000000000000e+02,9.680000000000000000e+02,9.690000000000000000e+02,9.700000000000000000e+02,9.710000000000000000e+02,9.720000000000000000e+02,9.730000000000000000e+02,9.740000000000000000e+02,9.750000000000000000e+02,9.760000000000000000e+02,9.770000000000000000e+02,9.780000000000000000e+02,9.790000000000000000e+02,9.800000000000000000e+02,9.810000000000000000e+02,9.820000000000000000e+02,9.830000000000000000e+02,9.840000000000000000e+02,9.850000000000000000e+02,9.860000000000000000e+02,9.870000000000000000e+02,9.880000000000000000e+02,9.890000000000000000e+02,9.900000000000000000e+02,9.910000000000000000e+02,9.920000000000000000e+02,9.930000000000000000e+02,9.940000000000000000e+02,9.950000000000000000e+02,9.960000000000000000e+02,9.970000000000000000e+02,9.980000000000000000e+02,8.530000000000000000e+02,8.540000000000000000e+02,8.550000000000000000e+02,8.560000000000000000e+02,8.570000000000000000e+02,8.580000000000000000e+02,8.590000000000000000e+02,8.600000000000000000e+02,8.610000000000000000e+02,8.620000000000000000e+02,8.630000000000000000e+02,8.640000000000000000e+02,8.650000000000000000e+02,8.660000000000000000e+02,8.670000000000000000e+02,8.680000000000000000e+02,8.690000000000000000e+02,8.700000000000000000e+02,8.710000000000000000e+02,8.720000000000000000e+02,8.730000000000000000e+02,8.740000000000000000e+02,8.750000000000000000e+02,8.760000000000000000e+02,8.770000000000000000e+02,8.780000000000000000e+02,8.790000000000000000e+02,8.800000000000000000e+02,8.810000000000000000e+02,8.820000000000000000e+02,8.830000000000000000e+02,8.840000000000000000e+02,8.850000000000000000e+02,8.860000000000000000e+02,8.870000000000000000e+02,8.880000000000000000e+02,8.890000000000000000e+02,8.900000000000000000e+02,8.910000000000000000e+02,8.920000000000000000e+02,8.930000000000000000e+02,8.940000000000000000e+02,8.950000000000000000e+02,8.960000000000000000e+02,8.970000000000000000e+02,8.980000000000000000e+02,8.990000000000000000e+02,9.000000000000000000e+02,9.010000000000000000e+02,9.020000000000000000e+02,9.030000000000000000e+02,9.040000000000000000e+02,9.050000000000000000e+02,9.060000000000000000e+02,9.070000000000000000e+02,9.080000000000000000e+02,9.090000000000000000e+02,9.100000000000000000e+02,9.110000000000000000e+02,9.120000000000000000e+02,9.130000000000000000e+02,9.140000000000000000e+02,9.150000000000000000e+02,9.160000000000000000e+02,9.170000000000000000e+02,9.180000000000000000e+02,9.190000000000000000e+02,9.200000000000000000e+02,9.210000000000000000e+02,9.220000000000000000e+02,9.230000000000000000e+02,9.240000000000000000e+02,9.250000000000000000e+02,9.260000000000000000e+02,9.270000000000000000e+02,9.280000000000000000e+02,9.290000000000000000e+02,9.300000000000000000e+02,9.310000000000000000e+02,9.320000000000000000e+02,9.330000000000000000e+02,9.340000000000000000e+02,9.350000000000000000e+02,9.360000000000000000e+02,9.370000000000000000e+02,9.380000000000000000e+02,9.390000000000000000e+02,9.400000000000000000e+02,9.410000000000000000e+02,9.420000000000000000e+02,9.430000000000000000e+02,9.440000000000000000e+02,9.450000000000000000e+02,9.460000000000000000e+02,9.470000000000000000e+02,9.480000000000000000e+02,9.490000000000000000e+02,9.500000000000000000e+02,9.510000000000000000e+02,9.520000000000000000e+02,9.530000000000000000e+02,9.540000000000000000e+02,9.550000000000000000e+02,9.560000000000000000e+02,9.570000000000000000e+02,9.580000000000000000e+02,9.590000000000000000e+02,9.600000000000000000e+02,9.610000000000000000e+02,9.620000000000000000e+02,9.630000000000000000e+02,9.640000000000000000e+02,9.650000000000000000e+02,9.660000000000000000e+02,9.670000000000000000e+02,9.680000000000000000e+02,9.690000000000000000e+02,9.700000000000000000e+02,9.710000000000000000e+02,9.720000000000000000e+02,9.730000000000000000e+02,9.740000000000000000e+02,9.750000000000000000e+02,9.760000000000000000e+02,9.770000000000000000e+02,9.780000000000000000e+02,9.790000000000000000e+02,9.800000000000000000e+02,9.810000000000000000e+02,9.820000000000000000e+02,9.830000000000000000e+02,9.840000000000000000e+02,9.850000000000000000e+02,9.860000000000000000e+02,9.870000000000000000e+02,9.880000000000000000e+02,9.890000000000000000e+02,9.900000000000000000e+02,9.910000000000000000e+02,9.920000000000000000e+02,9.930000000000000000e+02,9.940000000000000000e+02,9.950000000000000000e+02,9.960000000000000000e+02,9.970000000000000000e+02,9.980000000000000000e+02,8.530000000000000000e+02,8.540000000000000000e+02,8.550000000000000000e+02,8.560000000000000000e+02,8.570000000000000000e+02,8.580000000000000000e+02,8.590000000000000000e+02,8.600000000000000000e+02,8.610000000000000000e+02,8.620000000000000000e+02,8.630000000000000000e+02,8.640000000000000000e+02,8.650000000000000000e+02,8.660000000000000000e+02,8.670000000000000000e+02,8.680000000000000000e+02,8.690000000000000000e+02,8.700000000000000000e+02,8.710000000000000000e+02,8.720000000000000000e+02,8.730000000000000000e+02,8.740000000000000000e+02,8.750000000000000000e+02,8.760000000000000000e+02,8.770000000000000000e+02,8.780000000000000000e+02,8.790000000000000000e+02,8.800000000000000000e+02,8.810000000000000000e+02,8.820000000000000000e+02,8.830000000000000000e+02,8.840000000000000000e+02,8.850000000000000000e+02,8.860000000000000000e+02,8.870000000000000000e+02,8.880000000000000000e+02,8.890000000000000000e+02,8.900000000000000000e+02,8.910000000000000000e+02,8.920000000000000000e+02,8.930000000000000000e+02,8.940000000000000000e+02,8.950000000000000000e+02,8.960000000000000000e+02,8.970000000000000000e+02,8.980000000000000000e+02,8.990000000000000000e+02,9.000000000000000000e+02,9.010000000000000000e+02,9.020000000000000000e+02,9.030000000000000000e+02,9.040000000000000000e+02,9.050000000000000000e+02,9.060000000000000000e+02,9.070000000000000000e+02,9.080000000000000000e+02,9.090000000000000000e+02,9.100000000000000000e+02,9.110000000000000000e+02,9.120000000000000000e+02,9.130000000000000000e+02,9.140000000000000000e+02,9.150000000000000000e+02,9.160000000000000000e+02,9.170000000000000000e+02,9.180000000000000000e+02,9.190000000000000000e+02,9.200000000000000000e+02,9.210000000000000000e+02,9.220000000000000000e+02,9.230000000000000000e+02,9.240000000000000000e+02,9.250000000000000000e+02,9.260000000000000000e+02,9.270000000000000000e+02,9.280000000000000000e+02,9.290000000000000000e+02,9.300000000000000000e+02,9.310000000000000000e+02,9.320000000000000000e+02,9.330000000000000000e+02,9.340000000000000000e+02,9.350000000000000000e+02,9.360000000000000000e+02,9.370000000000000000e+02,9.380000000000000000e+02,9.390000000000000000e+02,9.400000000000000000e+02,9.410000000000000000e+02,9.420000000000000000e+02,9.430000000000000000e+02,9.440000000000000000e+02,9.450000000000000000e+02,9.460000000000000000e+02,9.470000000000000000e+02,9.480000000000000000e+02,9.490000000000000000e+02,9.500000000000000000e+02,9.510000000000000000e+02,9.520000000000000000e+02,9.530000000000000000e+02,9.540000000000000000e+02,9.550000000000000000e+02,9.560000000000000000e+02,9.570000000000000000e+02,9.580000000000000000e+02,9.590000000000000000e+02,9.600000000000000000e+02,9.610000000000000000e+02,9.620000000000000000e+02,9.630000000000000000e+02,9.640000000000000000e+02,9.650000000000000000e+02,9.660000000000000000e+02,9.670000000000000000e+02,9.680000000000000000e+02,9.690000000000000000e+02,9.700000000000000000e+02,9.710000000000000000e+02,9.720000000000000000e+02,9.730000000000000000e+02,9.740000000000000000e+02,9.750000000000000000e+02,9.760000000000000000e+02,9.770000000000000000e+02,9.780000000000000000e+02,9.790000000000000000e+02,9.800000000000000000e+02,9.810000000000000000e+02,9.820000000000000000e+02,9.830000000000000000e+02,9.840000000000000000e+02,9.850000000000000000e+02,9.860000000000000000e+02,9.870000000000000000e+02,9.880000000000000000e+02,9.890000000000000000e+02,9.900000000000000000e+02,9.910000000000000000e+02,9.920000000000000000e+02,9.930000000000000000e+02,9.940000000000000000e+02,9.950000000000000000e+02,9.960000000000000000e+02,9.970000000000000000e+02,9.980000000000000000e+02,8.520000000000000000e+02,8.530000000000000000e+02,8.540000000000000000e+02,8.550000000000000000e+02,8.560000000000000000e+02,8.570000000000000000e+02,8.580000000000000000e+02,8.590000000000000000e+02,8.600000000000000000e+02,8.610000000000000000e+02,8.620000000000000000e+02,8.630000000000000000e+02,8.640000000000000000e+02,8.650000000000000000e+02,8.660000000000000000e+02,8.670000000000000000e+02,8.680000000000000000e+02,8.690000000000000000e+02,8.700000000000000000e+02,8.710000000000000000e+02,8.720000000000000000e+02,8.730000000000000000e+02,8.740000000000000000e+02,8.750000000000000000e+02,8.760000000000000000e+02,8.770000000000000000e+02,8.780000000000000000e+02,8.790000000000000000e+02,8.800000000000000000e+02,8.810000000000000000e+02,8.820000000000000000e+02,8.830000000000000000e+02,8.840000000000000000e+02,8.850000000000000000e+02,8.860000000000000000e+02,8.870000000000000000e+02,8.880000000000000000e+02,8.890000000000000000e+02,8.900000000000000000e+02,8.910000000000000000e+02,8.920000000000000000e+02,8.930000000000000000e+02,8.940000000000000000e+02,8.950000000000000000e+02,8.960000000000000000e+02,8.970000000000000000e+02,8.980000000000000000e+02,8.990000000000000000e+02,9.000000000000000000e+02,9.010000000000000000e+02,9.020000000000000000e+02,9.030000000000000000e+02,9.040000000000000000e+02,9.050000000000000000e+02,9.060000000000000000e+02,9.070000000000000000e+02,9.080000000000000000e+02,9.090000000000000000e+02,9.100000000000000000e+02,9.110000000000000000e+02,9.120000000000000000e+02,9.130000000000000000e+02,9.140000000000000000e+02,9.150000000000000000e+02,9.160000000000000000e+02,9.170000000000000000e+02,9.180000000000000000e+02,9.190000000000000000e+02,9.200000000000000000e+02,9.210000000000000000e+02,9.220000000000000000e+02,9.230000000000000000e+02,9.240000000000000000e+02,9.250000000000000000e+02,9.260000000000000000e+02,9.270000000000000000e+02,9.280000000000000000e+02,9.290000000000000000e+02,9.300000000000000000e+02,9.310000000000000000e+02,9.320000000000000000e+02,9.330000000000000000e+02,9.340000000000000000e+02,9.350000000000000000e+02,9.360000000000000000e+02,9.370000000000000000e+02,9.380000000000000000e+02,9.390000000000000000e+02,9.400000000000000000e+02,9.410000000000000000e+02,9.420000000000000000e+02,9.430000000000000000e+02,9.440000000000000000e+02,9.450000000000000000e+02,9.460000000000000000e+02,9.470000000000000000e+02,9.480000000000000000e+02,9.490000000000000000e+02,9.500000000000000000e+02,9.510000000000000000e+02,9.520000000000000000e+02,9.530000000000000000e+02,9.540000000000000000e+02,9.550000000000000000e+02,9.560000000000000000e+02,9.570000000000000000e+02,9.580000000000000000e+02,9.590000000000000000e+02,9.600000000000000000e+02,9.610000000000000000e+02,9.620000000000000000e+02,9.630000000000000000e+02,9.640000000000000000e+02,9.650000000000000000e+02,9.660000000000000000e+02,9.670000000000000000e+02,9.680000000000000000e+02,9.690000000000000000e+02,9.700000000000000000e+02,9.710000000000000000e+02,9.720000000000000000e+02,9.730000000000000000e+02,9.740000000000000000e+02,9.750000000000000000e+02,9.760000000000000000e+02,9.770000000000000000e+02,9.780000000000000000e+02,9.790000000000000000e+02,9.800000000000000000e+02,9.810000000000000000e+02,9.820000000000000000e+02,9.830000000000000000e+02,9.840000000000000000e+02,9.850000000000000000e+02,9.860000000000000000e+02,9.870000000000000000e+02,9.880000000000000000e+02,9.890000000000000000e+02,9.900000000000000000e+02,9.910000000000000000e+02,9.920000000000000000e+02,9.930000000000000000e+02,9.940000000000000000e+02,9.950000000000000000e+02,9.960000000000000000e+02,9.970000000000000000e+02,9.980000000000000000e+02,8.520000000000000000e+02,8.530000000000000000e+02,8.540000000000000000e+02,8.550000000000000000e+02,8.560000000000000000e+02,8.570000000000000000e+02,8.580000000000000000e+02,8.590000000000000000e+02,8.600000000000000000e+02,8.610000000000000000e+02,8.620000000000000000e+02,8.630000000000000000e+02,8.640000000000000000e+02,8.650000000000000000e+02,8.660000000000000000e+02,8.670000000000000000e+02,8.680000000000000000e+02,8.690000000000000000e+02,8.700000000000000000e+02,8.710000000000000000e+02,8.720000000000000000e+02,8.730000000000000000e+02,8.740000000000000000e+02,8.750000000000000000e+02,8.760000000000000000e+02,8.770000000000000000e+02,8.780000000000000000e+02,8.790000000000000000e+02,8.800000000000000000e+02,8.810000000000000000e+02,8.820000000000000000e+02,8.830000000000000000e+02,8.840000000000000000e+02,8.850000000000000000e+02,8.860000000000000000e+02,8.870000000000000000e+02,8.880000000000000000e+02,8.890000000000000000e+02,8.900000000000000000e+02,8.910000000000000000e+02,8.920000000000000000e+02,8.930000000000000000e+02,8.940000000000000000e+02,8.950000000000000000e+02,8.960000000000000000e+02,8.970000000000000000e+02,8.980000000000000000e+02,8.990000000000000000e+02,9.000000000000000000e+02,9.010000000000000000e+02,9.020000000000000000e+02,9.030000000000000000e+02,9.040000000000000000e+02,9.050000000000000000e+02,9.060000000000000000e+02,9.070000000000000000e+02,9.080000000000000000e+02,9.090000000000000000e+02,9.100000000000000000e+02,9.110000000000000000e+02,9.120000000000000000e+02,9.130000000000000000e+02,9.140000000000000000e+02,9.150000000000000000e+02,9.160000000000000000e+02,9.170000000000000000e+02,9.180000000000000000e+02,9.190000000000000000e+02,9.200000000000000000e+02,9.210000000000000000e+02,9.220000000000000000e+02,9.230000000000000000e+02,9.240000000000000000e+02,9.250000000000000000e+02,9.260000000000000000e+02,9.270000000000000000e+02,9.280000000000000000e+02,9.290000000000000000e+02,9.300000000000000000e+02,9.310000000000000000e+02,9.320000000000000000e+02,9.330000000000000000e+02,9.340000000000000000e+02,9.350000000000000000e+02,9.360000000000000000e+02,9.370000000000000000e+02,9.380000000000000000e+02,9.390000000000000000e+02,9.400000000000000000e+02,9.410000000000000000e+02,9.420000000000000000e+02,9.430000000000000000e+02,9.440000000000000000e+02,9.450000000000000000e+02,9.460000000000000000e+02,9.470000000000000000e+02,9.480000000000000000e+02,9.490000000000000000e+02,9.500000000000000000e+02,9.510000000000000000e+02,9.520000000000000000e+02,9.530000000000000000e+02,9.540000000000000000e+02,9.550000000000000000e+02,9.560000000000000000e+02,9.570000000000000000e+02,9.580000000000000000e+02,9.590000000000000000e+02,9.600000000000000000e+02,9.610000000000000000e+02,9.620000000000000000e+02,9.630000000000000000e+02,9.640000000000000000e+02,9.650000000000000000e+02,9.660000000000000000e+02,9.670000000000000000e+02,9.680000000000000000e+02,9.690000000000000000e+02,9.700000000000000000e+02,9.710000000000000000e+02,9.720000000000000000e+02,9.730000000000000000e+02,9.740000000000000000e+02,9.750000000000000000e+02,9.760000000000000000e+02,9.770000000000000000e+02,9.780000000000000000e+02,9.790000000000000000e+02,9.800000000000000000e+02,9.810000000000000000e+02,9.820000000000000000e+02,9.830000000000000000e+02,9.840000000000000000e+02,9.850000000000000000e+02,9.860000000000000000e+02,9.870000000000000000e+02,9.880000000000000000e+02,9.890000000000000000e+02,9.900000000000000000e+02,9.910000000000000000e+02,9.920000000000000000e+02,9.930000000000000000e+02,9.940000000000000000e+02,9.950000000000000000e+02,9.960000000000000000e+02,9.970000000000000000e+02,9.980000000000000000e+02,8.520000000000000000e+02,8.530000000000000000e+02,8.540000000000000000e+02,8.550000000000000000e+02,8.560000000000000000e+02,8.570000000000000000e+02,8.580000000000000000e+02,8.590000000000000000e+02,8.600000000000000000e+02,8.610000000000000000e+02,8.620000000000000000e+02,8.630000000000000000e+02,8.640000000000000000e+02,8.650000000000000000e+02,8.660000000000000000e+02,8.670000000000000000e+02,8.680000000000000000e+02,8.690000000000000000e+02,8.700000000000000000e+02,8.710000000000000000e+02,8.720000000000000000e+02,8.730000000000000000e+02,8.740000000000000000e+02,8.750000000000000000e+02,8.760000000000000000e+02,8.770000000000000000e+02,8.780000000000000000e+02,8.790000000000000000e+02,8.800000000000000000e+02,8.810000000000000000e+02,8.820000000000000000e+02,8.830000000000000000e+02,8.840000000000000000e+02,8.850000000000000000e+02,8.860000000000000000e+02,8.870000000000000000e+02,8.880000000000000000e+02,8.890000000000000000e+02,8.900000000000000000e+02,8.910000000000000000e+02,8.920000000000000000e+02,8.930000000000000000e+02,8.940000000000000000e+02,8.950000000000000000e+02,8.960000000000000000e+02,8.970000000000000000e+02,8.980000000000000000e+02,8.990000000000000000e+02,9.000000000000000000e+02,9.010000000000000000e+02,9.020000000000000000e+02,9.030000000000000000e+02,9.040000000000000000e+02,9.050000000000000000e+02,9.060000000000000000e+02,9.070000000000000000e+02,9.080000000000000000e+02,9.090000000000000000e+02,9.100000000000000000e+02,9.110000000000000000e+02,9.120000000000000000e+02,9.130000000000000000e+02,9.140000000000000000e+02,9.150000000000000000e+02,9.160000000000000000e+02,9.170000000000000000e+02,9.180000000000000000e+02,9.190000000000000000e+02,9.200000000000000000e+02,9.210000000000000000e+02,9.220000000000000000e+02,9.230000000000000000e+02,9.240000000000000000e+02,9.250000000000000000e+02,9.260000000000000000e+02,9.270000000000000000e+02,9.280000000000000000e+02,9.290000000000000000e+02,9.300000000000000000e+02,9.310000000000000000e+02,9.320000000000000000e+02,9.330000000000000000e+02,9.340000000000000000e+02,9.350000000000000000e+02,9.360000000000000000e+02,9.370000000000000000e+02,9.380000000000000000e+02,9.390000000000000000e+02,9.400000000000000000e+02,9.410000000000000000e+02,9.420000000000000000e+02,9.430000000000000000e+02,9.440000000000000000e+02,9.450000000000000000e+02,9.460000000000000000e+02,9.470000000000000000e+02,9.480000000000000000e+02,9.490000000000000000e+02,9.500000000000000000e+02,9.510000000000000000e+02,9.520000000000000000e+02,9.530000000000000000e+02,9.540000000000000000e+02,9.550000000000000000e+02,9.560000000000000000e+02,9.570000000000000000e+02,9.580000000000000000e+02,9.590000000000000000e+02,9.600000000000000000e+02,9.610000000000000000e+02,9.620000000000000000e+02,9.630000000000000000e+02,9.640000000000000000e+02,9.650000000000000000e+02,9.660000000000000000e+02,9.670000000000000000e+02,9.680000000000000000e+02,9.690000000000000000e+02,9.700000000000000000e+02,9.710000000000000000e+02,9.720000000000000000e+02,9.730000000000000000e+02,9.740000000000000000e+02,9.750000000000000000e+02,9.760000000000000000e+02,9.770000000000000000e+02,9.780000000000000000e+02,9.790000000000000000e+02,9.800000000000000000e+02,9.810000000000000000e+02,9.820000000000000000e+02,9.830000000000000000e+02,9.840000000000000000e+02,9.850000000000000000e+02,9.860000000000000000e+02,9.870000000000000000e+02,9.880000000000000000e+02,9.890000000000000000e+02,9.900000000000000000e+02,9.910000000000000000e+02,9.920000000000000000e+02,9.930000000000000000e+02,9.940000000000000000e+02,9.950000000000000000e+02,9.960000000000000000e+02,9.970000000000000000e+02,9.980000000000000000e+02,8.520000000000000000e+02,8.530000000000000000e+02,8.540000000000000000e+02,8.550000000000000000e+02,8.560000000000000000e+02,8.570000000000000000e+02,8.580000000000000000e+02,8.590000000000000000e+02,8.600000000000000000e+02,8.610000000000000000e+02,8.620000000000000000e+02,8.630000000000000000e+02,8.640000000000000000e+02,8.650000000000000000e+02,8.660000000000000000e+02,8.670000000000000000e+02,8.680000000000000000e+02,8.690000000000000000e+02,8.700000000000000000e+02,8.710000000000000000e+02,8.720000000000000000e+02,8.730000000000000000e+02,8.740000000000000000e+02,8.750000000000000000e+02,8.760000000000000000e+02,8.770000000000000000e+02,8.780000000000000000e+02,8.790000000000000000e+02,8.800000000000000000e+02,8.810000000000000000e+02,8.820000000000000000e+02,8.830000000000000000e+02,8.840000000000000000e+02,8.850000000000000000e+02,8.860000000000000000e+02,8.870000000000000000e+02,8.880000000000000000e+02,8.890000000000000000e+02,8.900000000000000000e+02,8.910000000000000000e+02,8.920000000000000000e+02,8.930000000000000000e+02,8.940000000000000000e+02,8.950000000000000000e+02,8.960000000000000000e+02,8.970000000000000000e+02,8.980000000000000000e+02,8.990000000000000000e+02,9.000000000000000000e+02,9.010000000000000000e+02,9.020000000000000000e+02,9.030000000000000000e+02,9.040000000000000000e+02,9.050000000000000000e+02,9.060000000000000000e+02,9.070000000000000000e+02,9.080000000000000000e+02,9.090000000000000000e+02,9.100000000000000000e+02,9.110000000000000000e+02,9.120000000000000000e+02,9.130000000000000000e+02,9.140000000000000000e+02,9.150000000000000000e+02,9.160000000000000000e+02,9.170000000000000000e+02,9.180000000000000000e+02,9.190000000000000000e+02,9.200000000000000000e+02,9.210000000000000000e+02,9.220000000000000000e+02,9.230000000000000000e+02,9.240000000000000000e+02,9.250000000000000000e+02,9.260000000000000000e+02,9.270000000000000000e+02,9.280000000000000000e+02,9.290000000000000000e+02,9.300000000000000000e+02,9.310000000000000000e+02,9.320000000000000000e+02,9.330000000000000000e+02,9.340000000000000000e+02,9.350000000000000000e+02,9.360000000000000000e+02,9.370000000000000000e+02,9.380000000000000000e+02,9.390000000000000000e+02,9.400000000000000000e+02,9.410000000000000000e+02,9.420000000000000000e+02,9.430000000000000000e+02,9.440000000000000000e+02,9.450000000000000000e+02,9.460000000000000000e+02,9.470000000000000000e+02,9.480000000000000000e+02,9.490000000000000000e+02,9.500000000000000000e+02,9.510000000000000000e+02,9.520000000000000000e+02,9.530000000000000000e+02,9.540000000000000000e+02,9.550000000000000000e+02,9.560000000000000000e+02,9.570000000000000000e+02,9.580000000000000000e+02,9.590000000000000000e+02,9.600000000000000000e+02,9.610000000000000000e+02,9.620000000000000000e+02,9.630000000000000000e+02,9.640000000000000000e+02,9.650000000000000000e+02,9.660000000000000000e+02,9.670000000000000000e+02,9.680000000000000000e+02,9.690000000000000000e+02,9.700000000000000000e+02,9.710000000000000000e+02,9.720000000000000000e+02,9.730000000000000000e+02,9.740000000000000000e+02,9.750000000000000000e+02,9.760000000000000000e+02,9.770000000000000000e+02,9.780000000000000000e+02,9.790000000000000000e+02,9.800000000000000000e+02,9.810000000000000000e+02,9.820000000000000000e+02,9.830000000000000000e+02,9.840000000000000000e+02,9.850000000000000000e+02,9.860000000000000000e+02,9.870000000000000000e+02,9.880000000000000000e+02,9.890000000000000000e+02,9.900000000000000000e+02,9.910000000000000000e+02,9.920000000000000000e+02,9.930000000000000000e+02,9.940000000000000000e+02,9.950000000000000000e+02,9.960000000000000000e+02,9.970000000000000000e+02,9.980000000000000000e+02,8.510000000000000000e+02,8.520000000000000000e+02,8.530000000000000000e+02,8.540000000000000000e+02,8.550000000000000000e+02,8.560000000000000000e+02,8.570000000000000000e+02,8.580000000000000000e+02,8.590000000000000000e+02,8.600000000000000000e+02,8.610000000000000000e+02,8.620000000000000000e+02,8.630000000000000000e+02,8.640000000000000000e+02,8.650000000000000000e+02,8.660000000000000000e+02,8.670000000000000000e+02,8.680000000000000000e+02,8.690000000000000000e+02,8.700000000000000000e+02,8.710000000000000000e+02,8.720000000000000000e+02,8.730000000000000000e+02,8.740000000000000000e+02,8.750000000000000000e+02,8.760000000000000000e+02,8.770000000000000000e+02,8.780000000000000000e+02,8.790000000000000000e+02,8.800000000000000000e+02,8.810000000000000000e+02,8.820000000000000000e+02,8.830000000000000000e+02,8.840000000000000000e+02,8.850000000000000000e+02,8.860000000000000000e+02,8.870000000000000000e+02,8.880000000000000000e+02,8.890000000000000000e+02,8.900000000000000000e+02,8.910000000000000000e+02,8.920000000000000000e+02,8.930000000000000000e+02,8.940000000000000000e+02,8.950000000000000000e+02,8.960000000000000000e+02,8.970000000000000000e+02,8.980000000000000000e+02,8.990000000000000000e+02,9.000000000000000000e+02,9.010000000000000000e+02,9.020000000000000000e+02,9.030000000000000000e+02,9.040000000000000000e+02,9.050000000000000000e+02,9.060000000000000000e+02,9.070000000000000000e+02,9.080000000000000000e+02,9.090000000000000000e+02,9.100000000000000000e+02,9.110000000000000000e+02,9.120000000000000000e+02,9.130000000000000000e+02,9.140000000000000000e+02,9.150000000000000000e+02,9.160000000000000000e+02,9.170000000000000000e+02,9.180000000000000000e+02,9.190000000000000000e+02,9.200000000000000000e+02,9.210000000000000000e+02,9.220000000000000000e+02,9.230000000000000000e+02,9.240000000000000000e+02,9.250000000000000000e+02,9.260000000000000000e+02,9.270000000000000000e+02,9.280000000000000000e+02,9.290000000000000000e+02,9.300000000000000000e+02,9.310000000000000000e+02,9.320000000000000000e+02,9.330000000000000000e+02,9.340000000000000000e+02,9.350000000000000000e+02,9.360000000000000000e+02,9.370000000000000000e+02,9.380000000000000000e+02,9.390000000000000000e+02,9.400000000000000000e+02,9.410000000000000000e+02,9.420000000000000000e+02,9.430000000000000000e+02,9.440000000000000000e+02,9.450000000000000000e+02,9.460000000000000000e+02,9.470000000000000000e+02,9.480000000000000000e+02,9.490000000000000000e+02,9.500000000000000000e+02,9.510000000000000000e+02,9.520000000000000000e+02,9.530000000000000000e+02,9.540000000000000000e+02,9.550000000000000000e+02,9.560000000000000000e+02,9.570000000000000000e+02,9.580000000000000000e+02,9.590000000000000000e+02,9.600000000000000000e+02,9.610000000000000000e+02,9.620000000000000000e+02,9.630000000000000000e+02,9.640000000000000000e+02,9.650000000000000000e+02,9.660000000000000000e+02,9.670000000000000000e+02,9.680000000000000000e+02,9.690000000000000000e+02,9.700000000000000000e+02,9.710000000000000000e+02,9.720000000000000000e+02,9.730000000000000000e+02,9.740000000000000000e+02,9.750000000000000000e+02,9.760000000000000000e+02,9.770000000000000000e+02,9.780000000000000000e+02,9.790000000000000000e+02,9.800000000000000000e+02,9.810000000000000000e+02,9.820000000000000000e+02,9.830000000000000000e+02,9.840000000000000000e+02,9.850000000000000000e+02,9.860000000000000000e+02,9.870000000000000000e+02,9.880000000000000000e+02,9.890000000000000000e+02,9.900000000000000000e+02,9.910000000000000000e+02,9.920000000000000000e+02,9.930000000000000000e+02,9.940000000000000000e+02,9.950000000000000000e+02,9.960000000000000000e+02,9.970000000000000000e+02,9.980000000000000000e+02,8.510000000000000000e+02,8.520000000000000000e+02,8.530000000000000000e+02,8.540000000000000000e+02,8.550000000000000000e+02,8.560000000000000000e+02,8.570000000000000000e+02,8.580000000000000000e+02,8.590000000000000000e+02,8.600000000000000000e+02,8.610000000000000000e+02,8.620000000000000000e+02,8.630000000000000000e+02,8.640000000000000000e+02,8.650000000000000000e+02,8.660000000000000000e+02,8.670000000000000000e+02,8.680000000000000000e+02,8.690000000000000000e+02,8.700000000000000000e+02,8.710000000000000000e+02,8.720000000000000000e+02,8.730000000000000000e+02,8.740000000000000000e+02,8.750000000000000000e+02,8.760000000000000000e+02,8.770000000000000000e+02,8.780000000000000000e+02,8.790000000000000000e+02,8.800000000000000000e+02,8.810000000000000000e+02,8.820000000000000000e+02,8.830000000000000000e+02,8.840000000000000000e+02,8.850000000000000000e+02,8.860000000000000000e+02,8.870000000000000000e+02,8.880000000000000000e+02,8.890000000000000000e+02,8.900000000000000000e+02,8.910000000000000000e+02,8.920000000000000000e+02,8.930000000000000000e+02,8.940000000000000000e+02,8.950000000000000000e+02,8.960000000000000000e+02,8.970000000000000000e+02,8.980000000000000000e+02,8.990000000000000000e+02,9.000000000000000000e+02,9.010000000000000000e+02,9.020000000000000000e+02,9.030000000000000000e+02,9.040000000000000000e+02,9.050000000000000000e+02,9.060000000000000000e+02,9.070000000000000000e+02,9.080000000000000000e+02,9.090000000000000000e+02,9.100000000000000000e+02,9.110000000000000000e+02,9.120000000000000000e+02,9.130000000000000000e+02,9.140000000000000000e+02,9.150000000000000000e+02,9.160000000000000000e+02,9.170000000000000000e+02,9.180000000000000000e+02,9.190000000000000000e+02,9.200000000000000000e+02,9.210000000000000000e+02,9.220000000000000000e+02,9.230000000000000000e+02,9.240000000000000000e+02,9.250000000000000000e+02,9.260000000000000000e+02,9.270000000000000000e+02,9.280000000000000000e+02,9.290000000000000000e+02,9.300000000000000000e+02,9.310000000000000000e+02,9.320000000000000000e+02,9.330000000000000000e+02,9.340000000000000000e+02,9.350000000000000000e+02,9.360000000000000000e+02,9.370000000000000000e+02,9.380000000000000000e+02,9.390000000000000000e+02,9.400000000000000000e+02,9.410000000000000000e+02,9.420000000000000000e+02,9.430000000000000000e+02,9.440000000000000000e+02,9.450000000000000000e+02,9.460000000000000000e+02,9.470000000000000000e+02,9.480000000000000000e+02,9.490000000000000000e+02,9.500000000000000000e+02,9.510000000000000000e+02,9.520000000000000000e+02,9.530000000000000000e+02,9.540000000000000000e+02,9.550000000000000000e+02,9.560000000000000000e+02,9.570000000000000000e+02,9.580000000000000000e+02,9.590000000000000000e+02,9.600000000000000000e+02,9.610000000000000000e+02,9.620000000000000000e+02,9.630000000000000000e+02,9.640000000000000000e+02,9.650000000000000000e+02,9.660000000000000000e+02,9.670000000000000000e+02,9.680000000000000000e+02,9.690000000000000000e+02,9.700000000000000000e+02,9.710000000000000000e+02,9.720000000000000000e+02,9.730000000000000000e+02,9.740000000000000000e+02,9.750000000000000000e+02,9.760000000000000000e+02,9.770000000000000000e+02,9.780000000000000000e+02,9.790000000000000000e+02,9.800000000000000000e+02,9.810000000000000000e+02,9.820000000000000000e+02,9.830000000000000000e+02,9.840000000000000000e+02,9.850000000000000000e+02,9.860000000000000000e+02,9.870000000000000000e+02,9.880000000000000000e+02,9.890000000000000000e+02,9.900000000000000000e+02,9.910000000000000000e+02,9.920000000000000000e+02,9.930000000000000000e+02,9.940000000000000000e+02,9.950000000000000000e+02,9.960000000000000000e+02,9.970000000000000000e+02,9.980000000000000000e+02,8.510000000000000000e+02,8.520000000000000000e+02,8.530000000000000000e+02,8.540000000000000000e+02,8.550000000000000000e+02,8.560000000000000000e+02,8.570000000000000000e+02,8.580000000000000000e+02,8.590000000000000000e+02,8.600000000000000000e+02,8.610000000000000000e+02,8.620000000000000000e+02,8.630000000000000000e+02,8.640000000000000000e+02,8.650000000000000000e+02,8.660000000000000000e+02,8.670000000000000000e+02,8.680000000000000000e+02,8.690000000000000000e+02,8.700000000000000000e+02,8.710000000000000000e+02,8.720000000000000000e+02,8.730000000000000000e+02,8.740000000000000000e+02,8.750000000000000000e+02,8.760000000000000000e+02,8.770000000000000000e+02,8.780000000000000000e+02,8.790000000000000000e+02,8.800000000000000000e+02,8.810000000000000000e+02,8.820000000000000000e+02,8.830000000000000000e+02,8.840000000000000000e+02,8.850000000000000000e+02,8.860000000000000000e+02,8.870000000000000000e+02,8.880000000000000000e+02,8.890000000000000000e+02,8.900000000000000000e+02,8.910000000000000000e+02,8.920000000000000000e+02,8.930000000000000000e+02,8.940000000000000000e+02,8.950000000000000000e+02,8.960000000000000000e+02,8.970000000000000000e+02,8.980000000000000000e+02,8.990000000000000000e+02,9.000000000000000000e+02,9.010000000000000000e+02,9.020000000000000000e+02,9.030000000000000000e+02,9.040000000000000000e+02,9.050000000000000000e+02,9.060000000000000000e+02,9.070000000000000000e+02,9.080000000000000000e+02,9.090000000000000000e+02,9.100000000000000000e+02,9.110000000000000000e+02,9.120000000000000000e+02,9.130000000000000000e+02,9.140000000000000000e+02,9.150000000000000000e+02,9.160000000000000000e+02,9.170000000000000000e+02,9.180000000000000000e+02,9.190000000000000000e+02,9.200000000000000000e+02,9.210000000000000000e+02,9.220000000000000000e+02,9.230000000000000000e+02,9.240000000000000000e+02,9.250000000000000000e+02,9.260000000000000000e+02,9.270000000000000000e+02,9.280000000000000000e+02,9.290000000000000000e+02,9.300000000000000000e+02,9.310000000000000000e+02,9.320000000000000000e+02,9.330000000000000000e+02,9.340000000000000000e+02,9.350000000000000000e+02,9.360000000000000000e+02,9.370000000000000000e+02,9.380000000000000000e+02,9.390000000000000000e+02,9.400000000000000000e+02,9.410000000000000000e+02,9.420000000000000000e+02,9.430000000000000000e+02,9.440000000000000000e+02,9.450000000000000000e+02,9.460000000000000000e+02,9.470000000000000000e+02,9.480000000000000000e+02,9.490000000000000000e+02,9.500000000000000000e+02,9.510000000000000000e+02,9.520000000000000000e+02,9.530000000000000000e+02,9.540000000000000000e+02,9.550000000000000000e+02,9.560000000000000000e+02,9.570000000000000000e+02,9.580000000000000000e+02,9.590000000000000000e+02,9.600000000000000000e+02,9.610000000000000000e+02,9.620000000000000000e+02,9.630000000000000000e+02,9.640000000000000000e+02,9.650000000000000000e+02,9.660000000000000000e+02,9.670000000000000000e+02,9.680000000000000000e+02,9.690000000000000000e+02,9.700000000000000000e+02,9.710000000000000000e+02,9.720000000000000000e+02,9.730000000000000000e+02,9.740000000000000000e+02,9.750000000000000000e+02,9.760000000000000000e+02,9.770000000000000000e+02,9.780000000000000000e+02,9.790000000000000000e+02,9.800000000000000000e+02,9.810000000000000000e+02,9.820000000000000000e+02,9.830000000000000000e+02,9.840000000000000000e+02,9.850000000000000000e+02,9.860000000000000000e+02,9.870000000000000000e+02,9.880000000000000000e+02,9.890000000000000000e+02,9.900000000000000000e+02,9.910000000000000000e+02,9.920000000000000000e+02,9.930000000000000000e+02,9.940000000000000000e+02,9.950000000000000000e+02,9.960000000000000000e+02,9.970000000000000000e+02,9.980000000000000000e+02,8.510000000000000000e+02,8.520000000000000000e+02,8.530000000000000000e+02,8.540000000000000000e+02,8.550000000000000000e+02,8.560000000000000000e+02,8.570000000000000000e+02,8.580000000000000000e+02,8.590000000000000000e+02,8.600000000000000000e+02,8.610000000000000000e+02,8.620000000000000000e+02,8.630000000000000000e+02,8.640000000000000000e+02,8.650000000000000000e+02,8.660000000000000000e+02,8.670000000000000000e+02,8.680000000000000000e+02,8.690000000000000000e+02,8.700000000000000000e+02,8.710000000000000000e+02,8.720000000000000000e+02,8.730000000000000000e+02,8.740000000000000000e+02,8.750000000000000000e+02,8.760000000000000000e+02,8.770000000000000000e+02,8.780000000000000000e+02,8.790000000000000000e+02,8.800000000000000000e+02,8.810000000000000000e+02,8.820000000000000000e+02,8.830000000000000000e+02,8.840000000000000000e+02,8.850000000000000000e+02,8.860000000000000000e+02,8.870000000000000000e+02,8.880000000000000000e+02,8.890000000000000000e+02,8.900000000000000000e+02,8.910000000000000000e+02,8.920000000000000000e+02,8.930000000000000000e+02,8.940000000000000000e+02,8.950000000000000000e+02,8.960000000000000000e+02,8.970000000000000000e+02,8.980000000000000000e+02,8.990000000000000000e+02,9.000000000000000000e+02,9.010000000000000000e+02,9.020000000000000000e+02,9.030000000000000000e+02,9.040000000000000000e+02,9.050000000000000000e+02,9.060000000000000000e+02,9.070000000000000000e+02,9.080000000000000000e+02,9.090000000000000000e+02,9.100000000000000000e+02,9.110000000000000000e+02,9.120000000000000000e+02,9.130000000000000000e+02,9.140000000000000000e+02,9.150000000000000000e+02,9.160000000000000000e+02,9.170000000000000000e+02,9.180000000000000000e+02,9.190000000000000000e+02,9.200000000000000000e+02,9.210000000000000000e+02,9.220000000000000000e+02,9.230000000000000000e+02,9.240000000000000000e+02,9.250000000000000000e+02,9.260000000000000000e+02,9.270000000000000000e+02,9.280000000000000000e+02,9.290000000000000000e+02,9.300000000000000000e+02,9.310000000000000000e+02,9.320000000000000000e+02,9.330000000000000000e+02,9.340000000000000000e+02,9.350000000000000000e+02,9.360000000000000000e+02,9.370000000000000000e+02,9.380000000000000000e+02,9.390000000000000000e+02,9.400000000000000000e+02,9.410000000000000000e+02,9.420000000000000000e+02,9.430000000000000000e+02,9.440000000000000000e+02,9.450000000000000000e+02,9.460000000000000000e+02,9.470000000000000000e+02,9.480000000000000000e+02,9.490000000000000000e+02,9.500000000000000000e+02,9.510000000000000000e+02,9.520000000000000000e+02,9.530000000000000000e+02,9.540000000000000000e+02,9.550000000000000000e+02,9.560000000000000000e+02,9.570000000000000000e+02,9.580000000000000000e+02,9.590000000000000000e+02,9.600000000000000000e+02,9.610000000000000000e+02,9.620000000000000000e+02,9.630000000000000000e+02,9.640000000000000000e+02,9.650000000000000000e+02,9.660000000000000000e+02,9.670000000000000000e+02,9.680000000000000000e+02,9.690000000000000000e+02,9.700000000000000000e+02,9.710000000000000000e+02,9.720000000000000000e+02,9.730000000000000000e+02,9.740000000000000000e+02,9.750000000000000000e+02,9.760000000000000000e+02,9.770000000000000000e+02,9.780000000000000000e+02,9.790000000000000000e+02,9.800000000000000000e+02,9.810000000000000000e+02,9.820000000000000000e+02,9.830000000000000000e+02,9.840000000000000000e+02,9.850000000000000000e+02,9.860000000000000000e+02,9.870000000000000000e+02,9.880000000000000000e+02,9.890000000000000000e+02,9.900000000000000000e+02,9.910000000000000000e+02,9.920000000000000000e+02,9.930000000000000000e+02,9.940000000000000000e+02,9.950000000000000000e+02,9.960000000000000000e+02,9.970000000000000000e+02,9.980000000000000000e+02,8.510000000000000000e+02,8.520000000000000000e+02,8.530000000000000000e+02,8.540000000000000000e+02,8.550000000000000000e+02,8.560000000000000000e+02,8.570000000000000000e+02,8.580000000000000000e+02,8.590000000000000000e+02,8.600000000000000000e+02,8.610000000000000000e+02,8.620000000000000000e+02,8.630000000000000000e+02,8.640000000000000000e+02,8.650000000000000000e+02,8.660000000000000000e+02,8.670000000000000000e+02,8.680000000000000000e+02,8.690000000000000000e+02,8.700000000000000000e+02,8.710000000000000000e+02,8.720000000000000000e+02,8.730000000000000000e+02,8.740000000000000000e+02,8.750000000000000000e+02,8.760000000000000000e+02,8.770000000000000000e+02,8.780000000000000000e+02,8.790000000000000000e+02,8.800000000000000000e+02,8.810000000000000000e+02,8.820000000000000000e+02,8.830000000000000000e+02,8.840000000000000000e+02,8.850000000000000000e+02,8.860000000000000000e+02,8.870000000000000000e+02,8.880000000000000000e+02,8.890000000000000000e+02,8.900000000000000000e+02,8.910000000000000000e+02,8.920000000000000000e+02,8.930000000000000000e+02,8.940000000000000000e+02,8.950000000000000000e+02,8.960000000000000000e+02,8.970000000000000000e+02,8.980000000000000000e+02,8.990000000000000000e+02,9.000000000000000000e+02,9.010000000000000000e+02,9.020000000000000000e+02,9.030000000000000000e+02,9.040000000000000000e+02,9.050000000000000000e+02,9.060000000000000000e+02,9.070000000000000000e+02,9.080000000000000000e+02,9.090000000000000000e+02,9.100000000000000000e+02,9.110000000000000000e+02,9.120000000000000000e+02,9.130000000000000000e+02,9.140000000000000000e+02,9.150000000000000000e+02,9.160000000000000000e+02,9.170000000000000000e+02,9.180000000000000000e+02,9.190000000000000000e+02,9.200000000000000000e+02,9.210000000000000000e+02,9.220000000000000000e+02,9.230000000000000000e+02,9.240000000000000000e+02,9.250000000000000000e+02,9.260000000000000000e+02,9.270000000000000000e+02,9.280000000000000000e+02,9.290000000000000000e+02,9.300000000000000000e+02,9.310000000000000000e+02,9.320000000000000000e+02,9.330000000000000000e+02,9.340000000000000000e+02,9.350000000000000000e+02,9.360000000000000000e+02,9.370000000000000000e+02,9.380000000000000000e+02,9.390000000000000000e+02,9.400000000000000000e+02,9.410000000000000000e+02,9.420000000000000000e+02,9.430000000000000000e+02,9.440000000000000000e+02,9.450000000000000000e+02,9.460000000000000000e+02,9.470000000000000000e+02,9.480000000000000000e+02,9.490000000000000000e+02,9.500000000000000000e+02,9.510000000000000000e+02,9.520000000000000000e+02,9.530000000000000000e+02,9.540000000000000000e+02,9.550000000000000000e+02,9.560000000000000000e+02,9.570000000000000000e+02,9.580000000000000000e+02,9.590000000000000000e+02,9.600000000000000000e+02,9.610000000000000000e+02,9.620000000000000000e+02,9.630000000000000000e+02,9.640000000000000000e+02,9.650000000000000000e+02,9.660000000000000000e+02,9.670000000000000000e+02,9.680000000000000000e+02,9.690000000000000000e+02,9.700000000000000000e+02,9.710000000000000000e+02,9.720000000000000000e+02,9.730000000000000000e+02,9.740000000000000000e+02,9.750000000000000000e+02,9.760000000000000000e+02,9.770000000000000000e+02,9.780000000000000000e+02,9.790000000000000000e+02,9.800000000000000000e+02,9.810000000000000000e+02,9.820000000000000000e+02,9.830000000000000000e+02,9.840000000000000000e+02,9.850000000000000000e+02,9.860000000000000000e+02,9.870000000000000000e+02,9.880000000000000000e+02,9.890000000000000000e+02,9.900000000000000000e+02,9.910000000000000000e+02,9.920000000000000000e+02,9.930000000000000000e+02,9.940000000000000000e+02,9.950000000000000000e+02,9.960000000000000000e+02,9.970000000000000000e+02,8.510000000000000000e+02,8.520000000000000000e+02,8.530000000000000000e+02,8.540000000000000000e+02,8.550000000000000000e+02,8.560000000000000000e+02,8.570000000000000000e+02,8.580000000000000000e+02,8.590000000000000000e+02,8.600000000000000000e+02,8.610000000000000000e+02,8.620000000000000000e+02,8.630000000000000000e+02,8.640000000000000000e+02,8.650000000000000000e+02,8.660000000000000000e+02,8.670000000000000000e+02,8.680000000000000000e+02,8.690000000000000000e+02,8.700000000000000000e+02,8.710000000000000000e+02,8.720000000000000000e+02,8.730000000000000000e+02,8.740000000000000000e+02,8.750000000000000000e+02,8.760000000000000000e+02,8.770000000000000000e+02,8.780000000000000000e+02,8.790000000000000000e+02,8.800000000000000000e+02,8.810000000000000000e+02,8.820000000000000000e+02,8.830000000000000000e+02,8.840000000000000000e+02,8.850000000000000000e+02,8.860000000000000000e+02,8.870000000000000000e+02,8.880000000000000000e+02,8.890000000000000000e+02,8.900000000000000000e+02,8.910000000000000000e+02,8.920000000000000000e+02,8.930000000000000000e+02,8.940000000000000000e+02,8.950000000000000000e+02,8.960000000000000000e+02,8.970000000000000000e+02,8.980000000000000000e+02,8.990000000000000000e+02,9.000000000000000000e+02,9.010000000000000000e+02,9.020000000000000000e+02,9.030000000000000000e+02,9.040000000000000000e+02,9.050000000000000000e+02,9.060000000000000000e+02,9.070000000000000000e+02,9.080000000000000000e+02,9.090000000000000000e+02,9.100000000000000000e+02,9.110000000000000000e+02,9.120000000000000000e+02,9.130000000000000000e+02,9.140000000000000000e+02,9.150000000000000000e+02,9.160000000000000000e+02,9.170000000000000000e+02,9.180000000000000000e+02,9.190000000000000000e+02,9.200000000000000000e+02,9.210000000000000000e+02,9.220000000000000000e+02,9.230000000000000000e+02,9.240000000000000000e+02,9.250000000000000000e+02,9.260000000000000000e+02,9.270000000000000000e+02,9.280000000000000000e+02,9.290000000000000000e+02,9.300000000000000000e+02,9.310000000000000000e+02,9.320000000000000000e+02,9.330000000000000000e+02,9.340000000000000000e+02,9.350000000000000000e+02,9.360000000000000000e+02,9.370000000000000000e+02,9.380000000000000000e+02,9.390000000000000000e+02,9.400000000000000000e+02,9.410000000000000000e+02,9.420000000000000000e+02,9.430000000000000000e+02,9.440000000000000000e+02,9.450000000000000000e+02,9.460000000000000000e+02,9.470000000000000000e+02,9.480000000000000000e+02,9.490000000000000000e+02,9.500000000000000000e+02,9.510000000000000000e+02,9.520000000000000000e+02,9.530000000000000000e+02,9.540000000000000000e+02,9.550000000000000000e+02,9.560000000000000000e+02,9.570000000000000000e+02,9.580000000000000000e+02,9.590000000000000000e+02,9.600000000000000000e+02,9.610000000000000000e+02,9.620000000000000000e+02,9.630000000000000000e+02,9.640000000000000000e+02,9.650000000000000000e+02,9.660000000000000000e+02,9.670000000000000000e+02,9.680000000000000000e+02,9.690000000000000000e+02,9.700000000000000000e+02,9.710000000000000000e+02,9.720000000000000000e+02,9.730000000000000000e+02,9.740000000000000000e+02,9.750000000000000000e+02,9.760000000000000000e+02,9.770000000000000000e+02,9.780000000000000000e+02,9.790000000000000000e+02,9.800000000000000000e+02,9.810000000000000000e+02,9.820000000000000000e+02,9.830000000000000000e+02,9.840000000000000000e+02,9.850000000000000000e+02,9.860000000000000000e+02,9.870000000000000000e+02,9.880000000000000000e+02,9.890000000000000000e+02,9.900000000000000000e+02,9.910000000000000000e+02,9.920000000000000000e+02,9.930000000000000000e+02,9.940000000000000000e+02,9.950000000000000000e+02,9.960000000000000000e+02,9.970000000000000000e+02,8.510000000000000000e+02,8.520000000000000000e+02,8.530000000000000000e+02,8.540000000000000000e+02,8.550000000000000000e+02,8.560000000000000000e+02,8.570000000000000000e+02,8.580000000000000000e+02,8.590000000000000000e+02,8.600000000000000000e+02,8.610000000000000000e+02,8.620000000000000000e+02,8.630000000000000000e+02,8.640000000000000000e+02,8.650000000000000000e+02,8.660000000000000000e+02,8.670000000000000000e+02,8.680000000000000000e+02,8.690000000000000000e+02,8.700000000000000000e+02,8.710000000000000000e+02,8.720000000000000000e+02,8.730000000000000000e+02,8.740000000000000000e+02,8.750000000000000000e+02,8.760000000000000000e+02,8.770000000000000000e+02,8.780000000000000000e+02,8.790000000000000000e+02,8.800000000000000000e+02,8.810000000000000000e+02,8.820000000000000000e+02,8.830000000000000000e+02,8.840000000000000000e+02,8.850000000000000000e+02,8.860000000000000000e+02,8.870000000000000000e+02,8.880000000000000000e+02,8.890000000000000000e+02,8.900000000000000000e+02,8.910000000000000000e+02,8.920000000000000000e+02,8.930000000000000000e+02,8.940000000000000000e+02,8.950000000000000000e+02,8.960000000000000000e+02,8.970000000000000000e+02,8.980000000000000000e+02,8.990000000000000000e+02,9.000000000000000000e+02,9.010000000000000000e+02,9.020000000000000000e+02,9.030000000000000000e+02,9.040000000000000000e+02,9.050000000000000000e+02,9.060000000000000000e+02,9.070000000000000000e+02,9.080000000000000000e+02,9.090000000000000000e+02,9.100000000000000000e+02,9.110000000000000000e+02,9.120000000000000000e+02,9.130000000000000000e+02,9.140000000000000000e+02,9.150000000000000000e+02,9.160000000000000000e+02,9.170000000000000000e+02,9.180000000000000000e+02,9.190000000000000000e+02,9.200000000000000000e+02,9.210000000000000000e+02,9.220000000000000000e+02,9.230000000000000000e+02,9.240000000000000000e+02,9.250000000000000000e+02,9.260000000000000000e+02,9.270000000000000000e+02,9.280000000000000000e+02,9.290000000000000000e+02,9.300000000000000000e+02,9.310000000000000000e+02,9.320000000000000000e+02,9.330000000000000000e+02,9.340000000000000000e+02,9.350000000000000000e+02,9.360000000000000000e+02,9.370000000000000000e+02,9.380000000000000000e+02,9.390000000000000000e+02,9.400000000000000000e+02,9.410000000000000000e+02,9.420000000000000000e+02,9.430000000000000000e+02,9.440000000000000000e+02,9.450000000000000000e+02,9.460000000000000000e+02,9.470000000000000000e+02,9.480000000000000000e+02,9.490000000000000000e+02,9.500000000000000000e+02,9.510000000000000000e+02,9.520000000000000000e+02,9.530000000000000000e+02,9.540000000000000000e+02,9.550000000000000000e+02,9.560000000000000000e+02,9.570000000000000000e+02,9.580000000000000000e+02,9.590000000000000000e+02,9.600000000000000000e+02,9.610000000000000000e+02,9.620000000000000000e+02,9.630000000000000000e+02,9.640000000000000000e+02,9.650000000000000000e+02,9.660000000000000000e+02,9.670000000000000000e+02,9.680000000000000000e+02,9.690000000000000000e+02,9.700000000000000000e+02,9.710000000000000000e+02,9.720000000000000000e+02,9.730000000000000000e+02,9.740000000000000000e+02,9.750000000000000000e+02,9.760000000000000000e+02,9.770000000000000000e+02,9.780000000000000000e+02,9.790000000000000000e+02,9.800000000000000000e+02,9.810000000000000000e+02,9.820000000000000000e+02,9.830000000000000000e+02,9.840000000000000000e+02,9.850000000000000000e+02,9.860000000000000000e+02,9.870000000000000000e+02,9.880000000000000000e+02,9.890000000000000000e+02,9.900000000000000000e+02,9.910000000000000000e+02,9.920000000000000000e+02,9.930000000000000000e+02,9.940000000000000000e+02,9.950000000000000000e+02,9.960000000000000000e+02,9.970000000000000000e+02,8.510000000000000000e+02,8.520000000000000000e+02,8.530000000000000000e+02,8.540000000000000000e+02,8.550000000000000000e+02,8.560000000000000000e+02,8.570000000000000000e+02,8.580000000000000000e+02,8.590000000000000000e+02,8.600000000000000000e+02,8.610000000000000000e+02,8.620000000000000000e+02,8.630000000000000000e+02,8.640000000000000000e+02,8.650000000000000000e+02,8.660000000000000000e+02,8.670000000000000000e+02,8.680000000000000000e+02,8.690000000000000000e+02,8.700000000000000000e+02,8.710000000000000000e+02,8.720000000000000000e+02,8.730000000000000000e+02,8.740000000000000000e+02,8.750000000000000000e+02,8.760000000000000000e+02,8.770000000000000000e+02,8.780000000000000000e+02,8.790000000000000000e+02,8.800000000000000000e+02,8.810000000000000000e+02,8.820000000000000000e+02,8.830000000000000000e+02,8.840000000000000000e+02,8.850000000000000000e+02,8.860000000000000000e+02,8.870000000000000000e+02,8.880000000000000000e+02,8.890000000000000000e+02,8.900000000000000000e+02,8.910000000000000000e+02,8.920000000000000000e+02,8.930000000000000000e+02,8.940000000000000000e+02,8.950000000000000000e+02,8.960000000000000000e+02,8.970000000000000000e+02,8.980000000000000000e+02,8.990000000000000000e+02,9.000000000000000000e+02,9.010000000000000000e+02,9.020000000000000000e+02,9.030000000000000000e+02,9.040000000000000000e+02,9.050000000000000000e+02,9.060000000000000000e+02,9.070000000000000000e+02,9.080000000000000000e+02,9.090000000000000000e+02,9.100000000000000000e+02,9.110000000000000000e+02,9.120000000000000000e+02,9.130000000000000000e+02,9.140000000000000000e+02,9.150000000000000000e+02,9.160000000000000000e+02,9.170000000000000000e+02,9.180000000000000000e+02,9.190000000000000000e+02,9.200000000000000000e+02,9.210000000000000000e+02,9.220000000000000000e+02,9.230000000000000000e+02,9.240000000000000000e+02,9.250000000000000000e+02,9.260000000000000000e+02,9.270000000000000000e+02,9.280000000000000000e+02,9.290000000000000000e+02,9.300000000000000000e+02,9.310000000000000000e+02,9.320000000000000000e+02,9.330000000000000000e+02,9.340000000000000000e+02,9.350000000000000000e+02,9.360000000000000000e+02,9.370000000000000000e+02,9.380000000000000000e+02,9.390000000000000000e+02,9.400000000000000000e+02,9.410000000000000000e+02,9.420000000000000000e+02,9.430000000000000000e+02,9.440000000000000000e+02,9.450000000000000000e+02,9.460000000000000000e+02,9.470000000000000000e+02,9.480000000000000000e+02,9.490000000000000000e+02,9.500000000000000000e+02,9.510000000000000000e+02,9.520000000000000000e+02,9.530000000000000000e+02,9.540000000000000000e+02,9.550000000000000000e+02,9.560000000000000000e+02,9.570000000000000000e+02,9.580000000000000000e+02,9.590000000000000000e+02,9.600000000000000000e+02,9.610000000000000000e+02,9.620000000000000000e+02,9.630000000000000000e+02,9.640000000000000000e+02,9.650000000000000000e+02,9.660000000000000000e+02,9.670000000000000000e+02,9.680000000000000000e+02,9.690000000000000000e+02,9.700000000000000000e+02,9.710000000000000000e+02,9.720000000000000000e+02,9.730000000000000000e+02,9.740000000000000000e+02,9.750000000000000000e+02,9.760000000000000000e+02,9.770000000000000000e+02,9.780000000000000000e+02,9.790000000000000000e+02,9.800000000000000000e+02,9.810000000000000000e+02,9.820000000000000000e+02,9.830000000000000000e+02,9.840000000000000000e+02,9.850000000000000000e+02,9.860000000000000000e+02,9.870000000000000000e+02,9.880000000000000000e+02,9.890000000000000000e+02,9.900000000000000000e+02,9.910000000000000000e+02,9.920000000000000000e+02,9.930000000000000000e+02,9.940000000000000000e+02,9.950000000000000000e+02,9.960000000000000000e+02,8.510000000000000000e+02,8.520000000000000000e+02,8.530000000000000000e+02,8.540000000000000000e+02,8.550000000000000000e+02,8.560000000000000000e+02,8.570000000000000000e+02,8.580000000000000000e+02,8.590000000000000000e+02,8.600000000000000000e+02,8.610000000000000000e+02,8.620000000000000000e+02,8.630000000000000000e+02,8.640000000000000000e+02,8.650000000000000000e+02,8.660000000000000000e+02,8.670000000000000000e+02,8.680000000000000000e+02,8.690000000000000000e+02,8.700000000000000000e+02,8.710000000000000000e+02,8.720000000000000000e+02,8.730000000000000000e+02,8.740000000000000000e+02,8.750000000000000000e+02,8.760000000000000000e+02,8.770000000000000000e+02,8.780000000000000000e+02,8.790000000000000000e+02,8.800000000000000000e+02,8.810000000000000000e+02,8.820000000000000000e+02,8.830000000000000000e+02,8.840000000000000000e+02,8.850000000000000000e+02,8.860000000000000000e+02,8.870000000000000000e+02,8.880000000000000000e+02,8.890000000000000000e+02,8.900000000000000000e+02,8.910000000000000000e+02,8.920000000000000000e+02,8.930000000000000000e+02,8.940000000000000000e+02,8.950000000000000000e+02,8.960000000000000000e+02,8.970000000000000000e+02,8.980000000000000000e+02,8.990000000000000000e+02,9.000000000000000000e+02,9.010000000000000000e+02,9.020000000000000000e+02,9.030000000000000000e+02,9.040000000000000000e+02,9.050000000000000000e+02,9.060000000000000000e+02,9.070000000000000000e+02,9.080000000000000000e+02,9.090000000000000000e+02,9.100000000000000000e+02,9.110000000000000000e+02,9.120000000000000000e+02,9.130000000000000000e+02,9.140000000000000000e+02,9.150000000000000000e+02,9.160000000000000000e+02,9.170000000000000000e+02,9.180000000000000000e+02,9.190000000000000000e+02,9.200000000000000000e+02,9.210000000000000000e+02,9.220000000000000000e+02,9.230000000000000000e+02,9.240000000000000000e+02,9.250000000000000000e+02,9.260000000000000000e+02,9.270000000000000000e+02,9.280000000000000000e+02,9.290000000000000000e+02,9.300000000000000000e+02,9.310000000000000000e+02,9.320000000000000000e+02,9.330000000000000000e+02,9.340000000000000000e+02,9.350000000000000000e+02,9.360000000000000000e+02,9.370000000000000000e+02,9.380000000000000000e+02,9.390000000000000000e+02,9.400000000000000000e+02,9.410000000000000000e+02,9.420000000000000000e+02,9.430000000000000000e+02,9.440000000000000000e+02,9.450000000000000000e+02,9.460000000000000000e+02,9.470000000000000000e+02,9.480000000000000000e+02,9.490000000000000000e+02,9.500000000000000000e+02,9.510000000000000000e+02,9.520000000000000000e+02,9.530000000000000000e+02,9.540000000000000000e+02,9.550000000000000000e+02,9.560000000000000000e+02,9.570000000000000000e+02,9.580000000000000000e+02,9.590000000000000000e+02,9.600000000000000000e+02,9.610000000000000000e+02,9.620000000000000000e+02,9.630000000000000000e+02,9.640000000000000000e+02,9.650000000000000000e+02,9.660000000000000000e+02,9.670000000000000000e+02,9.680000000000000000e+02,9.690000000000000000e+02,9.700000000000000000e+02,9.710000000000000000e+02,9.720000000000000000e+02,9.730000000000000000e+02,9.740000000000000000e+02,9.750000000000000000e+02,9.760000000000000000e+02,9.770000000000000000e+02,9.780000000000000000e+02,9.790000000000000000e+02,9.800000000000000000e+02,9.810000000000000000e+02,9.820000000000000000e+02,9.830000000000000000e+02,9.840000000000000000e+02,9.850000000000000000e+02,9.860000000000000000e+02,9.870000000000000000e+02,9.880000000000000000e+02,9.890000000000000000e+02,9.900000000000000000e+02,9.910000000000000000e+02,9.920000000000000000e+02,9.930000000000000000e+02,9.940000000000000000e+02,9.950000000000000000e+02,9.960000000000000000e+02,8.510000000000000000e+02,8.520000000000000000e+02,8.530000000000000000e+02,8.540000000000000000e+02,8.550000000000000000e+02,8.560000000000000000e+02,8.570000000000000000e+02,8.580000000000000000e+02,8.590000000000000000e+02,8.600000000000000000e+02,8.610000000000000000e+02,8.620000000000000000e+02,8.630000000000000000e+02,8.640000000000000000e+02,8.650000000000000000e+02,8.660000000000000000e+02,8.670000000000000000e+02,8.680000000000000000e+02,8.690000000000000000e+02,8.700000000000000000e+02,8.710000000000000000e+02,8.720000000000000000e+02,8.730000000000000000e+02,8.740000000000000000e+02,8.750000000000000000e+02,8.760000000000000000e+02,8.770000000000000000e+02,8.780000000000000000e+02,8.790000000000000000e+02,8.800000000000000000e+02,8.810000000000000000e+02,8.820000000000000000e+02,8.830000000000000000e+02,8.840000000000000000e+02,8.850000000000000000e+02,8.860000000000000000e+02,8.870000000000000000e+02,8.880000000000000000e+02,8.890000000000000000e+02,8.900000000000000000e+02,8.910000000000000000e+02,8.920000000000000000e+02,8.930000000000000000e+02,8.940000000000000000e+02,8.950000000000000000e+02,8.960000000000000000e+02,8.970000000000000000e+02,8.980000000000000000e+02,8.990000000000000000e+02,9.000000000000000000e+02,9.010000000000000000e+02,9.020000000000000000e+02,9.030000000000000000e+02,9.040000000000000000e+02,9.050000000000000000e+02,9.060000000000000000e+02,9.070000000000000000e+02,9.080000000000000000e+02,9.090000000000000000e+02,9.100000000000000000e+02,9.110000000000000000e+02,9.120000000000000000e+02,9.130000000000000000e+02,9.140000000000000000e+02,9.150000000000000000e+02,9.160000000000000000e+02,9.170000000000000000e+02,9.180000000000000000e+02,9.190000000000000000e+02,9.200000000000000000e+02,9.210000000000000000e+02,9.220000000000000000e+02,9.230000000000000000e+02,9.240000000000000000e+02,9.250000000000000000e+02,9.260000000000000000e+02,9.270000000000000000e+02,9.280000000000000000e+02,9.290000000000000000e+02,9.300000000000000000e+02,9.310000000000000000e+02,9.320000000000000000e+02,9.330000000000000000e+02,9.340000000000000000e+02,9.350000000000000000e+02,9.360000000000000000e+02,9.370000000000000000e+02,9.380000000000000000e+02,9.390000000000000000e+02,9.400000000000000000e+02,9.410000000000000000e+02,9.420000000000000000e+02,9.430000000000000000e+02,9.440000000000000000e+02,9.450000000000000000e+02,9.460000000000000000e+02,9.470000000000000000e+02,9.480000000000000000e+02,9.490000000000000000e+02,9.500000000000000000e+02,9.510000000000000000e+02,9.520000000000000000e+02,9.530000000000000000e+02,9.540000000000000000e+02,9.550000000000000000e+02,9.560000000000000000e+02,9.570000000000000000e+02,9.580000000000000000e+02,9.590000000000000000e+02,9.600000000000000000e+02,9.610000000000000000e+02,9.620000000000000000e+02,9.630000000000000000e+02,9.640000000000000000e+02,9.650000000000000000e+02,9.660000000000000000e+02,9.670000000000000000e+02,9.680000000000000000e+02,9.690000000000000000e+02,9.700000000000000000e+02,9.710000000000000000e+02,9.720000000000000000e+02,9.730000000000000000e+02,9.740000000000000000e+02,9.750000000000000000e+02,9.760000000000000000e+02,9.770000000000000000e+02,9.780000000000000000e+02,9.790000000000000000e+02,9.800000000000000000e+02,9.810000000000000000e+02,9.820000000000000000e+02,9.830000000000000000e+02,9.840000000000000000e+02,9.850000000000000000e+02,9.860000000000000000e+02,9.870000000000000000e+02,9.880000000000000000e+02,9.890000000000000000e+02,9.900000000000000000e+02,9.910000000000000000e+02,9.920000000000000000e+02,9.930000000000000000e+02,9.940000000000000000e+02,9.950000000000000000e+02,9.960000000000000000e+02,8.500000000000000000e+02,8.510000000000000000e+02,8.520000000000000000e+02,8.530000000000000000e+02,8.540000000000000000e+02,8.550000000000000000e+02,8.560000000000000000e+02,8.570000000000000000e+02,8.580000000000000000e+02,8.590000000000000000e+02,8.600000000000000000e+02,8.610000000000000000e+02,8.620000000000000000e+02,8.630000000000000000e+02,8.640000000000000000e+02,8.650000000000000000e+02,8.660000000000000000e+02,8.670000000000000000e+02,8.680000000000000000e+02,8.690000000000000000e+02,8.700000000000000000e+02,8.710000000000000000e+02,8.720000000000000000e+02,8.730000000000000000e+02,8.740000000000000000e+02,8.750000000000000000e+02,8.760000000000000000e+02,8.770000000000000000e+02,8.780000000000000000e+02,8.790000000000000000e+02,8.800000000000000000e+02,8.810000000000000000e+02,8.820000000000000000e+02,8.830000000000000000e+02,8.840000000000000000e+02,8.850000000000000000e+02,8.860000000000000000e+02,8.870000000000000000e+02,8.880000000000000000e+02,8.890000000000000000e+02,8.900000000000000000e+02,8.910000000000000000e+02,8.920000000000000000e+02,8.930000000000000000e+02,8.940000000000000000e+02,8.950000000000000000e+02,8.960000000000000000e+02,8.970000000000000000e+02,8.980000000000000000e+02,8.990000000000000000e+02,9.000000000000000000e+02,9.010000000000000000e+02,9.020000000000000000e+02,9.030000000000000000e+02,9.040000000000000000e+02,9.050000000000000000e+02,9.060000000000000000e+02,9.070000000000000000e+02,9.080000000000000000e+02,9.090000000000000000e+02,9.100000000000000000e+02,9.110000000000000000e+02,9.120000000000000000e+02,9.130000000000000000e+02,9.140000000000000000e+02,9.150000000000000000e+02,9.160000000000000000e+02,9.170000000000000000e+02,9.180000000000000000e+02,9.190000000000000000e+02,9.200000000000000000e+02,9.210000000000000000e+02,9.220000000000000000e+02,9.230000000000000000e+02,9.240000000000000000e+02,9.250000000000000000e+02,9.260000000000000000e+02,9.270000000000000000e+02,9.280000000000000000e+02,9.290000000000000000e+02,9.300000000000000000e+02,9.310000000000000000e+02,9.320000000000000000e+02,9.330000000000000000e+02,9.340000000000000000e+02,9.350000000000000000e+02,9.360000000000000000e+02,9.370000000000000000e+02,9.380000000000000000e+02,9.390000000000000000e+02,9.400000000000000000e+02,9.410000000000000000e+02,9.420000000000000000e+02,9.430000000000000000e+02,9.440000000000000000e+02,9.450000000000000000e+02,9.460000000000000000e+02,9.470000000000000000e+02,9.480000000000000000e+02,9.490000000000000000e+02,9.500000000000000000e+02,9.510000000000000000e+02,9.520000000000000000e+02,9.530000000000000000e+02,9.540000000000000000e+02,9.550000000000000000e+02,9.560000000000000000e+02,9.570000000000000000e+02,9.580000000000000000e+02,9.590000000000000000e+02,9.600000000000000000e+02,9.610000000000000000e+02,9.620000000000000000e+02,9.630000000000000000e+02,9.640000000000000000e+02,9.650000000000000000e+02,9.660000000000000000e+02,9.670000000000000000e+02,9.680000000000000000e+02,9.690000000000000000e+02,9.700000000000000000e+02,9.710000000000000000e+02,9.720000000000000000e+02,9.730000000000000000e+02,9.740000000000000000e+02,9.750000000000000000e+02,9.760000000000000000e+02,9.770000000000000000e+02,9.780000000000000000e+02,9.790000000000000000e+02,9.800000000000000000e+02,9.810000000000000000e+02,9.820000000000000000e+02,9.830000000000000000e+02,9.840000000000000000e+02,9.850000000000000000e+02,9.860000000000000000e+02,9.870000000000000000e+02,9.880000000000000000e+02,9.890000000000000000e+02,9.900000000000000000e+02,9.910000000000000000e+02,9.920000000000000000e+02,9.930000000000000000e+02,9.940000000000000000e+02,9.950000000000000000e+02,8.500000000000000000e+02,8.510000000000000000e+02,8.520000000000000000e+02,8.530000000000000000e+02,8.540000000000000000e+02,8.550000000000000000e+02,8.560000000000000000e+02,8.570000000000000000e+02,8.580000000000000000e+02,8.590000000000000000e+02,8.600000000000000000e+02,8.610000000000000000e+02,8.620000000000000000e+02,8.630000000000000000e+02,8.640000000000000000e+02,8.650000000000000000e+02,8.660000000000000000e+02,8.670000000000000000e+02,8.680000000000000000e+02,8.690000000000000000e+02,8.700000000000000000e+02,8.710000000000000000e+02,8.720000000000000000e+02,8.730000000000000000e+02,8.740000000000000000e+02,8.750000000000000000e+02,8.760000000000000000e+02,8.770000000000000000e+02,8.780000000000000000e+02,8.790000000000000000e+02,8.800000000000000000e+02,8.810000000000000000e+02,8.820000000000000000e+02,8.830000000000000000e+02,8.840000000000000000e+02,8.850000000000000000e+02,8.860000000000000000e+02,8.870000000000000000e+02,8.880000000000000000e+02,8.890000000000000000e+02,8.900000000000000000e+02,8.910000000000000000e+02,8.920000000000000000e+02,8.930000000000000000e+02,8.940000000000000000e+02,8.950000000000000000e+02,8.960000000000000000e+02,8.970000000000000000e+02,8.980000000000000000e+02,8.990000000000000000e+02,9.000000000000000000e+02,9.010000000000000000e+02,9.020000000000000000e+02,9.030000000000000000e+02,9.040000000000000000e+02,9.050000000000000000e+02,9.060000000000000000e+02,9.070000000000000000e+02,9.080000000000000000e+02,9.090000000000000000e+02,9.100000000000000000e+02,9.110000000000000000e+02,9.120000000000000000e+02,9.130000000000000000e+02,9.140000000000000000e+02,9.150000000000000000e+02,9.160000000000000000e+02,9.170000000000000000e+02,9.180000000000000000e+02,9.190000000000000000e+02,9.200000000000000000e+02,9.210000000000000000e+02,9.220000000000000000e+02,9.230000000000000000e+02,9.240000000000000000e+02,9.250000000000000000e+02,9.260000000000000000e+02,9.270000000000000000e+02,9.280000000000000000e+02,9.290000000000000000e+02,9.300000000000000000e+02,9.310000000000000000e+02,9.320000000000000000e+02,9.330000000000000000e+02,9.340000000000000000e+02,9.350000000000000000e+02,9.360000000000000000e+02,9.370000000000000000e+02,9.380000000000000000e+02,9.390000000000000000e+02,9.400000000000000000e+02,9.410000000000000000e+02,9.420000000000000000e+02,9.430000000000000000e+02,9.440000000000000000e+02,9.450000000000000000e+02,9.460000000000000000e+02,9.470000000000000000e+02,9.480000000000000000e+02,9.490000000000000000e+02,9.500000000000000000e+02,9.510000000000000000e+02,9.520000000000000000e+02,9.530000000000000000e+02,9.540000000000000000e+02,9.550000000000000000e+02,9.560000000000000000e+02,9.570000000000000000e+02,9.580000000000000000e+02,9.590000000000000000e+02,9.600000000000000000e+02,9.610000000000000000e+02,9.620000000000000000e+02,9.630000000000000000e+02,9.640000000000000000e+02,9.650000000000000000e+02,9.660000000000000000e+02,9.670000000000000000e+02,9.680000000000000000e+02,9.690000000000000000e+02,9.700000000000000000e+02,9.710000000000000000e+02,9.720000000000000000e+02,9.730000000000000000e+02,9.740000000000000000e+02,9.750000000000000000e+02,9.760000000000000000e+02,9.770000000000000000e+02,9.780000000000000000e+02,9.790000000000000000e+02,9.800000000000000000e+02,9.810000000000000000e+02,9.820000000000000000e+02,9.830000000000000000e+02,9.840000000000000000e+02,9.850000000000000000e+02,9.860000000000000000e+02,9.870000000000000000e+02,9.880000000000000000e+02,9.890000000000000000e+02,9.900000000000000000e+02,9.910000000000000000e+02,9.920000000000000000e+02,9.930000000000000000e+02,9.940000000000000000e+02,9.950000000000000000e+02,8.500000000000000000e+02,8.510000000000000000e+02,8.520000000000000000e+02,8.530000000000000000e+02,8.540000000000000000e+02,8.550000000000000000e+02,8.560000000000000000e+02,8.570000000000000000e+02,8.580000000000000000e+02,8.590000000000000000e+02,8.600000000000000000e+02,8.610000000000000000e+02,8.620000000000000000e+02,8.630000000000000000e+02,8.640000000000000000e+02,8.650000000000000000e+02,8.660000000000000000e+02,8.670000000000000000e+02,8.680000000000000000e+02,8.690000000000000000e+02,8.700000000000000000e+02,8.710000000000000000e+02,8.720000000000000000e+02,8.730000000000000000e+02,8.740000000000000000e+02,8.750000000000000000e+02,8.760000000000000000e+02,8.770000000000000000e+02,8.780000000000000000e+02,8.790000000000000000e+02,8.800000000000000000e+02,8.810000000000000000e+02,8.820000000000000000e+02,8.830000000000000000e+02,8.840000000000000000e+02,8.850000000000000000e+02,8.860000000000000000e+02,8.870000000000000000e+02,8.880000000000000000e+02,8.890000000000000000e+02,8.900000000000000000e+02,8.910000000000000000e+02,8.920000000000000000e+02,8.930000000000000000e+02,8.940000000000000000e+02,8.950000000000000000e+02,8.960000000000000000e+02,8.970000000000000000e+02,8.980000000000000000e+02,8.990000000000000000e+02,9.000000000000000000e+02,9.010000000000000000e+02,9.020000000000000000e+02,9.030000000000000000e+02,9.040000000000000000e+02,9.050000000000000000e+02,9.060000000000000000e+02,9.070000000000000000e+02,9.080000000000000000e+02,9.090000000000000000e+02,9.100000000000000000e+02,9.110000000000000000e+02,9.120000000000000000e+02,9.130000000000000000e+02,9.140000000000000000e+02,9.150000000000000000e+02,9.160000000000000000e+02,9.170000000000000000e+02,9.180000000000000000e+02,9.190000000000000000e+02,9.200000000000000000e+02,9.210000000000000000e+02,9.220000000000000000e+02,9.230000000000000000e+02,9.240000000000000000e+02,9.250000000000000000e+02,9.260000000000000000e+02,9.270000000000000000e+02,9.280000000000000000e+02,9.290000000000000000e+02,9.300000000000000000e+02,9.310000000000000000e+02,9.320000000000000000e+02,9.330000000000000000e+02,9.340000000000000000e+02,9.350000000000000000e+02,9.360000000000000000e+02,9.370000000000000000e+02,9.380000000000000000e+02,9.390000000000000000e+02,9.400000000000000000e+02,9.410000000000000000e+02,9.420000000000000000e+02,9.430000000000000000e+02,9.440000000000000000e+02,9.450000000000000000e+02,9.460000000000000000e+02,9.470000000000000000e+02,9.480000000000000000e+02,9.490000000000000000e+02,9.500000000000000000e+02,9.510000000000000000e+02,9.520000000000000000e+02,9.530000000000000000e+02,9.540000000000000000e+02,9.550000000000000000e+02,9.560000000000000000e+02,9.570000000000000000e+02,9.580000000000000000e+02,9.590000000000000000e+02,9.600000000000000000e+02,9.610000000000000000e+02,9.620000000000000000e+02,9.630000000000000000e+02,9.640000000000000000e+02,9.650000000000000000e+02,9.660000000000000000e+02,9.670000000000000000e+02,9.680000000000000000e+02,9.690000000000000000e+02,9.700000000000000000e+02,9.710000000000000000e+02,9.720000000000000000e+02,9.730000000000000000e+02,9.740000000000000000e+02,9.750000000000000000e+02,9.760000000000000000e+02,9.770000000000000000e+02,9.780000000000000000e+02,9.790000000000000000e+02,9.800000000000000000e+02,9.810000000000000000e+02,9.820000000000000000e+02,9.830000000000000000e+02,9.840000000000000000e+02,9.850000000000000000e+02,9.860000000000000000e+02,9.870000000000000000e+02,9.880000000000000000e+02,9.890000000000000000e+02,9.900000000000000000e+02,9.910000000000000000e+02,9.920000000000000000e+02,9.930000000000000000e+02,9.940000000000000000e+02,8.500000000000000000e+02,8.510000000000000000e+02,8.520000000000000000e+02,8.530000000000000000e+02,8.540000000000000000e+02,8.550000000000000000e+02,8.560000000000000000e+02,8.570000000000000000e+02,8.580000000000000000e+02,8.590000000000000000e+02,8.600000000000000000e+02,8.610000000000000000e+02,8.620000000000000000e+02,8.630000000000000000e+02,8.640000000000000000e+02,8.650000000000000000e+02,8.660000000000000000e+02,8.670000000000000000e+02,8.680000000000000000e+02,8.690000000000000000e+02,8.700000000000000000e+02,8.710000000000000000e+02,8.720000000000000000e+02,8.730000000000000000e+02,8.740000000000000000e+02,8.750000000000000000e+02,8.760000000000000000e+02,8.770000000000000000e+02,8.780000000000000000e+02,8.790000000000000000e+02,8.800000000000000000e+02,8.810000000000000000e+02,8.820000000000000000e+02,8.830000000000000000e+02,8.840000000000000000e+02,8.850000000000000000e+02,8.860000000000000000e+02,8.870000000000000000e+02,8.880000000000000000e+02,8.890000000000000000e+02,8.900000000000000000e+02,8.910000000000000000e+02,8.920000000000000000e+02,8.930000000000000000e+02,8.940000000000000000e+02,8.950000000000000000e+02,8.960000000000000000e+02,8.970000000000000000e+02,8.980000000000000000e+02,8.990000000000000000e+02,9.000000000000000000e+02,9.010000000000000000e+02,9.020000000000000000e+02,9.030000000000000000e+02,9.040000000000000000e+02,9.050000000000000000e+02,9.060000000000000000e+02,9.070000000000000000e+02,9.080000000000000000e+02,9.090000000000000000e+02,9.100000000000000000e+02,9.110000000000000000e+02,9.120000000000000000e+02,9.130000000000000000e+02,9.140000000000000000e+02,9.150000000000000000e+02,9.160000000000000000e+02,9.170000000000000000e+02,9.180000000000000000e+02,9.190000000000000000e+02,9.200000000000000000e+02,9.210000000000000000e+02,9.220000000000000000e+02,9.230000000000000000e+02,9.240000000000000000e+02,9.250000000000000000e+02,9.260000000000000000e+02,9.270000000000000000e+02,9.280000000000000000e+02,9.290000000000000000e+02,9.300000000000000000e+02,9.310000000000000000e+02,9.320000000000000000e+02,9.330000000000000000e+02,9.340000000000000000e+02,9.350000000000000000e+02,9.360000000000000000e+02,9.370000000000000000e+02,9.380000000000000000e+02,9.390000000000000000e+02,9.400000000000000000e+02,9.410000000000000000e+02,9.420000000000000000e+02,9.430000000000000000e+02,9.440000000000000000e+02,9.450000000000000000e+02,9.460000000000000000e+02,9.470000000000000000e+02,9.480000000000000000e+02,9.490000000000000000e+02,9.500000000000000000e+02,9.510000000000000000e+02,9.520000000000000000e+02,9.530000000000000000e+02,9.540000000000000000e+02,9.550000000000000000e+02,9.560000000000000000e+02,9.570000000000000000e+02,9.580000000000000000e+02,9.590000000000000000e+02,9.600000000000000000e+02,9.610000000000000000e+02,9.620000000000000000e+02,9.630000000000000000e+02,9.640000000000000000e+02,9.650000000000000000e+02,9.660000000000000000e+02,9.670000000000000000e+02,9.680000000000000000e+02,9.690000000000000000e+02,9.700000000000000000e+02,9.710000000000000000e+02,9.720000000000000000e+02,9.730000000000000000e+02,9.740000000000000000e+02,9.750000000000000000e+02,9.760000000000000000e+02,9.770000000000000000e+02,9.780000000000000000e+02,9.790000000000000000e+02,9.800000000000000000e+02,9.810000000000000000e+02,9.820000000000000000e+02,9.830000000000000000e+02,9.840000000000000000e+02,9.850000000000000000e+02,9.860000000000000000e+02,9.870000000000000000e+02,9.880000000000000000e+02,9.890000000000000000e+02,9.900000000000000000e+02,9.910000000000000000e+02,9.920000000000000000e+02,9.930000000000000000e+02,9.940000000000000000e+02,8.500000000000000000e+02,8.510000000000000000e+02,8.520000000000000000e+02,8.530000000000000000e+02,8.540000000000000000e+02,8.550000000000000000e+02,8.560000000000000000e+02,8.570000000000000000e+02,8.580000000000000000e+02,8.590000000000000000e+02,8.600000000000000000e+02,8.610000000000000000e+02,8.620000000000000000e+02,8.630000000000000000e+02,8.640000000000000000e+02,8.650000000000000000e+02,8.660000000000000000e+02,8.670000000000000000e+02,8.680000000000000000e+02,8.690000000000000000e+02,8.700000000000000000e+02,8.710000000000000000e+02,8.720000000000000000e+02,8.730000000000000000e+02,8.740000000000000000e+02,8.750000000000000000e+02,8.760000000000000000e+02,8.770000000000000000e+02,8.780000000000000000e+02,8.790000000000000000e+02,8.800000000000000000e+02,8.810000000000000000e+02,8.820000000000000000e+02,8.830000000000000000e+02,8.840000000000000000e+02,8.850000000000000000e+02,8.860000000000000000e+02,8.870000000000000000e+02,8.880000000000000000e+02,8.890000000000000000e+02,8.900000000000000000e+02,8.910000000000000000e+02,8.920000000000000000e+02,8.930000000000000000e+02,8.940000000000000000e+02,8.950000000000000000e+02,8.960000000000000000e+02,8.970000000000000000e+02,8.980000000000000000e+02,8.990000000000000000e+02,9.000000000000000000e+02,9.010000000000000000e+02,9.020000000000000000e+02,9.030000000000000000e+02,9.040000000000000000e+02,9.050000000000000000e+02,9.060000000000000000e+02,9.070000000000000000e+02,9.080000000000000000e+02,9.090000000000000000e+02,9.100000000000000000e+02,9.110000000000000000e+02,9.120000000000000000e+02,9.130000000000000000e+02,9.140000000000000000e+02,9.150000000000000000e+02,9.160000000000000000e+02,9.170000000000000000e+02,9.180000000000000000e+02,9.190000000000000000e+02,9.200000000000000000e+02,9.210000000000000000e+02,9.220000000000000000e+02,9.230000000000000000e+02,9.240000000000000000e+02,9.250000000000000000e+02,9.260000000000000000e+02,9.270000000000000000e+02,9.280000000000000000e+02,9.290000000000000000e+02,9.300000000000000000e+02,9.310000000000000000e+02,9.320000000000000000e+02,9.330000000000000000e+02,9.340000000000000000e+02,9.350000000000000000e+02,9.360000000000000000e+02,9.370000000000000000e+02,9.380000000000000000e+02,9.390000000000000000e+02,9.400000000000000000e+02,9.410000000000000000e+02,9.420000000000000000e+02,9.430000000000000000e+02,9.440000000000000000e+02,9.450000000000000000e+02,9.460000000000000000e+02,9.470000000000000000e+02,9.480000000000000000e+02,9.490000000000000000e+02,9.500000000000000000e+02,9.510000000000000000e+02,9.520000000000000000e+02,9.530000000000000000e+02,9.540000000000000000e+02,9.550000000000000000e+02,9.560000000000000000e+02,9.570000000000000000e+02,9.580000000000000000e+02,9.590000000000000000e+02,9.600000000000000000e+02,9.610000000000000000e+02,9.620000000000000000e+02,9.630000000000000000e+02,9.640000000000000000e+02,9.650000000000000000e+02,9.660000000000000000e+02,9.670000000000000000e+02,9.680000000000000000e+02,9.690000000000000000e+02,9.700000000000000000e+02,9.710000000000000000e+02,9.720000000000000000e+02,9.730000000000000000e+02,9.740000000000000000e+02,9.750000000000000000e+02,9.760000000000000000e+02,9.770000000000000000e+02,9.780000000000000000e+02,9.790000000000000000e+02,9.800000000000000000e+02,9.810000000000000000e+02,9.820000000000000000e+02,9.830000000000000000e+02,9.840000000000000000e+02,9.850000000000000000e+02,9.860000000000000000e+02,9.870000000000000000e+02,9.880000000000000000e+02,9.890000000000000000e+02,9.900000000000000000e+02,9.910000000000000000e+02,9.920000000000000000e+02,9.930000000000000000e+02,8.500000000000000000e+02,8.510000000000000000e+02,8.520000000000000000e+02,8.530000000000000000e+02,8.540000000000000000e+02,8.550000000000000000e+02,8.560000000000000000e+02,8.570000000000000000e+02,8.580000000000000000e+02,8.590000000000000000e+02,8.600000000000000000e+02,8.610000000000000000e+02,8.620000000000000000e+02,8.630000000000000000e+02,8.640000000000000000e+02,8.650000000000000000e+02,8.660000000000000000e+02,8.670000000000000000e+02,8.680000000000000000e+02,8.690000000000000000e+02,8.700000000000000000e+02,8.710000000000000000e+02,8.720000000000000000e+02,8.730000000000000000e+02,8.740000000000000000e+02,8.750000000000000000e+02,8.760000000000000000e+02,8.770000000000000000e+02,8.780000000000000000e+02,8.790000000000000000e+02,8.800000000000000000e+02,8.810000000000000000e+02,8.820000000000000000e+02,8.830000000000000000e+02,8.840000000000000000e+02,8.850000000000000000e+02,8.860000000000000000e+02,8.870000000000000000e+02,8.880000000000000000e+02,8.890000000000000000e+02,8.900000000000000000e+02,8.910000000000000000e+02,8.920000000000000000e+02,8.930000000000000000e+02,8.940000000000000000e+02,8.950000000000000000e+02,8.960000000000000000e+02,8.970000000000000000e+02,8.980000000000000000e+02,8.990000000000000000e+02,9.000000000000000000e+02,9.010000000000000000e+02,9.020000000000000000e+02,9.030000000000000000e+02,9.040000000000000000e+02,9.050000000000000000e+02,9.060000000000000000e+02,9.070000000000000000e+02,9.080000000000000000e+02,9.090000000000000000e+02,9.100000000000000000e+02,9.110000000000000000e+02,9.120000000000000000e+02,9.130000000000000000e+02,9.140000000000000000e+02,9.150000000000000000e+02,9.160000000000000000e+02,9.170000000000000000e+02,9.180000000000000000e+02,9.190000000000000000e+02,9.200000000000000000e+02,9.210000000000000000e+02,9.220000000000000000e+02,9.230000000000000000e+02,9.240000000000000000e+02,9.250000000000000000e+02,9.260000000000000000e+02,9.270000000000000000e+02,9.280000000000000000e+02,9.290000000000000000e+02,9.300000000000000000e+02,9.310000000000000000e+02,9.320000000000000000e+02,9.330000000000000000e+02,9.340000000000000000e+02,9.350000000000000000e+02,9.360000000000000000e+02,9.370000000000000000e+02,9.380000000000000000e+02,9.390000000000000000e+02,9.400000000000000000e+02,9.410000000000000000e+02,9.420000000000000000e+02,9.430000000000000000e+02,9.440000000000000000e+02,9.450000000000000000e+02,9.460000000000000000e+02,9.470000000000000000e+02,9.480000000000000000e+02,9.490000000000000000e+02,9.500000000000000000e+02,9.510000000000000000e+02,9.520000000000000000e+02,9.530000000000000000e+02,9.540000000000000000e+02,9.550000000000000000e+02,9.560000000000000000e+02,9.570000000000000000e+02,9.580000000000000000e+02,9.590000000000000000e+02,9.600000000000000000e+02,9.610000000000000000e+02,9.620000000000000000e+02,9.630000000000000000e+02,9.640000000000000000e+02,9.650000000000000000e+02,9.660000000000000000e+02,9.670000000000000000e+02,9.680000000000000000e+02,9.690000000000000000e+02,9.700000000000000000e+02,9.710000000000000000e+02,9.720000000000000000e+02,9.730000000000000000e+02,9.740000000000000000e+02,9.750000000000000000e+02,9.760000000000000000e+02,9.770000000000000000e+02,9.780000000000000000e+02,9.790000000000000000e+02,9.800000000000000000e+02,9.810000000000000000e+02,9.820000000000000000e+02,9.830000000000000000e+02,9.840000000000000000e+02,9.850000000000000000e+02,9.860000000000000000e+02,9.870000000000000000e+02,9.880000000000000000e+02,9.890000000000000000e+02,9.900000000000000000e+02,9.910000000000000000e+02,9.920000000000000000e+02,9.930000000000000000e+02,8.500000000000000000e+02,8.510000000000000000e+02,8.520000000000000000e+02,8.530000000000000000e+02,8.540000000000000000e+02,8.550000000000000000e+02,8.560000000000000000e+02,8.570000000000000000e+02,8.580000000000000000e+02,8.590000000000000000e+02,8.600000000000000000e+02,8.610000000000000000e+02,8.620000000000000000e+02,8.630000000000000000e+02,8.640000000000000000e+02,8.650000000000000000e+02,8.660000000000000000e+02,8.670000000000000000e+02,8.680000000000000000e+02,8.690000000000000000e+02,8.700000000000000000e+02,8.710000000000000000e+02,8.720000000000000000e+02,8.730000000000000000e+02,8.740000000000000000e+02,8.750000000000000000e+02,8.760000000000000000e+02,8.770000000000000000e+02,8.780000000000000000e+02,8.790000000000000000e+02,8.800000000000000000e+02,8.810000000000000000e+02,8.820000000000000000e+02,8.830000000000000000e+02,8.840000000000000000e+02,8.850000000000000000e+02,8.860000000000000000e+02,8.870000000000000000e+02,8.880000000000000000e+02,8.890000000000000000e+02,8.900000000000000000e+02,8.910000000000000000e+02,8.920000000000000000e+02,8.930000000000000000e+02,8.940000000000000000e+02,8.950000000000000000e+02,8.960000000000000000e+02,8.970000000000000000e+02,8.980000000000000000e+02,8.990000000000000000e+02,9.000000000000000000e+02,9.010000000000000000e+02,9.020000000000000000e+02,9.030000000000000000e+02,9.040000000000000000e+02,9.050000000000000000e+02,9.060000000000000000e+02,9.070000000000000000e+02,9.080000000000000000e+02,9.090000000000000000e+02,9.100000000000000000e+02,9.110000000000000000e+02,9.120000000000000000e+02,9.130000000000000000e+02,9.140000000000000000e+02,9.150000000000000000e+02,9.160000000000000000e+02,9.170000000000000000e+02,9.180000000000000000e+02,9.190000000000000000e+02,9.200000000000000000e+02,9.210000000000000000e+02,9.220000000000000000e+02,9.230000000000000000e+02,9.240000000000000000e+02,9.250000000000000000e+02,9.260000000000000000e+02,9.270000000000000000e+02,9.280000000000000000e+02,9.290000000000000000e+02,9.300000000000000000e+02,9.310000000000000000e+02,9.320000000000000000e+02,9.330000000000000000e+02,9.340000000000000000e+02,9.350000000000000000e+02,9.360000000000000000e+02,9.370000000000000000e+02,9.380000000000000000e+02,9.390000000000000000e+02,9.400000000000000000e+02,9.410000000000000000e+02,9.420000000000000000e+02,9.430000000000000000e+02,9.440000000000000000e+02,9.450000000000000000e+02,9.460000000000000000e+02,9.470000000000000000e+02,9.480000000000000000e+02,9.490000000000000000e+02,9.500000000000000000e+02,9.510000000000000000e+02,9.520000000000000000e+02,9.530000000000000000e+02,9.540000000000000000e+02,9.550000000000000000e+02,9.560000000000000000e+02,9.570000000000000000e+02,9.580000000000000000e+02,9.590000000000000000e+02,9.600000000000000000e+02,9.610000000000000000e+02,9.620000000000000000e+02,9.630000000000000000e+02,9.640000000000000000e+02,9.650000000000000000e+02,9.660000000000000000e+02,9.670000000000000000e+02,9.680000000000000000e+02,9.690000000000000000e+02,9.700000000000000000e+02,9.710000000000000000e+02,9.720000000000000000e+02,9.730000000000000000e+02,9.740000000000000000e+02,9.750000000000000000e+02,9.760000000000000000e+02,9.770000000000000000e+02,9.780000000000000000e+02,9.790000000000000000e+02,9.800000000000000000e+02,9.810000000000000000e+02,9.820000000000000000e+02,9.830000000000000000e+02,9.840000000000000000e+02,9.850000000000000000e+02,9.860000000000000000e+02,9.870000000000000000e+02,9.880000000000000000e+02,9.890000000000000000e+02,9.900000000000000000e+02,9.910000000000000000e+02,9.920000000000000000e+02,8.500000000000000000e+02,8.510000000000000000e+02,8.520000000000000000e+02,8.530000000000000000e+02,8.540000000000000000e+02,8.550000000000000000e+02,8.560000000000000000e+02,8.570000000000000000e+02,8.580000000000000000e+02,8.590000000000000000e+02,8.600000000000000000e+02,8.610000000000000000e+02,8.620000000000000000e+02,8.630000000000000000e+02,8.640000000000000000e+02,8.650000000000000000e+02,8.660000000000000000e+02,8.670000000000000000e+02,8.680000000000000000e+02,8.690000000000000000e+02,8.700000000000000000e+02,8.710000000000000000e+02,8.720000000000000000e+02,8.730000000000000000e+02,8.740000000000000000e+02,8.750000000000000000e+02,8.760000000000000000e+02,8.770000000000000000e+02,8.780000000000000000e+02,8.790000000000000000e+02,8.800000000000000000e+02,8.810000000000000000e+02,8.820000000000000000e+02,8.830000000000000000e+02,8.840000000000000000e+02,8.850000000000000000e+02,8.860000000000000000e+02,8.870000000000000000e+02,8.880000000000000000e+02,8.890000000000000000e+02,8.900000000000000000e+02,8.910000000000000000e+02,8.920000000000000000e+02,8.930000000000000000e+02,8.940000000000000000e+02,8.950000000000000000e+02,8.960000000000000000e+02,8.970000000000000000e+02,8.980000000000000000e+02,8.990000000000000000e+02,9.000000000000000000e+02,9.010000000000000000e+02,9.020000000000000000e+02,9.030000000000000000e+02,9.040000000000000000e+02,9.050000000000000000e+02,9.060000000000000000e+02,9.070000000000000000e+02,9.080000000000000000e+02,9.090000000000000000e+02,9.100000000000000000e+02,9.110000000000000000e+02,9.120000000000000000e+02,9.130000000000000000e+02,9.140000000000000000e+02,9.150000000000000000e+02,9.160000000000000000e+02,9.170000000000000000e+02,9.180000000000000000e+02,9.190000000000000000e+02,9.200000000000000000e+02,9.210000000000000000e+02,9.220000000000000000e+02,9.230000000000000000e+02,9.240000000000000000e+02,9.250000000000000000e+02,9.260000000000000000e+02,9.270000000000000000e+02,9.280000000000000000e+02,9.290000000000000000e+02,9.300000000000000000e+02,9.310000000000000000e+02,9.320000000000000000e+02,9.330000000000000000e+02,9.340000000000000000e+02,9.350000000000000000e+02,9.360000000000000000e+02,9.370000000000000000e+02,9.380000000000000000e+02,9.390000000000000000e+02,9.400000000000000000e+02,9.410000000000000000e+02,9.420000000000000000e+02,9.430000000000000000e+02,9.440000000000000000e+02,9.450000000000000000e+02,9.460000000000000000e+02,9.470000000000000000e+02,9.480000000000000000e+02,9.490000000000000000e+02,9.500000000000000000e+02,9.510000000000000000e+02,9.520000000000000000e+02,9.530000000000000000e+02,9.540000000000000000e+02,9.550000000000000000e+02,9.560000000000000000e+02,9.570000000000000000e+02,9.580000000000000000e+02,9.590000000000000000e+02,9.600000000000000000e+02,9.610000000000000000e+02,9.620000000000000000e+02,9.630000000000000000e+02,9.640000000000000000e+02,9.650000000000000000e+02,9.660000000000000000e+02,9.670000000000000000e+02,9.680000000000000000e+02,9.690000000000000000e+02,9.700000000000000000e+02,9.710000000000000000e+02,9.720000000000000000e+02,9.730000000000000000e+02,9.740000000000000000e+02,9.750000000000000000e+02,9.760000000000000000e+02,9.770000000000000000e+02,9.780000000000000000e+02,9.790000000000000000e+02,9.800000000000000000e+02,9.810000000000000000e+02,9.820000000000000000e+02,9.830000000000000000e+02,9.840000000000000000e+02,9.850000000000000000e+02,9.860000000000000000e+02,9.870000000000000000e+02,9.880000000000000000e+02,9.890000000000000000e+02,9.900000000000000000e+02,9.910000000000000000e+02,9.920000000000000000e+02,8.500000000000000000e+02,8.510000000000000000e+02,8.520000000000000000e+02,8.530000000000000000e+02,8.540000000000000000e+02,8.550000000000000000e+02,8.560000000000000000e+02,8.570000000000000000e+02,8.580000000000000000e+02,8.590000000000000000e+02,8.600000000000000000e+02,8.610000000000000000e+02,8.620000000000000000e+02,8.630000000000000000e+02,8.640000000000000000e+02,8.650000000000000000e+02,8.660000000000000000e+02,8.670000000000000000e+02,8.680000000000000000e+02,8.690000000000000000e+02,8.700000000000000000e+02,8.710000000000000000e+02,8.720000000000000000e+02,8.730000000000000000e+02,8.740000000000000000e+02,8.750000000000000000e+02,8.760000000000000000e+02,8.770000000000000000e+02,8.780000000000000000e+02,8.790000000000000000e+02,8.800000000000000000e+02,8.810000000000000000e+02,8.820000000000000000e+02,8.830000000000000000e+02,8.840000000000000000e+02,8.850000000000000000e+02,8.860000000000000000e+02,8.870000000000000000e+02,8.880000000000000000e+02,8.890000000000000000e+02,8.900000000000000000e+02,8.910000000000000000e+02,8.920000000000000000e+02,8.930000000000000000e+02,8.940000000000000000e+02,8.950000000000000000e+02,8.960000000000000000e+02,8.970000000000000000e+02,8.980000000000000000e+02,8.990000000000000000e+02,9.000000000000000000e+02,9.010000000000000000e+02,9.020000000000000000e+02,9.030000000000000000e+02,9.040000000000000000e+02,9.050000000000000000e+02,9.060000000000000000e+02,9.070000000000000000e+02,9.080000000000000000e+02,9.090000000000000000e+02,9.100000000000000000e+02,9.110000000000000000e+02,9.120000000000000000e+02,9.130000000000000000e+02,9.140000000000000000e+02,9.150000000000000000e+02,9.160000000000000000e+02,9.170000000000000000e+02,9.180000000000000000e+02,9.190000000000000000e+02,9.200000000000000000e+02,9.210000000000000000e+02,9.220000000000000000e+02,9.230000000000000000e+02,9.240000000000000000e+02,9.250000000000000000e+02,9.260000000000000000e+02,9.270000000000000000e+02,9.280000000000000000e+02,9.290000000000000000e+02,9.300000000000000000e+02,9.310000000000000000e+02,9.320000000000000000e+02,9.330000000000000000e+02,9.340000000000000000e+02,9.350000000000000000e+02,9.360000000000000000e+02,9.370000000000000000e+02,9.380000000000000000e+02,9.390000000000000000e+02,9.400000000000000000e+02,9.410000000000000000e+02,9.420000000000000000e+02,9.430000000000000000e+02,9.440000000000000000e+02,9.450000000000000000e+02,9.460000000000000000e+02,9.470000000000000000e+02,9.480000000000000000e+02,9.490000000000000000e+02,9.500000000000000000e+02,9.510000000000000000e+02,9.520000000000000000e+02,9.530000000000000000e+02,9.540000000000000000e+02,9.550000000000000000e+02,9.560000000000000000e+02,9.570000000000000000e+02,9.580000000000000000e+02,9.590000000000000000e+02,9.600000000000000000e+02,9.610000000000000000e+02,9.620000000000000000e+02,9.630000000000000000e+02,9.640000000000000000e+02,9.650000000000000000e+02,9.660000000000000000e+02,9.670000000000000000e+02,9.680000000000000000e+02,9.690000000000000000e+02,9.700000000000000000e+02,9.710000000000000000e+02,9.720000000000000000e+02,9.730000000000000000e+02,9.740000000000000000e+02,9.750000000000000000e+02,9.760000000000000000e+02,9.770000000000000000e+02,9.780000000000000000e+02,9.790000000000000000e+02,9.800000000000000000e+02,9.810000000000000000e+02,9.820000000000000000e+02,9.830000000000000000e+02,9.840000000000000000e+02,9.850000000000000000e+02,9.860000000000000000e+02,9.870000000000000000e+02,9.880000000000000000e+02,9.890000000000000000e+02,9.900000000000000000e+02,9.910000000000000000e+02,9.920000000000000000e+02,8.500000000000000000e+02,8.510000000000000000e+02,8.520000000000000000e+02,8.530000000000000000e+02,8.540000000000000000e+02,8.550000000000000000e+02,8.560000000000000000e+02,8.570000000000000000e+02,8.580000000000000000e+02,8.590000000000000000e+02,8.600000000000000000e+02,8.610000000000000000e+02,8.620000000000000000e+02,8.630000000000000000e+02,8.640000000000000000e+02,8.650000000000000000e+02,8.660000000000000000e+02,8.670000000000000000e+02,8.680000000000000000e+02,8.690000000000000000e+02,8.700000000000000000e+02,8.710000000000000000e+02,8.720000000000000000e+02,8.730000000000000000e+02,8.740000000000000000e+02,8.750000000000000000e+02,8.760000000000000000e+02,8.770000000000000000e+02,8.780000000000000000e+02,8.790000000000000000e+02,8.800000000000000000e+02,8.810000000000000000e+02,8.820000000000000000e+02,8.830000000000000000e+02,8.840000000000000000e+02,8.850000000000000000e+02,8.860000000000000000e+02,8.870000000000000000e+02,8.880000000000000000e+02,8.890000000000000000e+02,8.900000000000000000e+02,8.910000000000000000e+02,8.920000000000000000e+02,8.930000000000000000e+02,8.940000000000000000e+02,8.950000000000000000e+02,8.960000000000000000e+02,8.970000000000000000e+02,8.980000000000000000e+02,8.990000000000000000e+02,9.000000000000000000e+02,9.010000000000000000e+02,9.020000000000000000e+02,9.030000000000000000e+02,9.040000000000000000e+02,9.050000000000000000e+02,9.060000000000000000e+02,9.070000000000000000e+02,9.080000000000000000e+02,9.090000000000000000e+02,9.100000000000000000e+02,9.110000000000000000e+02,9.120000000000000000e+02,9.130000000000000000e+02,9.140000000000000000e+02,9.150000000000000000e+02,9.160000000000000000e+02,9.170000000000000000e+02,9.180000000000000000e+02,9.190000000000000000e+02,9.200000000000000000e+02,9.210000000000000000e+02,9.220000000000000000e+02,9.230000000000000000e+02,9.240000000000000000e+02,9.250000000000000000e+02,9.260000000000000000e+02,9.270000000000000000e+02,9.280000000000000000e+02,9.290000000000000000e+02,9.300000000000000000e+02,9.310000000000000000e+02,9.320000000000000000e+02,9.330000000000000000e+02,9.340000000000000000e+02,9.350000000000000000e+02,9.360000000000000000e+02,9.370000000000000000e+02,9.380000000000000000e+02,9.390000000000000000e+02,9.400000000000000000e+02,9.410000000000000000e+02,9.420000000000000000e+02,9.430000000000000000e+02,9.440000000000000000e+02,9.450000000000000000e+02,9.460000000000000000e+02,9.470000000000000000e+02,9.480000000000000000e+02,9.490000000000000000e+02,9.500000000000000000e+02,9.510000000000000000e+02,9.520000000000000000e+02,9.530000000000000000e+02,9.540000000000000000e+02,9.550000000000000000e+02,9.560000000000000000e+02,9.570000000000000000e+02,9.580000000000000000e+02,9.590000000000000000e+02,9.600000000000000000e+02,9.610000000000000000e+02,9.620000000000000000e+02,9.630000000000000000e+02,9.640000000000000000e+02,9.650000000000000000e+02,9.660000000000000000e+02,9.670000000000000000e+02,9.680000000000000000e+02,9.690000000000000000e+02,9.700000000000000000e+02,9.710000000000000000e+02,9.720000000000000000e+02,9.730000000000000000e+02,9.740000000000000000e+02,9.750000000000000000e+02,9.760000000000000000e+02,9.770000000000000000e+02,9.780000000000000000e+02,9.790000000000000000e+02,9.800000000000000000e+02,9.810000000000000000e+02,9.820000000000000000e+02,9.830000000000000000e+02,9.840000000000000000e+02,9.850000000000000000e+02,9.860000000000000000e+02,9.870000000000000000e+02,9.880000000000000000e+02,9.890000000000000000e+02,9.900000000000000000e+02,9.910000000000000000e+02,9.920000000000000000e+02,8.500000000000000000e+02,8.510000000000000000e+02,8.520000000000000000e+02,8.530000000000000000e+02,8.540000000000000000e+02,8.550000000000000000e+02,8.560000000000000000e+02,8.570000000000000000e+02,8.580000000000000000e+02,8.590000000000000000e+02,8.600000000000000000e+02,8.610000000000000000e+02,8.620000000000000000e+02,8.630000000000000000e+02,8.640000000000000000e+02,8.650000000000000000e+02,8.660000000000000000e+02,8.670000000000000000e+02,8.680000000000000000e+02,8.690000000000000000e+02,8.700000000000000000e+02,8.710000000000000000e+02,8.720000000000000000e+02,8.730000000000000000e+02,8.740000000000000000e+02,8.750000000000000000e+02,8.760000000000000000e+02,8.770000000000000000e+02,8.780000000000000000e+02,8.790000000000000000e+02,8.800000000000000000e+02,8.810000000000000000e+02,8.820000000000000000e+02,8.830000000000000000e+02,8.840000000000000000e+02,8.850000000000000000e+02,8.860000000000000000e+02,8.870000000000000000e+02,8.880000000000000000e+02,8.890000000000000000e+02,8.900000000000000000e+02,8.910000000000000000e+02,8.920000000000000000e+02,8.930000000000000000e+02,8.940000000000000000e+02,8.950000000000000000e+02,8.960000000000000000e+02,8.970000000000000000e+02,8.980000000000000000e+02,8.990000000000000000e+02,9.000000000000000000e+02,9.010000000000000000e+02,9.020000000000000000e+02,9.030000000000000000e+02,9.040000000000000000e+02,9.050000000000000000e+02,9.060000000000000000e+02,9.070000000000000000e+02,9.080000000000000000e+02,9.090000000000000000e+02,9.100000000000000000e+02,9.110000000000000000e+02,9.120000000000000000e+02,9.130000000000000000e+02,9.140000000000000000e+02,9.150000000000000000e+02,9.160000000000000000e+02,9.170000000000000000e+02,9.180000000000000000e+02,9.190000000000000000e+02,9.200000000000000000e+02,9.210000000000000000e+02,9.220000000000000000e+02,9.230000000000000000e+02,9.240000000000000000e+02,9.250000000000000000e+02,9.260000000000000000e+02,9.270000000000000000e+02,9.280000000000000000e+02,9.290000000000000000e+02,9.300000000000000000e+02,9.310000000000000000e+02,9.320000000000000000e+02,9.330000000000000000e+02,9.340000000000000000e+02,9.350000000000000000e+02,9.360000000000000000e+02,9.370000000000000000e+02,9.380000000000000000e+02,9.390000000000000000e+02,9.400000000000000000e+02,9.410000000000000000e+02,9.420000000000000000e+02,9.430000000000000000e+02,9.440000000000000000e+02,9.450000000000000000e+02,9.460000000000000000e+02,9.470000000000000000e+02,9.480000000000000000e+02,9.490000000000000000e+02,9.500000000000000000e+02,9.510000000000000000e+02,9.520000000000000000e+02,9.530000000000000000e+02,9.540000000000000000e+02,9.550000000000000000e+02,9.560000000000000000e+02,9.570000000000000000e+02,9.580000000000000000e+02,9.590000000000000000e+02,9.600000000000000000e+02,9.610000000000000000e+02,9.620000000000000000e+02,9.630000000000000000e+02,9.640000000000000000e+02,9.650000000000000000e+02,9.660000000000000000e+02,9.670000000000000000e+02,9.680000000000000000e+02,9.690000000000000000e+02,9.700000000000000000e+02,9.710000000000000000e+02,9.720000000000000000e+02,9.730000000000000000e+02,9.740000000000000000e+02,9.750000000000000000e+02,9.760000000000000000e+02,9.770000000000000000e+02,9.780000000000000000e+02,9.790000000000000000e+02,9.800000000000000000e+02,9.810000000000000000e+02,9.820000000000000000e+02,9.830000000000000000e+02,9.840000000000000000e+02,9.850000000000000000e+02,9.860000000000000000e+02,9.870000000000000000e+02,9.880000000000000000e+02,9.890000000000000000e+02,9.900000000000000000e+02,9.910000000000000000e+02,9.920000000000000000e+02,8.500000000000000000e+02,8.510000000000000000e+02,8.520000000000000000e+02,8.530000000000000000e+02,8.540000000000000000e+02,8.550000000000000000e+02,8.560000000000000000e+02,8.570000000000000000e+02,8.580000000000000000e+02,8.590000000000000000e+02,8.600000000000000000e+02,8.610000000000000000e+02,8.620000000000000000e+02,8.630000000000000000e+02,8.640000000000000000e+02,8.650000000000000000e+02,8.660000000000000000e+02,8.670000000000000000e+02,8.680000000000000000e+02,8.690000000000000000e+02,8.700000000000000000e+02,8.710000000000000000e+02,8.720000000000000000e+02,8.730000000000000000e+02,8.740000000000000000e+02,8.750000000000000000e+02,8.760000000000000000e+02,8.770000000000000000e+02,8.780000000000000000e+02,8.790000000000000000e+02,8.800000000000000000e+02,8.810000000000000000e+02,8.820000000000000000e+02,8.830000000000000000e+02,8.840000000000000000e+02,8.850000000000000000e+02,8.860000000000000000e+02,8.870000000000000000e+02,8.880000000000000000e+02,8.890000000000000000e+02,8.900000000000000000e+02,8.910000000000000000e+02,8.920000000000000000e+02,8.930000000000000000e+02,8.940000000000000000e+02,8.950000000000000000e+02,8.960000000000000000e+02,8.970000000000000000e+02,8.980000000000000000e+02,8.990000000000000000e+02,9.000000000000000000e+02,9.010000000000000000e+02,9.020000000000000000e+02,9.030000000000000000e+02,9.040000000000000000e+02,9.050000000000000000e+02,9.060000000000000000e+02,9.070000000000000000e+02,9.080000000000000000e+02,9.090000000000000000e+02,9.100000000000000000e+02,9.110000000000000000e+02,9.120000000000000000e+02,9.130000000000000000e+02,9.140000000000000000e+02,9.150000000000000000e+02,9.160000000000000000e+02,9.170000000000000000e+02,9.180000000000000000e+02,9.190000000000000000e+02,9.200000000000000000e+02,9.210000000000000000e+02,9.220000000000000000e+02,9.230000000000000000e+02,9.240000000000000000e+02,9.250000000000000000e+02,9.260000000000000000e+02,9.270000000000000000e+02,9.280000000000000000e+02,9.290000000000000000e+02,9.300000000000000000e+02,9.310000000000000000e+02,9.320000000000000000e+02,9.330000000000000000e+02,9.340000000000000000e+02,9.350000000000000000e+02,9.360000000000000000e+02,9.370000000000000000e+02,9.380000000000000000e+02,9.390000000000000000e+02,9.400000000000000000e+02,9.410000000000000000e+02,9.420000000000000000e+02,9.430000000000000000e+02,9.440000000000000000e+02,9.450000000000000000e+02,9.460000000000000000e+02,9.470000000000000000e+02,9.480000000000000000e+02,9.490000000000000000e+02,9.500000000000000000e+02,9.510000000000000000e+02,9.520000000000000000e+02,9.530000000000000000e+02,9.540000000000000000e+02,9.550000000000000000e+02,9.560000000000000000e+02,9.570000000000000000e+02,9.580000000000000000e+02,9.590000000000000000e+02,9.600000000000000000e+02,9.610000000000000000e+02,9.620000000000000000e+02,9.630000000000000000e+02,9.640000000000000000e+02,9.650000000000000000e+02,9.660000000000000000e+02,9.670000000000000000e+02,9.680000000000000000e+02,9.690000000000000000e+02,9.700000000000000000e+02,9.710000000000000000e+02,9.720000000000000000e+02,9.730000000000000000e+02,9.740000000000000000e+02,9.750000000000000000e+02,9.760000000000000000e+02,9.770000000000000000e+02,9.780000000000000000e+02,9.790000000000000000e+02,9.800000000000000000e+02,9.810000000000000000e+02,9.820000000000000000e+02,9.830000000000000000e+02,9.840000000000000000e+02,9.850000000000000000e+02,9.860000000000000000e+02,9.870000000000000000e+02,9.880000000000000000e+02,9.890000000000000000e+02,9.900000000000000000e+02,9.910000000000000000e+02,9.920000000000000000e+02,8.490000000000000000e+02,8.500000000000000000e+02,8.510000000000000000e+02,8.520000000000000000e+02,8.530000000000000000e+02,8.540000000000000000e+02,8.550000000000000000e+02,8.560000000000000000e+02,8.570000000000000000e+02,8.580000000000000000e+02,8.590000000000000000e+02,8.600000000000000000e+02,8.610000000000000000e+02,8.620000000000000000e+02,8.630000000000000000e+02,8.640000000000000000e+02,8.650000000000000000e+02,8.660000000000000000e+02,8.670000000000000000e+02,8.680000000000000000e+02,8.690000000000000000e+02,8.700000000000000000e+02,8.710000000000000000e+02,8.720000000000000000e+02,8.730000000000000000e+02,8.740000000000000000e+02,8.750000000000000000e+02,8.760000000000000000e+02,8.770000000000000000e+02,8.780000000000000000e+02,8.790000000000000000e+02,8.800000000000000000e+02,8.810000000000000000e+02,8.820000000000000000e+02,8.830000000000000000e+02,8.840000000000000000e+02,8.850000000000000000e+02,8.860000000000000000e+02,8.870000000000000000e+02,8.880000000000000000e+02,8.890000000000000000e+02,8.900000000000000000e+02,8.910000000000000000e+02,8.920000000000000000e+02,8.930000000000000000e+02,8.940000000000000000e+02,8.950000000000000000e+02,8.960000000000000000e+02,8.970000000000000000e+02,8.980000000000000000e+02,8.990000000000000000e+02,9.000000000000000000e+02,9.010000000000000000e+02,9.020000000000000000e+02,9.030000000000000000e+02,9.040000000000000000e+02,9.050000000000000000e+02,9.060000000000000000e+02,9.070000000000000000e+02,9.080000000000000000e+02,9.090000000000000000e+02,9.100000000000000000e+02,9.110000000000000000e+02,9.120000000000000000e+02,9.130000000000000000e+02,9.140000000000000000e+02,9.150000000000000000e+02,9.160000000000000000e+02,9.170000000000000000e+02,9.180000000000000000e+02,9.190000000000000000e+02,9.200000000000000000e+02,9.210000000000000000e+02,9.220000000000000000e+02,9.230000000000000000e+02,9.240000000000000000e+02,9.250000000000000000e+02,9.260000000000000000e+02,9.270000000000000000e+02,9.280000000000000000e+02,9.290000000000000000e+02,9.300000000000000000e+02,9.310000000000000000e+02,9.320000000000000000e+02,9.330000000000000000e+02,9.340000000000000000e+02,9.350000000000000000e+02,9.360000000000000000e+02,9.370000000000000000e+02,9.380000000000000000e+02,9.390000000000000000e+02,9.400000000000000000e+02,9.410000000000000000e+02,9.420000000000000000e+02,9.430000000000000000e+02,9.440000000000000000e+02,9.450000000000000000e+02,9.460000000000000000e+02,9.470000000000000000e+02,9.480000000000000000e+02,9.490000000000000000e+02,9.500000000000000000e+02,9.510000000000000000e+02,9.520000000000000000e+02,9.530000000000000000e+02,9.540000000000000000e+02,9.550000000000000000e+02,9.560000000000000000e+02,9.570000000000000000e+02,9.580000000000000000e+02,9.590000000000000000e+02,9.600000000000000000e+02,9.610000000000000000e+02,9.620000000000000000e+02,9.630000000000000000e+02,9.640000000000000000e+02,9.650000000000000000e+02,9.660000000000000000e+02,9.670000000000000000e+02,9.680000000000000000e+02,9.690000000000000000e+02,9.700000000000000000e+02,9.710000000000000000e+02,9.720000000000000000e+02,9.730000000000000000e+02,9.740000000000000000e+02,9.750000000000000000e+02,9.760000000000000000e+02,9.770000000000000000e+02,9.780000000000000000e+02,9.790000000000000000e+02,9.800000000000000000e+02,9.810000000000000000e+02,9.820000000000000000e+02,9.830000000000000000e+02,9.840000000000000000e+02,9.850000000000000000e+02,9.860000000000000000e+02,9.870000000000000000e+02,9.880000000000000000e+02,9.890000000000000000e+02,9.900000000000000000e+02,9.910000000000000000e+02,8.490000000000000000e+02,8.500000000000000000e+02,8.510000000000000000e+02,8.520000000000000000e+02,8.530000000000000000e+02,8.540000000000000000e+02,8.550000000000000000e+02,8.560000000000000000e+02,8.570000000000000000e+02,8.580000000000000000e+02,8.590000000000000000e+02,8.600000000000000000e+02,8.610000000000000000e+02,8.620000000000000000e+02,8.630000000000000000e+02,8.640000000000000000e+02,8.650000000000000000e+02,8.660000000000000000e+02,8.670000000000000000e+02,8.680000000000000000e+02,8.690000000000000000e+02,8.700000000000000000e+02,8.710000000000000000e+02,8.720000000000000000e+02,8.730000000000000000e+02,8.740000000000000000e+02,8.750000000000000000e+02,8.760000000000000000e+02,8.770000000000000000e+02,8.780000000000000000e+02,8.790000000000000000e+02,8.800000000000000000e+02,8.810000000000000000e+02,8.820000000000000000e+02,8.830000000000000000e+02,8.840000000000000000e+02,8.850000000000000000e+02,8.860000000000000000e+02,8.870000000000000000e+02,8.880000000000000000e+02,8.890000000000000000e+02,8.900000000000000000e+02,8.910000000000000000e+02,8.920000000000000000e+02,8.930000000000000000e+02,8.940000000000000000e+02,8.950000000000000000e+02,8.960000000000000000e+02,8.970000000000000000e+02,8.980000000000000000e+02,8.990000000000000000e+02,9.000000000000000000e+02,9.010000000000000000e+02,9.020000000000000000e+02,9.030000000000000000e+02,9.040000000000000000e+02,9.050000000000000000e+02,9.060000000000000000e+02,9.070000000000000000e+02,9.080000000000000000e+02,9.090000000000000000e+02,9.100000000000000000e+02,9.110000000000000000e+02,9.120000000000000000e+02,9.130000000000000000e+02,9.140000000000000000e+02,9.150000000000000000e+02,9.160000000000000000e+02,9.170000000000000000e+02,9.180000000000000000e+02,9.190000000000000000e+02,9.200000000000000000e+02,9.210000000000000000e+02,9.220000000000000000e+02,9.230000000000000000e+02,9.240000000000000000e+02,9.250000000000000000e+02,9.260000000000000000e+02,9.270000000000000000e+02,9.280000000000000000e+02,9.290000000000000000e+02,9.300000000000000000e+02,9.310000000000000000e+02,9.320000000000000000e+02,9.330000000000000000e+02,9.340000000000000000e+02,9.350000000000000000e+02,9.360000000000000000e+02,9.370000000000000000e+02,9.380000000000000000e+02,9.390000000000000000e+02,9.400000000000000000e+02,9.410000000000000000e+02,9.420000000000000000e+02,9.430000000000000000e+02,9.440000000000000000e+02,9.450000000000000000e+02,9.460000000000000000e+02,9.470000000000000000e+02,9.480000000000000000e+02,9.490000000000000000e+02,9.500000000000000000e+02,9.510000000000000000e+02,9.520000000000000000e+02,9.530000000000000000e+02,9.540000000000000000e+02,9.550000000000000000e+02,9.560000000000000000e+02,9.570000000000000000e+02,9.580000000000000000e+02,9.590000000000000000e+02,9.600000000000000000e+02,9.610000000000000000e+02,9.620000000000000000e+02,9.630000000000000000e+02,9.640000000000000000e+02,9.650000000000000000e+02,9.660000000000000000e+02,9.670000000000000000e+02,9.680000000000000000e+02,9.690000000000000000e+02,9.700000000000000000e+02,9.710000000000000000e+02,9.720000000000000000e+02,9.730000000000000000e+02,9.740000000000000000e+02,9.750000000000000000e+02,9.760000000000000000e+02,9.770000000000000000e+02,9.780000000000000000e+02,9.790000000000000000e+02,9.800000000000000000e+02,9.810000000000000000e+02,9.820000000000000000e+02,9.830000000000000000e+02,9.840000000000000000e+02,9.850000000000000000e+02,9.860000000000000000e+02,9.870000000000000000e+02,9.880000000000000000e+02,9.890000000000000000e+02,9.900000000000000000e+02,9.910000000000000000e+02,8.490000000000000000e+02,8.500000000000000000e+02,8.510000000000000000e+02,8.520000000000000000e+02,8.530000000000000000e+02,8.540000000000000000e+02,8.550000000000000000e+02,8.560000000000000000e+02,8.570000000000000000e+02,8.580000000000000000e+02,8.590000000000000000e+02,8.600000000000000000e+02,8.610000000000000000e+02,8.620000000000000000e+02,8.630000000000000000e+02,8.640000000000000000e+02,8.650000000000000000e+02,8.660000000000000000e+02,8.670000000000000000e+02,8.680000000000000000e+02,8.690000000000000000e+02,8.700000000000000000e+02,8.710000000000000000e+02,8.720000000000000000e+02,8.730000000000000000e+02,8.740000000000000000e+02,8.750000000000000000e+02,8.760000000000000000e+02,8.770000000000000000e+02,8.780000000000000000e+02,8.790000000000000000e+02,8.800000000000000000e+02,8.810000000000000000e+02,8.820000000000000000e+02,8.830000000000000000e+02,8.840000000000000000e+02,8.850000000000000000e+02,8.860000000000000000e+02,8.870000000000000000e+02,8.880000000000000000e+02,8.890000000000000000e+02,8.900000000000000000e+02,8.910000000000000000e+02,8.920000000000000000e+02,8.930000000000000000e+02,8.940000000000000000e+02,8.950000000000000000e+02,8.960000000000000000e+02,8.970000000000000000e+02,8.980000000000000000e+02,8.990000000000000000e+02,9.000000000000000000e+02,9.010000000000000000e+02,9.020000000000000000e+02,9.030000000000000000e+02,9.040000000000000000e+02,9.050000000000000000e+02,9.060000000000000000e+02,9.070000000000000000e+02,9.080000000000000000e+02,9.090000000000000000e+02,9.100000000000000000e+02,9.110000000000000000e+02,9.120000000000000000e+02,9.130000000000000000e+02,9.140000000000000000e+02,9.150000000000000000e+02,9.160000000000000000e+02,9.170000000000000000e+02,9.180000000000000000e+02,9.190000000000000000e+02,9.200000000000000000e+02,9.210000000000000000e+02,9.220000000000000000e+02,9.230000000000000000e+02,9.240000000000000000e+02,9.250000000000000000e+02,9.260000000000000000e+02,9.270000000000000000e+02,9.280000000000000000e+02,9.290000000000000000e+02,9.300000000000000000e+02,9.310000000000000000e+02,9.320000000000000000e+02,9.330000000000000000e+02,9.340000000000000000e+02,9.350000000000000000e+02,9.360000000000000000e+02,9.370000000000000000e+02,9.380000000000000000e+02,9.390000000000000000e+02,9.400000000000000000e+02,9.410000000000000000e+02,9.420000000000000000e+02,9.430000000000000000e+02,9.440000000000000000e+02,9.450000000000000000e+02,9.460000000000000000e+02,9.470000000000000000e+02,9.480000000000000000e+02,9.490000000000000000e+02,9.500000000000000000e+02,9.510000000000000000e+02,9.520000000000000000e+02,9.530000000000000000e+02,9.540000000000000000e+02,9.550000000000000000e+02,9.560000000000000000e+02,9.570000000000000000e+02,9.580000000000000000e+02,9.590000000000000000e+02,9.600000000000000000e+02,9.610000000000000000e+02,9.620000000000000000e+02,9.630000000000000000e+02,9.640000000000000000e+02,9.650000000000000000e+02,9.660000000000000000e+02,9.670000000000000000e+02,9.680000000000000000e+02,9.690000000000000000e+02,9.700000000000000000e+02,9.710000000000000000e+02,9.720000000000000000e+02,9.730000000000000000e+02,9.740000000000000000e+02,9.750000000000000000e+02,9.760000000000000000e+02,9.770000000000000000e+02,9.780000000000000000e+02,9.790000000000000000e+02,9.800000000000000000e+02,9.810000000000000000e+02,9.820000000000000000e+02,9.830000000000000000e+02,9.840000000000000000e+02,9.850000000000000000e+02,9.860000000000000000e+02,9.870000000000000000e+02,9.880000000000000000e+02,9.890000000000000000e+02,9.900000000000000000e+02,9.910000000000000000e+02,8.490000000000000000e+02,8.500000000000000000e+02,8.510000000000000000e+02,8.520000000000000000e+02,8.530000000000000000e+02,8.540000000000000000e+02,8.550000000000000000e+02,8.560000000000000000e+02,8.570000000000000000e+02,8.580000000000000000e+02,8.590000000000000000e+02,8.600000000000000000e+02,8.610000000000000000e+02,8.620000000000000000e+02,8.630000000000000000e+02,8.640000000000000000e+02,8.650000000000000000e+02,8.660000000000000000e+02,8.670000000000000000e+02,8.680000000000000000e+02,8.690000000000000000e+02,8.700000000000000000e+02,8.710000000000000000e+02,8.720000000000000000e+02,8.730000000000000000e+02,8.740000000000000000e+02,8.750000000000000000e+02,8.760000000000000000e+02,8.770000000000000000e+02,8.780000000000000000e+02,8.790000000000000000e+02,8.800000000000000000e+02,8.810000000000000000e+02,8.820000000000000000e+02,8.830000000000000000e+02,8.840000000000000000e+02,8.850000000000000000e+02,8.860000000000000000e+02,8.870000000000000000e+02,8.880000000000000000e+02,8.890000000000000000e+02,8.900000000000000000e+02,8.910000000000000000e+02,8.920000000000000000e+02,8.930000000000000000e+02,8.940000000000000000e+02,8.950000000000000000e+02,8.960000000000000000e+02,8.970000000000000000e+02,8.980000000000000000e+02,8.990000000000000000e+02,9.000000000000000000e+02,9.010000000000000000e+02,9.020000000000000000e+02,9.030000000000000000e+02,9.040000000000000000e+02,9.050000000000000000e+02,9.060000000000000000e+02,9.070000000000000000e+02,9.080000000000000000e+02,9.090000000000000000e+02,9.100000000000000000e+02,9.110000000000000000e+02,9.120000000000000000e+02,9.130000000000000000e+02,9.140000000000000000e+02,9.150000000000000000e+02,9.160000000000000000e+02,9.170000000000000000e+02,9.180000000000000000e+02,9.190000000000000000e+02,9.200000000000000000e+02,9.210000000000000000e+02,9.220000000000000000e+02,9.230000000000000000e+02,9.240000000000000000e+02,9.250000000000000000e+02,9.260000000000000000e+02,9.270000000000000000e+02,9.280000000000000000e+02,9.290000000000000000e+02,9.300000000000000000e+02,9.310000000000000000e+02,9.320000000000000000e+02,9.330000000000000000e+02,9.340000000000000000e+02,9.350000000000000000e+02,9.360000000000000000e+02,9.370000000000000000e+02,9.380000000000000000e+02,9.390000000000000000e+02,9.400000000000000000e+02,9.410000000000000000e+02,9.420000000000000000e+02,9.430000000000000000e+02,9.440000000000000000e+02,9.450000000000000000e+02,9.460000000000000000e+02,9.470000000000000000e+02,9.480000000000000000e+02,9.490000000000000000e+02,9.500000000000000000e+02,9.510000000000000000e+02,9.520000000000000000e+02,9.530000000000000000e+02,9.540000000000000000e+02,9.550000000000000000e+02,9.560000000000000000e+02,9.570000000000000000e+02,9.580000000000000000e+02,9.590000000000000000e+02,9.600000000000000000e+02,9.610000000000000000e+02,9.620000000000000000e+02,9.630000000000000000e+02,9.640000000000000000e+02,9.650000000000000000e+02,9.660000000000000000e+02,9.670000000000000000e+02,9.680000000000000000e+02,9.690000000000000000e+02,9.700000000000000000e+02,9.710000000000000000e+02,9.720000000000000000e+02,9.730000000000000000e+02,9.740000000000000000e+02,9.750000000000000000e+02,9.760000000000000000e+02,9.770000000000000000e+02,9.780000000000000000e+02,9.790000000000000000e+02,9.800000000000000000e+02,9.810000000000000000e+02,9.820000000000000000e+02,9.830000000000000000e+02,9.840000000000000000e+02,9.850000000000000000e+02,9.860000000000000000e+02,9.870000000000000000e+02,9.880000000000000000e+02,9.890000000000000000e+02,9.900000000000000000e+02,9.910000000000000000e+02,8.490000000000000000e+02,8.500000000000000000e+02,8.510000000000000000e+02,8.520000000000000000e+02,8.530000000000000000e+02,8.540000000000000000e+02,8.550000000000000000e+02,8.560000000000000000e+02,8.570000000000000000e+02,8.580000000000000000e+02,8.590000000000000000e+02,8.600000000000000000e+02,8.610000000000000000e+02,8.620000000000000000e+02,8.630000000000000000e+02,8.640000000000000000e+02,8.650000000000000000e+02,8.660000000000000000e+02,8.670000000000000000e+02,8.680000000000000000e+02,8.690000000000000000e+02,8.700000000000000000e+02,8.710000000000000000e+02,8.720000000000000000e+02,8.730000000000000000e+02,8.740000000000000000e+02,8.750000000000000000e+02,8.760000000000000000e+02,8.770000000000000000e+02,8.780000000000000000e+02,8.790000000000000000e+02,8.800000000000000000e+02,8.810000000000000000e+02,8.820000000000000000e+02,8.830000000000000000e+02,8.840000000000000000e+02,8.850000000000000000e+02,8.860000000000000000e+02,8.870000000000000000e+02,8.880000000000000000e+02,8.890000000000000000e+02,8.900000000000000000e+02,8.910000000000000000e+02,8.920000000000000000e+02,8.930000000000000000e+02,8.940000000000000000e+02,8.950000000000000000e+02,8.960000000000000000e+02,8.970000000000000000e+02,8.980000000000000000e+02,8.990000000000000000e+02,9.000000000000000000e+02,9.010000000000000000e+02,9.020000000000000000e+02,9.030000000000000000e+02,9.040000000000000000e+02,9.050000000000000000e+02,9.060000000000000000e+02,9.070000000000000000e+02,9.080000000000000000e+02,9.090000000000000000e+02,9.100000000000000000e+02,9.110000000000000000e+02,9.120000000000000000e+02,9.130000000000000000e+02,9.140000000000000000e+02,9.150000000000000000e+02,9.160000000000000000e+02,9.170000000000000000e+02,9.180000000000000000e+02,9.190000000000000000e+02,9.200000000000000000e+02,9.210000000000000000e+02,9.220000000000000000e+02,9.230000000000000000e+02,9.240000000000000000e+02,9.250000000000000000e+02,9.260000000000000000e+02,9.270000000000000000e+02,9.280000000000000000e+02,9.290000000000000000e+02,9.300000000000000000e+02,9.310000000000000000e+02,9.320000000000000000e+02,9.330000000000000000e+02,9.340000000000000000e+02,9.350000000000000000e+02,9.360000000000000000e+02,9.370000000000000000e+02,9.380000000000000000e+02,9.390000000000000000e+02,9.400000000000000000e+02,9.410000000000000000e+02,9.420000000000000000e+02,9.430000000000000000e+02,9.440000000000000000e+02,9.450000000000000000e+02,9.460000000000000000e+02,9.470000000000000000e+02,9.480000000000000000e+02,9.490000000000000000e+02,9.500000000000000000e+02,9.510000000000000000e+02,9.520000000000000000e+02,9.530000000000000000e+02,9.540000000000000000e+02,9.550000000000000000e+02,9.560000000000000000e+02,9.570000000000000000e+02,9.580000000000000000e+02,9.590000000000000000e+02,9.600000000000000000e+02,9.610000000000000000e+02,9.620000000000000000e+02,9.630000000000000000e+02,9.640000000000000000e+02,9.650000000000000000e+02,9.660000000000000000e+02,9.670000000000000000e+02,9.680000000000000000e+02,9.690000000000000000e+02,9.700000000000000000e+02,9.710000000000000000e+02,9.720000000000000000e+02,9.730000000000000000e+02,9.740000000000000000e+02,9.750000000000000000e+02,9.760000000000000000e+02,9.770000000000000000e+02,9.780000000000000000e+02,9.790000000000000000e+02,9.800000000000000000e+02,9.810000000000000000e+02,9.820000000000000000e+02,9.830000000000000000e+02,9.840000000000000000e+02,9.850000000000000000e+02,9.860000000000000000e+02,9.870000000000000000e+02,9.880000000000000000e+02,9.890000000000000000e+02,9.900000000000000000e+02,9.910000000000000000e+02,8.490000000000000000e+02,8.500000000000000000e+02,8.510000000000000000e+02,8.520000000000000000e+02,8.530000000000000000e+02,8.540000000000000000e+02,8.550000000000000000e+02,8.560000000000000000e+02,8.570000000000000000e+02,8.580000000000000000e+02,8.590000000000000000e+02,8.600000000000000000e+02,8.610000000000000000e+02,8.620000000000000000e+02,8.630000000000000000e+02,8.640000000000000000e+02,8.650000000000000000e+02,8.660000000000000000e+02,8.670000000000000000e+02,8.680000000000000000e+02,8.690000000000000000e+02,8.700000000000000000e+02,8.710000000000000000e+02,8.720000000000000000e+02,8.730000000000000000e+02,8.740000000000000000e+02,8.750000000000000000e+02,8.760000000000000000e+02,8.770000000000000000e+02,8.780000000000000000e+02,8.790000000000000000e+02,8.800000000000000000e+02,8.810000000000000000e+02,8.820000000000000000e+02,8.830000000000000000e+02,8.840000000000000000e+02,8.850000000000000000e+02,8.860000000000000000e+02,8.870000000000000000e+02,8.880000000000000000e+02,8.890000000000000000e+02,8.900000000000000000e+02,8.910000000000000000e+02,8.920000000000000000e+02,8.930000000000000000e+02,8.940000000000000000e+02,8.950000000000000000e+02,8.960000000000000000e+02,8.970000000000000000e+02,8.980000000000000000e+02,8.990000000000000000e+02,9.000000000000000000e+02,9.010000000000000000e+02,9.020000000000000000e+02,9.030000000000000000e+02,9.040000000000000000e+02,9.050000000000000000e+02,9.060000000000000000e+02,9.070000000000000000e+02,9.080000000000000000e+02,9.090000000000000000e+02,9.100000000000000000e+02,9.110000000000000000e+02,9.120000000000000000e+02,9.130000000000000000e+02,9.140000000000000000e+02,9.150000000000000000e+02,9.160000000000000000e+02,9.170000000000000000e+02,9.180000000000000000e+02,9.190000000000000000e+02,9.200000000000000000e+02,9.210000000000000000e+02,9.220000000000000000e+02,9.230000000000000000e+02,9.240000000000000000e+02,9.250000000000000000e+02,9.260000000000000000e+02,9.270000000000000000e+02,9.280000000000000000e+02,9.290000000000000000e+02,9.300000000000000000e+02,9.310000000000000000e+02,9.320000000000000000e+02,9.330000000000000000e+02,9.340000000000000000e+02,9.350000000000000000e+02,9.360000000000000000e+02,9.370000000000000000e+02,9.380000000000000000e+02,9.390000000000000000e+02,9.400000000000000000e+02,9.410000000000000000e+02,9.420000000000000000e+02,9.430000000000000000e+02,9.440000000000000000e+02,9.450000000000000000e+02,9.460000000000000000e+02,9.470000000000000000e+02,9.480000000000000000e+02,9.490000000000000000e+02,9.500000000000000000e+02,9.510000000000000000e+02,9.520000000000000000e+02,9.530000000000000000e+02,9.540000000000000000e+02,9.550000000000000000e+02,9.560000000000000000e+02,9.570000000000000000e+02,9.580000000000000000e+02,9.590000000000000000e+02,9.600000000000000000e+02,9.610000000000000000e+02,9.620000000000000000e+02,9.630000000000000000e+02,9.640000000000000000e+02,9.650000000000000000e+02,9.660000000000000000e+02,9.670000000000000000e+02,9.680000000000000000e+02,9.690000000000000000e+02,9.700000000000000000e+02,9.710000000000000000e+02,9.720000000000000000e+02,9.730000000000000000e+02,9.740000000000000000e+02,9.750000000000000000e+02,9.760000000000000000e+02,9.770000000000000000e+02,9.780000000000000000e+02,9.790000000000000000e+02,9.800000000000000000e+02,9.810000000000000000e+02,9.820000000000000000e+02,9.830000000000000000e+02,9.840000000000000000e+02,9.850000000000000000e+02,9.860000000000000000e+02,9.870000000000000000e+02,9.880000000000000000e+02,9.890000000000000000e+02,9.900000000000000000e+02,9.910000000000000000e+02,8.490000000000000000e+02,8.500000000000000000e+02,8.510000000000000000e+02,8.520000000000000000e+02,8.530000000000000000e+02,8.540000000000000000e+02,8.550000000000000000e+02,8.560000000000000000e+02,8.570000000000000000e+02,8.580000000000000000e+02,8.590000000000000000e+02,8.600000000000000000e+02,8.610000000000000000e+02,8.620000000000000000e+02,8.630000000000000000e+02,8.640000000000000000e+02,8.650000000000000000e+02,8.660000000000000000e+02,8.670000000000000000e+02,8.680000000000000000e+02,8.690000000000000000e+02,8.700000000000000000e+02,8.710000000000000000e+02,8.720000000000000000e+02,8.730000000000000000e+02,8.740000000000000000e+02,8.750000000000000000e+02,8.760000000000000000e+02,8.770000000000000000e+02,8.780000000000000000e+02,8.790000000000000000e+02,8.800000000000000000e+02,8.810000000000000000e+02,8.820000000000000000e+02,8.830000000000000000e+02,8.840000000000000000e+02,8.850000000000000000e+02,8.860000000000000000e+02,8.870000000000000000e+02,8.880000000000000000e+02,8.890000000000000000e+02,8.900000000000000000e+02,8.910000000000000000e+02,8.920000000000000000e+02,8.930000000000000000e+02,8.940000000000000000e+02,8.950000000000000000e+02,8.960000000000000000e+02,8.970000000000000000e+02,8.980000000000000000e+02,8.990000000000000000e+02,9.000000000000000000e+02,9.010000000000000000e+02,9.020000000000000000e+02,9.030000000000000000e+02,9.040000000000000000e+02,9.050000000000000000e+02,9.060000000000000000e+02,9.070000000000000000e+02,9.080000000000000000e+02,9.090000000000000000e+02,9.100000000000000000e+02,9.110000000000000000e+02,9.120000000000000000e+02,9.130000000000000000e+02,9.140000000000000000e+02,9.150000000000000000e+02,9.160000000000000000e+02,9.170000000000000000e+02,9.180000000000000000e+02,9.190000000000000000e+02,9.200000000000000000e+02,9.210000000000000000e+02,9.220000000000000000e+02,9.230000000000000000e+02,9.240000000000000000e+02,9.250000000000000000e+02,9.260000000000000000e+02,9.270000000000000000e+02,9.280000000000000000e+02,9.290000000000000000e+02,9.300000000000000000e+02,9.310000000000000000e+02,9.320000000000000000e+02,9.330000000000000000e+02,9.340000000000000000e+02,9.350000000000000000e+02,9.360000000000000000e+02,9.370000000000000000e+02,9.380000000000000000e+02,9.390000000000000000e+02,9.400000000000000000e+02,9.410000000000000000e+02,9.420000000000000000e+02,9.430000000000000000e+02,9.440000000000000000e+02,9.450000000000000000e+02,9.460000000000000000e+02,9.470000000000000000e+02,9.480000000000000000e+02,9.490000000000000000e+02,9.500000000000000000e+02,9.510000000000000000e+02,9.520000000000000000e+02,9.530000000000000000e+02,9.540000000000000000e+02,9.550000000000000000e+02,9.560000000000000000e+02,9.570000000000000000e+02,9.580000000000000000e+02,9.590000000000000000e+02,9.600000000000000000e+02,9.610000000000000000e+02,9.620000000000000000e+02,9.630000000000000000e+02,9.640000000000000000e+02,9.650000000000000000e+02,9.660000000000000000e+02,9.670000000000000000e+02,9.680000000000000000e+02,9.690000000000000000e+02,9.700000000000000000e+02,9.710000000000000000e+02,9.720000000000000000e+02,9.730000000000000000e+02,9.740000000000000000e+02,9.750000000000000000e+02,9.760000000000000000e+02,9.770000000000000000e+02,9.780000000000000000e+02,9.790000000000000000e+02,9.800000000000000000e+02,9.810000000000000000e+02,9.820000000000000000e+02,9.830000000000000000e+02,9.840000000000000000e+02,9.850000000000000000e+02,9.860000000000000000e+02,9.870000000000000000e+02,9.880000000000000000e+02,9.890000000000000000e+02,9.900000000000000000e+02,9.910000000000000000e+02,8.490000000000000000e+02,8.500000000000000000e+02,8.510000000000000000e+02,8.520000000000000000e+02,8.530000000000000000e+02,8.540000000000000000e+02,8.550000000000000000e+02,8.560000000000000000e+02,8.570000000000000000e+02,8.580000000000000000e+02,8.590000000000000000e+02,8.600000000000000000e+02,8.610000000000000000e+02,8.620000000000000000e+02,8.630000000000000000e+02,8.640000000000000000e+02,8.650000000000000000e+02,8.660000000000000000e+02,8.670000000000000000e+02,8.680000000000000000e+02,8.690000000000000000e+02,8.700000000000000000e+02,8.710000000000000000e+02,8.720000000000000000e+02,8.730000000000000000e+02,8.740000000000000000e+02,8.750000000000000000e+02,8.760000000000000000e+02,8.770000000000000000e+02,8.780000000000000000e+02,8.790000000000000000e+02,8.800000000000000000e+02,8.810000000000000000e+02,8.820000000000000000e+02,8.830000000000000000e+02,8.840000000000000000e+02,8.850000000000000000e+02,8.860000000000000000e+02,8.870000000000000000e+02,8.880000000000000000e+02,8.890000000000000000e+02,8.900000000000000000e+02,8.910000000000000000e+02,8.920000000000000000e+02,8.930000000000000000e+02,8.940000000000000000e+02,8.950000000000000000e+02,8.960000000000000000e+02,8.970000000000000000e+02,8.980000000000000000e+02,8.990000000000000000e+02,9.000000000000000000e+02,9.010000000000000000e+02,9.020000000000000000e+02,9.030000000000000000e+02,9.040000000000000000e+02,9.050000000000000000e+02,9.060000000000000000e+02,9.070000000000000000e+02,9.080000000000000000e+02,9.090000000000000000e+02,9.100000000000000000e+02,9.110000000000000000e+02,9.120000000000000000e+02,9.130000000000000000e+02,9.140000000000000000e+02,9.150000000000000000e+02,9.160000000000000000e+02,9.170000000000000000e+02,9.180000000000000000e+02,9.190000000000000000e+02,9.200000000000000000e+02,9.210000000000000000e+02,9.220000000000000000e+02,9.230000000000000000e+02,9.240000000000000000e+02,9.250000000000000000e+02,9.260000000000000000e+02,9.270000000000000000e+02,9.280000000000000000e+02,9.290000000000000000e+02,9.300000000000000000e+02,9.310000000000000000e+02,9.320000000000000000e+02,9.330000000000000000e+02,9.340000000000000000e+02,9.350000000000000000e+02,9.360000000000000000e+02,9.370000000000000000e+02,9.380000000000000000e+02,9.390000000000000000e+02,9.400000000000000000e+02,9.410000000000000000e+02,9.420000000000000000e+02,9.430000000000000000e+02,9.440000000000000000e+02,9.450000000000000000e+02,9.460000000000000000e+02,9.470000000000000000e+02,9.480000000000000000e+02,9.490000000000000000e+02,9.500000000000000000e+02,9.510000000000000000e+02,9.520000000000000000e+02,9.530000000000000000e+02,9.540000000000000000e+02,9.550000000000000000e+02,9.560000000000000000e+02,9.570000000000000000e+02,9.580000000000000000e+02,9.590000000000000000e+02,9.600000000000000000e+02,9.610000000000000000e+02,9.620000000000000000e+02,9.630000000000000000e+02,9.640000000000000000e+02,9.650000000000000000e+02,9.660000000000000000e+02,9.670000000000000000e+02,9.680000000000000000e+02,9.690000000000000000e+02,9.700000000000000000e+02,9.710000000000000000e+02,9.720000000000000000e+02,9.730000000000000000e+02,9.740000000000000000e+02,9.750000000000000000e+02,9.760000000000000000e+02,9.770000000000000000e+02,9.780000000000000000e+02,9.790000000000000000e+02,9.800000000000000000e+02,9.810000000000000000e+02,9.820000000000000000e+02,9.830000000000000000e+02,9.840000000000000000e+02,9.850000000000000000e+02,9.860000000000000000e+02,9.870000000000000000e+02,9.880000000000000000e+02,9.890000000000000000e+02,9.900000000000000000e+02,8.480000000000000000e+02,8.490000000000000000e+02,8.500000000000000000e+02,8.510000000000000000e+02,8.520000000000000000e+02,8.530000000000000000e+02,8.540000000000000000e+02,8.550000000000000000e+02,8.560000000000000000e+02,8.570000000000000000e+02,8.580000000000000000e+02,8.590000000000000000e+02,8.600000000000000000e+02,8.610000000000000000e+02,8.620000000000000000e+02,8.630000000000000000e+02,8.640000000000000000e+02,8.650000000000000000e+02,8.660000000000000000e+02,8.670000000000000000e+02,8.680000000000000000e+02,8.690000000000000000e+02,8.700000000000000000e+02,8.710000000000000000e+02,8.720000000000000000e+02,8.730000000000000000e+02,8.740000000000000000e+02,8.750000000000000000e+02,8.760000000000000000e+02,8.770000000000000000e+02,8.780000000000000000e+02,8.790000000000000000e+02,8.800000000000000000e+02,8.810000000000000000e+02,8.820000000000000000e+02,8.830000000000000000e+02,8.840000000000000000e+02,8.850000000000000000e+02,8.860000000000000000e+02,8.870000000000000000e+02,8.880000000000000000e+02,8.890000000000000000e+02,8.900000000000000000e+02,8.910000000000000000e+02,8.920000000000000000e+02,8.930000000000000000e+02,8.940000000000000000e+02,8.950000000000000000e+02,8.960000000000000000e+02,8.970000000000000000e+02,8.980000000000000000e+02,8.990000000000000000e+02,9.000000000000000000e+02,9.010000000000000000e+02,9.020000000000000000e+02,9.030000000000000000e+02,9.040000000000000000e+02,9.050000000000000000e+02,9.060000000000000000e+02,9.070000000000000000e+02,9.080000000000000000e+02,9.090000000000000000e+02,9.100000000000000000e+02,9.110000000000000000e+02,9.120000000000000000e+02,9.130000000000000000e+02,9.140000000000000000e+02,9.150000000000000000e+02,9.160000000000000000e+02,9.170000000000000000e+02,9.180000000000000000e+02,9.190000000000000000e+02,9.200000000000000000e+02,9.210000000000000000e+02,9.220000000000000000e+02,9.230000000000000000e+02,9.240000000000000000e+02,9.250000000000000000e+02,9.260000000000000000e+02,9.270000000000000000e+02,9.280000000000000000e+02,9.290000000000000000e+02,9.300000000000000000e+02,9.310000000000000000e+02,9.320000000000000000e+02,9.330000000000000000e+02,9.340000000000000000e+02,9.350000000000000000e+02,9.360000000000000000e+02,9.370000000000000000e+02,9.380000000000000000e+02,9.390000000000000000e+02,9.400000000000000000e+02,9.410000000000000000e+02,9.420000000000000000e+02,9.430000000000000000e+02,9.440000000000000000e+02,9.450000000000000000e+02,9.460000000000000000e+02,9.470000000000000000e+02,9.480000000000000000e+02,9.490000000000000000e+02,9.500000000000000000e+02,9.510000000000000000e+02,9.520000000000000000e+02,9.530000000000000000e+02,9.540000000000000000e+02,9.550000000000000000e+02,9.560000000000000000e+02,9.570000000000000000e+02,9.580000000000000000e+02,9.590000000000000000e+02,9.600000000000000000e+02,9.610000000000000000e+02,9.620000000000000000e+02,9.630000000000000000e+02,9.640000000000000000e+02,9.650000000000000000e+02,9.660000000000000000e+02,9.670000000000000000e+02,9.680000000000000000e+02,9.690000000000000000e+02,9.700000000000000000e+02,9.710000000000000000e+02,9.720000000000000000e+02,9.730000000000000000e+02,9.740000000000000000e+02,9.750000000000000000e+02,9.760000000000000000e+02,9.770000000000000000e+02,9.780000000000000000e+02,9.790000000000000000e+02,9.800000000000000000e+02,9.810000000000000000e+02,9.820000000000000000e+02,9.830000000000000000e+02,9.840000000000000000e+02,9.850000000000000000e+02,9.860000000000000000e+02,9.870000000000000000e+02,9.880000000000000000e+02,9.890000000000000000e+02,9.900000000000000000e+02,8.480000000000000000e+02,8.490000000000000000e+02,8.500000000000000000e+02,8.510000000000000000e+02,8.520000000000000000e+02,8.530000000000000000e+02,8.540000000000000000e+02,8.550000000000000000e+02,8.560000000000000000e+02,8.570000000000000000e+02,8.580000000000000000e+02,8.590000000000000000e+02,8.600000000000000000e+02,8.610000000000000000e+02,8.620000000000000000e+02,8.630000000000000000e+02,8.640000000000000000e+02,8.650000000000000000e+02,8.660000000000000000e+02,8.670000000000000000e+02,8.680000000000000000e+02,8.690000000000000000e+02,8.700000000000000000e+02,8.710000000000000000e+02,8.720000000000000000e+02,8.730000000000000000e+02,8.740000000000000000e+02,8.750000000000000000e+02,8.760000000000000000e+02,8.770000000000000000e+02,8.780000000000000000e+02,8.790000000000000000e+02,8.800000000000000000e+02,8.810000000000000000e+02,8.820000000000000000e+02,8.830000000000000000e+02,8.840000000000000000e+02,8.850000000000000000e+02,8.860000000000000000e+02,8.870000000000000000e+02,8.880000000000000000e+02,8.890000000000000000e+02,8.900000000000000000e+02,8.910000000000000000e+02,8.920000000000000000e+02,8.930000000000000000e+02,8.940000000000000000e+02,8.950000000000000000e+02,8.960000000000000000e+02,8.970000000000000000e+02,8.980000000000000000e+02,8.990000000000000000e+02,9.000000000000000000e+02,9.010000000000000000e+02,9.020000000000000000e+02,9.030000000000000000e+02,9.040000000000000000e+02,9.050000000000000000e+02,9.060000000000000000e+02,9.070000000000000000e+02,9.080000000000000000e+02,9.090000000000000000e+02,9.100000000000000000e+02,9.110000000000000000e+02,9.120000000000000000e+02,9.130000000000000000e+02,9.140000000000000000e+02,9.150000000000000000e+02,9.160000000000000000e+02,9.170000000000000000e+02,9.180000000000000000e+02,9.190000000000000000e+02,9.200000000000000000e+02,9.210000000000000000e+02,9.220000000000000000e+02,9.230000000000000000e+02,9.240000000000000000e+02,9.250000000000000000e+02,9.260000000000000000e+02,9.270000000000000000e+02,9.280000000000000000e+02,9.290000000000000000e+02,9.300000000000000000e+02,9.310000000000000000e+02,9.320000000000000000e+02,9.330000000000000000e+02,9.340000000000000000e+02,9.350000000000000000e+02,9.360000000000000000e+02,9.370000000000000000e+02,9.380000000000000000e+02,9.390000000000000000e+02,9.400000000000000000e+02,9.410000000000000000e+02,9.420000000000000000e+02,9.430000000000000000e+02,9.440000000000000000e+02,9.450000000000000000e+02,9.460000000000000000e+02,9.470000000000000000e+02,9.480000000000000000e+02,9.490000000000000000e+02,9.500000000000000000e+02,9.510000000000000000e+02,9.520000000000000000e+02,9.530000000000000000e+02,9.540000000000000000e+02,9.550000000000000000e+02,9.560000000000000000e+02,9.570000000000000000e+02,9.580000000000000000e+02,9.590000000000000000e+02,9.600000000000000000e+02,9.610000000000000000e+02,9.620000000000000000e+02,9.630000000000000000e+02,9.640000000000000000e+02,9.650000000000000000e+02,9.660000000000000000e+02,9.670000000000000000e+02,9.680000000000000000e+02,9.690000000000000000e+02,9.700000000000000000e+02,9.710000000000000000e+02,9.720000000000000000e+02,9.730000000000000000e+02,9.740000000000000000e+02,9.750000000000000000e+02,9.760000000000000000e+02,9.770000000000000000e+02,9.780000000000000000e+02,9.790000000000000000e+02,9.800000000000000000e+02,9.810000000000000000e+02,9.820000000000000000e+02,9.830000000000000000e+02,9.840000000000000000e+02,9.850000000000000000e+02,9.860000000000000000e+02,9.870000000000000000e+02,9.880000000000000000e+02,9.890000000000000000e+02,9.900000000000000000e+02,8.480000000000000000e+02,8.490000000000000000e+02,8.500000000000000000e+02,8.510000000000000000e+02,8.520000000000000000e+02,8.530000000000000000e+02,8.540000000000000000e+02,8.550000000000000000e+02,8.560000000000000000e+02,8.570000000000000000e+02,8.580000000000000000e+02,8.590000000000000000e+02,8.600000000000000000e+02,8.610000000000000000e+02,8.620000000000000000e+02,8.630000000000000000e+02,8.640000000000000000e+02,8.650000000000000000e+02,8.660000000000000000e+02,8.670000000000000000e+02,8.680000000000000000e+02,8.690000000000000000e+02,8.700000000000000000e+02,8.710000000000000000e+02,8.720000000000000000e+02,8.730000000000000000e+02,8.740000000000000000e+02,8.750000000000000000e+02,8.760000000000000000e+02,8.770000000000000000e+02,8.780000000000000000e+02,8.790000000000000000e+02,8.800000000000000000e+02,8.810000000000000000e+02,8.820000000000000000e+02,8.830000000000000000e+02,8.840000000000000000e+02,8.850000000000000000e+02,8.860000000000000000e+02,8.870000000000000000e+02,8.880000000000000000e+02,8.890000000000000000e+02,8.900000000000000000e+02,8.910000000000000000e+02,8.920000000000000000e+02,8.930000000000000000e+02,8.940000000000000000e+02,8.950000000000000000e+02,8.960000000000000000e+02,8.970000000000000000e+02,8.980000000000000000e+02,8.990000000000000000e+02,9.000000000000000000e+02,9.010000000000000000e+02,9.020000000000000000e+02,9.030000000000000000e+02,9.040000000000000000e+02,9.050000000000000000e+02,9.060000000000000000e+02,9.070000000000000000e+02,9.080000000000000000e+02,9.090000000000000000e+02,9.100000000000000000e+02,9.110000000000000000e+02,9.120000000000000000e+02,9.130000000000000000e+02,9.140000000000000000e+02,9.150000000000000000e+02,9.160000000000000000e+02,9.170000000000000000e+02,9.180000000000000000e+02,9.190000000000000000e+02,9.200000000000000000e+02,9.210000000000000000e+02,9.220000000000000000e+02,9.230000000000000000e+02,9.240000000000000000e+02,9.250000000000000000e+02,9.260000000000000000e+02,9.270000000000000000e+02,9.280000000000000000e+02,9.290000000000000000e+02,9.300000000000000000e+02,9.310000000000000000e+02,9.320000000000000000e+02,9.330000000000000000e+02,9.340000000000000000e+02,9.350000000000000000e+02,9.360000000000000000e+02,9.370000000000000000e+02,9.380000000000000000e+02,9.390000000000000000e+02,9.400000000000000000e+02,9.410000000000000000e+02,9.420000000000000000e+02,9.430000000000000000e+02,9.440000000000000000e+02,9.450000000000000000e+02,9.460000000000000000e+02,9.470000000000000000e+02,9.480000000000000000e+02,9.490000000000000000e+02,9.500000000000000000e+02,9.510000000000000000e+02,9.520000000000000000e+02,9.530000000000000000e+02,9.540000000000000000e+02,9.550000000000000000e+02,9.560000000000000000e+02,9.570000000000000000e+02,9.580000000000000000e+02,9.590000000000000000e+02,9.600000000000000000e+02,9.610000000000000000e+02,9.620000000000000000e+02,9.630000000000000000e+02,9.640000000000000000e+02,9.650000000000000000e+02,9.660000000000000000e+02,9.670000000000000000e+02,9.680000000000000000e+02,9.690000000000000000e+02,9.700000000000000000e+02,9.710000000000000000e+02,9.720000000000000000e+02,9.730000000000000000e+02,9.740000000000000000e+02,9.750000000000000000e+02,9.760000000000000000e+02,9.770000000000000000e+02,9.780000000000000000e+02,9.790000000000000000e+02,9.800000000000000000e+02,9.810000000000000000e+02,9.820000000000000000e+02,9.830000000000000000e+02,9.840000000000000000e+02,9.850000000000000000e+02,9.860000000000000000e+02,9.870000000000000000e+02,9.880000000000000000e+02,9.890000000000000000e+02,9.900000000000000000e+02,8.480000000000000000e+02,8.490000000000000000e+02,8.500000000000000000e+02,8.510000000000000000e+02,8.520000000000000000e+02,8.530000000000000000e+02,8.540000000000000000e+02,8.550000000000000000e+02,8.560000000000000000e+02,8.570000000000000000e+02,8.580000000000000000e+02,8.590000000000000000e+02,8.600000000000000000e+02,8.610000000000000000e+02,8.620000000000000000e+02,8.630000000000000000e+02,8.640000000000000000e+02,8.650000000000000000e+02,8.660000000000000000e+02,8.670000000000000000e+02,8.680000000000000000e+02,8.690000000000000000e+02,8.700000000000000000e+02,8.710000000000000000e+02,8.720000000000000000e+02,8.730000000000000000e+02,8.740000000000000000e+02,8.750000000000000000e+02,8.760000000000000000e+02,8.770000000000000000e+02,8.780000000000000000e+02,8.790000000000000000e+02,8.800000000000000000e+02,8.810000000000000000e+02,8.820000000000000000e+02,8.830000000000000000e+02,8.840000000000000000e+02,8.850000000000000000e+02,8.860000000000000000e+02,8.870000000000000000e+02,8.880000000000000000e+02,8.890000000000000000e+02,8.900000000000000000e+02,8.910000000000000000e+02,8.920000000000000000e+02,8.930000000000000000e+02,8.940000000000000000e+02,8.950000000000000000e+02,8.960000000000000000e+02,8.970000000000000000e+02,8.980000000000000000e+02,8.990000000000000000e+02,9.000000000000000000e+02,9.010000000000000000e+02,9.020000000000000000e+02,9.030000000000000000e+02,9.040000000000000000e+02,9.050000000000000000e+02,9.060000000000000000e+02,9.070000000000000000e+02,9.080000000000000000e+02,9.090000000000000000e+02,9.100000000000000000e+02,9.110000000000000000e+02,9.120000000000000000e+02,9.130000000000000000e+02,9.140000000000000000e+02,9.150000000000000000e+02,9.160000000000000000e+02,9.170000000000000000e+02,9.180000000000000000e+02,9.190000000000000000e+02,9.200000000000000000e+02,9.210000000000000000e+02,9.220000000000000000e+02,9.230000000000000000e+02,9.240000000000000000e+02,9.250000000000000000e+02,9.260000000000000000e+02,9.270000000000000000e+02,9.280000000000000000e+02,9.290000000000000000e+02,9.300000000000000000e+02,9.310000000000000000e+02,9.320000000000000000e+02,9.330000000000000000e+02,9.340000000000000000e+02,9.350000000000000000e+02,9.360000000000000000e+02,9.370000000000000000e+02,9.380000000000000000e+02,9.390000000000000000e+02,9.400000000000000000e+02,9.410000000000000000e+02,9.420000000000000000e+02,9.430000000000000000e+02,9.440000000000000000e+02,9.450000000000000000e+02,9.460000000000000000e+02,9.470000000000000000e+02,9.480000000000000000e+02,9.490000000000000000e+02,9.500000000000000000e+02,9.510000000000000000e+02,9.520000000000000000e+02,9.530000000000000000e+02,9.540000000000000000e+02,9.550000000000000000e+02,9.560000000000000000e+02,9.570000000000000000e+02,9.580000000000000000e+02,9.590000000000000000e+02,9.600000000000000000e+02,9.610000000000000000e+02,9.620000000000000000e+02,9.630000000000000000e+02,9.640000000000000000e+02,9.650000000000000000e+02,9.660000000000000000e+02,9.670000000000000000e+02,9.680000000000000000e+02,9.690000000000000000e+02,9.700000000000000000e+02,9.710000000000000000e+02,9.720000000000000000e+02,9.730000000000000000e+02,9.740000000000000000e+02,9.750000000000000000e+02,9.760000000000000000e+02,9.770000000000000000e+02,9.780000000000000000e+02,9.790000000000000000e+02,9.800000000000000000e+02,9.810000000000000000e+02,9.820000000000000000e+02,9.830000000000000000e+02,9.840000000000000000e+02,9.850000000000000000e+02,9.860000000000000000e+02,9.870000000000000000e+02,9.880000000000000000e+02,9.890000000000000000e+02,9.900000000000000000e+02,8.480000000000000000e+02,8.490000000000000000e+02,8.500000000000000000e+02,8.510000000000000000e+02,8.520000000000000000e+02,8.530000000000000000e+02,8.540000000000000000e+02,8.550000000000000000e+02,8.560000000000000000e+02,8.570000000000000000e+02,8.580000000000000000e+02,8.590000000000000000e+02,8.600000000000000000e+02,8.610000000000000000e+02,8.620000000000000000e+02,8.630000000000000000e+02,8.640000000000000000e+02,8.650000000000000000e+02,8.660000000000000000e+02,8.670000000000000000e+02,8.680000000000000000e+02,8.690000000000000000e+02,8.700000000000000000e+02,8.710000000000000000e+02,8.720000000000000000e+02,8.730000000000000000e+02,8.740000000000000000e+02,8.750000000000000000e+02,8.760000000000000000e+02,8.770000000000000000e+02,8.780000000000000000e+02,8.790000000000000000e+02,8.800000000000000000e+02,8.810000000000000000e+02,8.820000000000000000e+02,8.830000000000000000e+02,8.840000000000000000e+02,8.850000000000000000e+02,8.860000000000000000e+02,8.870000000000000000e+02,8.880000000000000000e+02,8.890000000000000000e+02,8.900000000000000000e+02,8.910000000000000000e+02,8.920000000000000000e+02,8.930000000000000000e+02,8.940000000000000000e+02,8.950000000000000000e+02,8.960000000000000000e+02,8.970000000000000000e+02,8.980000000000000000e+02,8.990000000000000000e+02,9.000000000000000000e+02,9.010000000000000000e+02,9.020000000000000000e+02,9.030000000000000000e+02,9.040000000000000000e+02,9.050000000000000000e+02,9.060000000000000000e+02,9.070000000000000000e+02,9.080000000000000000e+02,9.090000000000000000e+02,9.100000000000000000e+02,9.110000000000000000e+02,9.120000000000000000e+02,9.130000000000000000e+02,9.140000000000000000e+02,9.150000000000000000e+02,9.160000000000000000e+02,9.170000000000000000e+02,9.180000000000000000e+02,9.190000000000000000e+02,9.200000000000000000e+02,9.210000000000000000e+02,9.220000000000000000e+02,9.230000000000000000e+02,9.240000000000000000e+02,9.250000000000000000e+02,9.260000000000000000e+02,9.270000000000000000e+02,9.280000000000000000e+02,9.290000000000000000e+02,9.300000000000000000e+02,9.310000000000000000e+02,9.320000000000000000e+02,9.330000000000000000e+02,9.340000000000000000e+02,9.350000000000000000e+02,9.360000000000000000e+02,9.370000000000000000e+02,9.380000000000000000e+02,9.390000000000000000e+02,9.400000000000000000e+02,9.410000000000000000e+02,9.420000000000000000e+02,9.430000000000000000e+02,9.440000000000000000e+02,9.450000000000000000e+02,9.460000000000000000e+02,9.470000000000000000e+02,9.480000000000000000e+02,9.490000000000000000e+02,9.500000000000000000e+02,9.510000000000000000e+02,9.520000000000000000e+02,9.530000000000000000e+02,9.540000000000000000e+02,9.550000000000000000e+02,9.560000000000000000e+02,9.570000000000000000e+02,9.580000000000000000e+02,9.590000000000000000e+02,9.600000000000000000e+02,9.610000000000000000e+02,9.620000000000000000e+02,9.630000000000000000e+02,9.640000000000000000e+02,9.650000000000000000e+02,9.660000000000000000e+02,9.670000000000000000e+02,9.680000000000000000e+02,9.690000000000000000e+02,9.700000000000000000e+02,9.710000000000000000e+02,9.720000000000000000e+02,9.730000000000000000e+02,9.740000000000000000e+02,9.750000000000000000e+02,9.760000000000000000e+02,9.770000000000000000e+02,9.780000000000000000e+02,9.790000000000000000e+02,9.800000000000000000e+02,9.810000000000000000e+02,9.820000000000000000e+02,9.830000000000000000e+02,9.840000000000000000e+02,9.850000000000000000e+02,9.860000000000000000e+02,9.870000000000000000e+02,9.880000000000000000e+02,9.890000000000000000e+02,8.480000000000000000e+02,8.490000000000000000e+02,8.500000000000000000e+02,8.510000000000000000e+02,8.520000000000000000e+02,8.530000000000000000e+02,8.540000000000000000e+02,8.550000000000000000e+02,8.560000000000000000e+02,8.570000000000000000e+02,8.580000000000000000e+02,8.590000000000000000e+02,8.600000000000000000e+02,8.610000000000000000e+02,8.620000000000000000e+02,8.630000000000000000e+02,8.640000000000000000e+02,8.650000000000000000e+02,8.660000000000000000e+02,8.670000000000000000e+02,8.680000000000000000e+02,8.690000000000000000e+02,8.700000000000000000e+02,8.710000000000000000e+02,8.720000000000000000e+02,8.730000000000000000e+02,8.740000000000000000e+02,8.750000000000000000e+02,8.760000000000000000e+02,8.770000000000000000e+02,8.780000000000000000e+02,8.790000000000000000e+02,8.800000000000000000e+02,8.810000000000000000e+02,8.820000000000000000e+02,8.830000000000000000e+02,8.840000000000000000e+02,8.850000000000000000e+02,8.860000000000000000e+02,8.870000000000000000e+02,8.880000000000000000e+02,8.890000000000000000e+02,8.900000000000000000e+02,8.910000000000000000e+02,8.920000000000000000e+02,8.930000000000000000e+02,8.940000000000000000e+02,8.950000000000000000e+02,8.960000000000000000e+02,8.970000000000000000e+02,8.980000000000000000e+02,8.990000000000000000e+02,9.000000000000000000e+02,9.010000000000000000e+02,9.020000000000000000e+02,9.030000000000000000e+02,9.040000000000000000e+02,9.050000000000000000e+02,9.060000000000000000e+02,9.070000000000000000e+02,9.080000000000000000e+02,9.090000000000000000e+02,9.100000000000000000e+02,9.110000000000000000e+02,9.120000000000000000e+02,9.130000000000000000e+02,9.140000000000000000e+02,9.150000000000000000e+02,9.160000000000000000e+02,9.170000000000000000e+02,9.180000000000000000e+02,9.190000000000000000e+02,9.200000000000000000e+02,9.210000000000000000e+02,9.220000000000000000e+02,9.230000000000000000e+02,9.240000000000000000e+02,9.250000000000000000e+02,9.260000000000000000e+02,9.270000000000000000e+02,9.280000000000000000e+02,9.290000000000000000e+02,9.300000000000000000e+02,9.310000000000000000e+02,9.320000000000000000e+02,9.330000000000000000e+02,9.340000000000000000e+02,9.350000000000000000e+02,9.360000000000000000e+02,9.370000000000000000e+02,9.380000000000000000e+02,9.390000000000000000e+02,9.400000000000000000e+02,9.410000000000000000e+02,9.420000000000000000e+02,9.430000000000000000e+02,9.440000000000000000e+02,9.450000000000000000e+02,9.460000000000000000e+02,9.470000000000000000e+02,9.480000000000000000e+02,9.490000000000000000e+02,9.500000000000000000e+02,9.510000000000000000e+02,9.520000000000000000e+02,9.530000000000000000e+02,9.540000000000000000e+02,9.550000000000000000e+02,9.560000000000000000e+02,9.570000000000000000e+02,9.580000000000000000e+02,9.590000000000000000e+02,9.600000000000000000e+02,9.610000000000000000e+02,9.620000000000000000e+02,9.630000000000000000e+02,9.640000000000000000e+02,9.650000000000000000e+02,9.660000000000000000e+02,9.670000000000000000e+02,9.680000000000000000e+02,9.690000000000000000e+02,9.700000000000000000e+02,9.710000000000000000e+02,9.720000000000000000e+02,9.730000000000000000e+02,9.740000000000000000e+02,9.750000000000000000e+02,9.760000000000000000e+02,9.770000000000000000e+02,9.780000000000000000e+02,9.790000000000000000e+02,9.800000000000000000e+02,9.810000000000000000e+02,9.820000000000000000e+02,9.830000000000000000e+02,9.840000000000000000e+02,9.850000000000000000e+02,9.860000000000000000e+02,9.870000000000000000e+02,9.880000000000000000e+02,9.890000000000000000e+02,8.480000000000000000e+02,8.490000000000000000e+02,8.500000000000000000e+02,8.510000000000000000e+02,8.520000000000000000e+02,8.530000000000000000e+02,8.540000000000000000e+02,8.550000000000000000e+02,8.560000000000000000e+02,8.570000000000000000e+02,8.580000000000000000e+02,8.590000000000000000e+02,8.600000000000000000e+02,8.610000000000000000e+02,8.620000000000000000e+02,8.630000000000000000e+02,8.640000000000000000e+02,8.650000000000000000e+02,8.660000000000000000e+02,8.670000000000000000e+02,8.680000000000000000e+02,8.690000000000000000e+02,8.700000000000000000e+02,8.710000000000000000e+02,8.720000000000000000e+02,8.730000000000000000e+02,8.740000000000000000e+02,8.750000000000000000e+02,8.760000000000000000e+02,8.770000000000000000e+02,8.780000000000000000e+02,8.790000000000000000e+02,8.800000000000000000e+02,8.810000000000000000e+02,8.820000000000000000e+02,8.830000000000000000e+02,8.840000000000000000e+02,8.850000000000000000e+02,8.860000000000000000e+02,8.870000000000000000e+02,8.880000000000000000e+02,8.890000000000000000e+02,8.900000000000000000e+02,8.910000000000000000e+02,8.920000000000000000e+02,8.930000000000000000e+02,8.940000000000000000e+02,8.950000000000000000e+02,8.960000000000000000e+02,8.970000000000000000e+02,8.980000000000000000e+02,8.990000000000000000e+02,9.000000000000000000e+02,9.010000000000000000e+02,9.020000000000000000e+02,9.030000000000000000e+02,9.040000000000000000e+02,9.050000000000000000e+02,9.060000000000000000e+02,9.070000000000000000e+02,9.080000000000000000e+02,9.090000000000000000e+02,9.100000000000000000e+02,9.110000000000000000e+02,9.120000000000000000e+02,9.130000000000000000e+02,9.140000000000000000e+02,9.150000000000000000e+02,9.160000000000000000e+02,9.170000000000000000e+02,9.180000000000000000e+02,9.190000000000000000e+02,9.200000000000000000e+02,9.210000000000000000e+02,9.220000000000000000e+02,9.230000000000000000e+02,9.240000000000000000e+02,9.250000000000000000e+02,9.260000000000000000e+02,9.270000000000000000e+02,9.280000000000000000e+02,9.290000000000000000e+02,9.300000000000000000e+02,9.310000000000000000e+02,9.320000000000000000e+02,9.330000000000000000e+02,9.340000000000000000e+02,9.350000000000000000e+02,9.360000000000000000e+02,9.370000000000000000e+02,9.380000000000000000e+02,9.390000000000000000e+02,9.400000000000000000e+02,9.410000000000000000e+02,9.420000000000000000e+02,9.430000000000000000e+02,9.440000000000000000e+02,9.450000000000000000e+02,9.460000000000000000e+02,9.470000000000000000e+02,9.480000000000000000e+02,9.490000000000000000e+02,9.500000000000000000e+02,9.510000000000000000e+02,9.520000000000000000e+02,9.530000000000000000e+02,9.540000000000000000e+02,9.550000000000000000e+02,9.560000000000000000e+02,9.570000000000000000e+02,9.580000000000000000e+02,9.590000000000000000e+02,9.600000000000000000e+02,9.610000000000000000e+02,9.620000000000000000e+02,9.630000000000000000e+02,9.640000000000000000e+02,9.650000000000000000e+02,9.660000000000000000e+02,9.670000000000000000e+02,9.680000000000000000e+02,9.690000000000000000e+02,9.700000000000000000e+02,9.710000000000000000e+02,9.720000000000000000e+02,9.730000000000000000e+02,9.740000000000000000e+02,9.750000000000000000e+02,9.760000000000000000e+02,9.770000000000000000e+02,9.780000000000000000e+02,9.790000000000000000e+02,9.800000000000000000e+02,9.810000000000000000e+02,9.820000000000000000e+02,9.830000000000000000e+02,9.840000000000000000e+02,9.850000000000000000e+02,9.860000000000000000e+02,9.870000000000000000e+02,9.880000000000000000e+02,8.480000000000000000e+02,8.490000000000000000e+02,8.500000000000000000e+02,8.510000000000000000e+02,8.520000000000000000e+02,8.530000000000000000e+02,8.540000000000000000e+02,8.550000000000000000e+02,8.560000000000000000e+02,8.570000000000000000e+02,8.580000000000000000e+02,8.590000000000000000e+02,8.600000000000000000e+02,8.610000000000000000e+02,8.620000000000000000e+02,8.630000000000000000e+02,8.640000000000000000e+02,8.650000000000000000e+02,8.660000000000000000e+02,8.670000000000000000e+02,8.680000000000000000e+02,8.690000000000000000e+02,8.700000000000000000e+02,8.710000000000000000e+02,8.720000000000000000e+02,8.730000000000000000e+02,8.740000000000000000e+02,8.750000000000000000e+02,8.760000000000000000e+02,8.770000000000000000e+02,8.780000000000000000e+02,8.790000000000000000e+02,8.800000000000000000e+02,8.810000000000000000e+02,8.820000000000000000e+02,8.830000000000000000e+02,8.840000000000000000e+02,8.850000000000000000e+02,8.860000000000000000e+02,8.870000000000000000e+02,8.880000000000000000e+02,8.890000000000000000e+02,8.900000000000000000e+02,8.910000000000000000e+02,8.920000000000000000e+02,8.930000000000000000e+02,8.940000000000000000e+02,8.950000000000000000e+02,8.960000000000000000e+02,8.970000000000000000e+02,8.980000000000000000e+02,8.990000000000000000e+02,9.000000000000000000e+02,9.010000000000000000e+02,9.020000000000000000e+02,9.030000000000000000e+02,9.040000000000000000e+02,9.050000000000000000e+02,9.060000000000000000e+02,9.070000000000000000e+02,9.080000000000000000e+02,9.090000000000000000e+02,9.100000000000000000e+02,9.110000000000000000e+02,9.120000000000000000e+02,9.130000000000000000e+02,9.140000000000000000e+02,9.150000000000000000e+02,9.160000000000000000e+02,9.170000000000000000e+02,9.180000000000000000e+02,9.190000000000000000e+02,9.200000000000000000e+02,9.210000000000000000e+02,9.220000000000000000e+02,9.230000000000000000e+02,9.240000000000000000e+02,9.250000000000000000e+02,9.260000000000000000e+02,9.270000000000000000e+02,9.280000000000000000e+02,9.290000000000000000e+02,9.300000000000000000e+02,9.310000000000000000e+02,9.320000000000000000e+02,9.330000000000000000e+02,9.340000000000000000e+02,9.350000000000000000e+02,9.360000000000000000e+02,9.370000000000000000e+02,9.380000000000000000e+02,9.390000000000000000e+02,9.400000000000000000e+02,9.410000000000000000e+02,9.420000000000000000e+02,9.430000000000000000e+02,9.440000000000000000e+02,9.450000000000000000e+02,9.460000000000000000e+02,9.470000000000000000e+02,9.480000000000000000e+02,9.490000000000000000e+02,9.500000000000000000e+02,9.510000000000000000e+02,9.520000000000000000e+02,9.530000000000000000e+02,9.540000000000000000e+02,9.550000000000000000e+02,9.560000000000000000e+02,9.570000000000000000e+02,9.580000000000000000e+02,9.590000000000000000e+02,9.600000000000000000e+02,9.610000000000000000e+02,9.620000000000000000e+02,9.630000000000000000e+02,9.640000000000000000e+02,9.650000000000000000e+02,9.660000000000000000e+02,9.670000000000000000e+02,9.680000000000000000e+02,9.690000000000000000e+02,9.700000000000000000e+02,9.710000000000000000e+02,9.720000000000000000e+02,9.730000000000000000e+02,9.740000000000000000e+02,9.750000000000000000e+02,9.760000000000000000e+02,9.770000000000000000e+02,9.780000000000000000e+02,9.790000000000000000e+02,9.800000000000000000e+02,9.810000000000000000e+02,9.820000000000000000e+02,9.830000000000000000e+02,9.840000000000000000e+02,9.850000000000000000e+02,9.860000000000000000e+02,9.870000000000000000e+02,9.880000000000000000e+02,8.480000000000000000e+02,8.490000000000000000e+02,8.500000000000000000e+02,8.510000000000000000e+02,8.520000000000000000e+02,8.530000000000000000e+02,8.540000000000000000e+02,8.550000000000000000e+02,8.560000000000000000e+02,8.570000000000000000e+02,8.580000000000000000e+02,8.590000000000000000e+02,8.600000000000000000e+02,8.610000000000000000e+02,8.620000000000000000e+02,8.630000000000000000e+02,8.640000000000000000e+02,8.650000000000000000e+02,8.660000000000000000e+02,8.670000000000000000e+02,8.680000000000000000e+02,8.690000000000000000e+02,8.700000000000000000e+02,8.710000000000000000e+02,8.720000000000000000e+02,8.730000000000000000e+02,8.740000000000000000e+02,8.750000000000000000e+02,8.760000000000000000e+02,8.770000000000000000e+02,8.780000000000000000e+02,8.790000000000000000e+02,8.800000000000000000e+02,8.810000000000000000e+02,8.820000000000000000e+02,8.830000000000000000e+02,8.840000000000000000e+02,8.850000000000000000e+02,8.860000000000000000e+02,8.870000000000000000e+02,8.880000000000000000e+02,8.890000000000000000e+02,8.900000000000000000e+02,8.910000000000000000e+02,8.920000000000000000e+02,8.930000000000000000e+02,8.940000000000000000e+02,8.950000000000000000e+02,8.960000000000000000e+02,8.970000000000000000e+02,8.980000000000000000e+02,8.990000000000000000e+02,9.000000000000000000e+02,9.010000000000000000e+02,9.020000000000000000e+02,9.030000000000000000e+02,9.040000000000000000e+02,9.050000000000000000e+02,9.060000000000000000e+02,9.070000000000000000e+02,9.080000000000000000e+02,9.090000000000000000e+02,9.100000000000000000e+02,9.110000000000000000e+02,9.120000000000000000e+02,9.130000000000000000e+02,9.140000000000000000e+02,9.150000000000000000e+02,9.160000000000000000e+02,9.170000000000000000e+02,9.180000000000000000e+02,9.190000000000000000e+02,9.200000000000000000e+02,9.210000000000000000e+02,9.220000000000000000e+02,9.230000000000000000e+02,9.240000000000000000e+02,9.250000000000000000e+02,9.260000000000000000e+02,9.270000000000000000e+02,9.280000000000000000e+02,9.290000000000000000e+02,9.300000000000000000e+02,9.310000000000000000e+02,9.320000000000000000e+02,9.330000000000000000e+02,9.340000000000000000e+02,9.350000000000000000e+02,9.360000000000000000e+02,9.370000000000000000e+02,9.380000000000000000e+02,9.390000000000000000e+02,9.400000000000000000e+02,9.410000000000000000e+02,9.420000000000000000e+02,9.430000000000000000e+02,9.440000000000000000e+02,9.450000000000000000e+02,9.460000000000000000e+02,9.470000000000000000e+02,9.480000000000000000e+02,9.490000000000000000e+02,9.500000000000000000e+02,9.510000000000000000e+02,9.520000000000000000e+02,9.530000000000000000e+02,9.540000000000000000e+02,9.550000000000000000e+02,9.560000000000000000e+02,9.570000000000000000e+02,9.580000000000000000e+02,9.590000000000000000e+02,9.600000000000000000e+02,9.610000000000000000e+02,9.620000000000000000e+02,9.630000000000000000e+02,9.640000000000000000e+02,9.650000000000000000e+02,9.660000000000000000e+02,9.670000000000000000e+02,9.680000000000000000e+02,9.690000000000000000e+02,9.700000000000000000e+02,9.710000000000000000e+02,9.720000000000000000e+02,9.730000000000000000e+02,9.740000000000000000e+02,9.750000000000000000e+02,9.760000000000000000e+02,9.770000000000000000e+02,9.780000000000000000e+02,9.790000000000000000e+02,9.800000000000000000e+02,9.810000000000000000e+02,9.820000000000000000e+02,9.830000000000000000e+02,9.840000000000000000e+02,9.850000000000000000e+02,9.860000000000000000e+02,9.870000000000000000e+02,8.480000000000000000e+02,8.490000000000000000e+02,8.500000000000000000e+02,8.510000000000000000e+02,8.520000000000000000e+02,8.530000000000000000e+02,8.540000000000000000e+02,8.550000000000000000e+02,8.560000000000000000e+02,8.570000000000000000e+02,8.580000000000000000e+02,8.590000000000000000e+02,8.600000000000000000e+02,8.610000000000000000e+02,8.620000000000000000e+02,8.630000000000000000e+02,8.640000000000000000e+02,8.650000000000000000e+02,8.660000000000000000e+02,8.670000000000000000e+02,8.680000000000000000e+02,8.690000000000000000e+02,8.700000000000000000e+02,8.710000000000000000e+02,8.720000000000000000e+02,8.730000000000000000e+02,8.740000000000000000e+02,8.750000000000000000e+02,8.760000000000000000e+02,8.770000000000000000e+02,8.780000000000000000e+02,8.790000000000000000e+02,8.800000000000000000e+02,8.810000000000000000e+02,8.820000000000000000e+02,8.830000000000000000e+02,8.840000000000000000e+02,8.850000000000000000e+02,8.860000000000000000e+02,8.870000000000000000e+02,8.880000000000000000e+02,8.890000000000000000e+02,8.900000000000000000e+02,8.910000000000000000e+02,8.920000000000000000e+02,8.930000000000000000e+02,8.940000000000000000e+02,8.950000000000000000e+02,8.960000000000000000e+02,8.970000000000000000e+02,8.980000000000000000e+02,8.990000000000000000e+02,9.000000000000000000e+02,9.010000000000000000e+02,9.020000000000000000e+02,9.030000000000000000e+02,9.040000000000000000e+02,9.050000000000000000e+02,9.060000000000000000e+02,9.070000000000000000e+02,9.080000000000000000e+02,9.090000000000000000e+02,9.100000000000000000e+02,9.110000000000000000e+02,9.120000000000000000e+02,9.130000000000000000e+02,9.140000000000000000e+02,9.150000000000000000e+02,9.160000000000000000e+02,9.170000000000000000e+02,9.180000000000000000e+02,9.190000000000000000e+02,9.200000000000000000e+02,9.210000000000000000e+02,9.220000000000000000e+02,9.230000000000000000e+02,9.240000000000000000e+02,9.250000000000000000e+02,9.260000000000000000e+02,9.270000000000000000e+02,9.280000000000000000e+02,9.290000000000000000e+02,9.300000000000000000e+02,9.310000000000000000e+02,9.320000000000000000e+02,9.330000000000000000e+02,9.340000000000000000e+02,9.350000000000000000e+02,9.360000000000000000e+02,9.370000000000000000e+02,9.380000000000000000e+02,9.390000000000000000e+02,9.400000000000000000e+02,9.410000000000000000e+02,9.420000000000000000e+02,9.430000000000000000e+02,9.440000000000000000e+02,9.450000000000000000e+02,9.460000000000000000e+02,9.470000000000000000e+02,9.480000000000000000e+02,9.490000000000000000e+02,9.500000000000000000e+02,9.510000000000000000e+02,9.520000000000000000e+02,9.530000000000000000e+02,9.540000000000000000e+02,9.550000000000000000e+02,9.560000000000000000e+02,9.570000000000000000e+02,9.580000000000000000e+02,9.590000000000000000e+02,9.600000000000000000e+02,9.610000000000000000e+02,9.620000000000000000e+02,9.630000000000000000e+02,9.640000000000000000e+02,9.650000000000000000e+02,9.660000000000000000e+02,9.670000000000000000e+02,9.680000000000000000e+02,9.690000000000000000e+02,9.700000000000000000e+02,9.710000000000000000e+02,9.720000000000000000e+02,9.730000000000000000e+02,9.740000000000000000e+02,9.750000000000000000e+02,9.760000000000000000e+02,9.770000000000000000e+02,9.780000000000000000e+02,9.790000000000000000e+02,9.800000000000000000e+02,9.810000000000000000e+02,9.820000000000000000e+02,9.830000000000000000e+02,9.840000000000000000e+02,9.850000000000000000e+02,9.860000000000000000e+02,8.480000000000000000e+02,8.490000000000000000e+02,8.500000000000000000e+02,8.510000000000000000e+02,8.520000000000000000e+02,8.530000000000000000e+02,8.540000000000000000e+02,8.550000000000000000e+02,8.560000000000000000e+02,8.570000000000000000e+02,8.580000000000000000e+02,8.590000000000000000e+02,8.600000000000000000e+02,8.610000000000000000e+02,8.620000000000000000e+02,8.630000000000000000e+02,8.640000000000000000e+02,8.650000000000000000e+02,8.660000000000000000e+02,8.670000000000000000e+02,8.680000000000000000e+02,8.690000000000000000e+02,8.700000000000000000e+02,8.710000000000000000e+02,8.720000000000000000e+02,8.730000000000000000e+02,8.740000000000000000e+02,8.750000000000000000e+02,8.760000000000000000e+02,8.770000000000000000e+02,8.780000000000000000e+02,8.790000000000000000e+02,8.800000000000000000e+02,8.810000000000000000e+02,8.820000000000000000e+02,8.830000000000000000e+02,8.840000000000000000e+02,8.850000000000000000e+02,8.860000000000000000e+02,8.870000000000000000e+02,8.880000000000000000e+02,8.890000000000000000e+02,8.900000000000000000e+02,8.910000000000000000e+02,8.920000000000000000e+02,8.930000000000000000e+02,8.940000000000000000e+02,8.950000000000000000e+02,8.960000000000000000e+02,8.970000000000000000e+02,8.980000000000000000e+02,8.990000000000000000e+02,9.000000000000000000e+02,9.010000000000000000e+02,9.020000000000000000e+02,9.030000000000000000e+02,9.040000000000000000e+02,9.050000000000000000e+02,9.060000000000000000e+02,9.070000000000000000e+02,9.080000000000000000e+02,9.090000000000000000e+02,9.100000000000000000e+02,9.110000000000000000e+02,9.120000000000000000e+02,9.130000000000000000e+02,9.140000000000000000e+02,9.150000000000000000e+02,9.160000000000000000e+02,9.170000000000000000e+02,9.180000000000000000e+02,9.190000000000000000e+02,9.200000000000000000e+02,9.210000000000000000e+02,9.220000000000000000e+02,9.230000000000000000e+02,9.240000000000000000e+02,9.250000000000000000e+02,9.260000000000000000e+02,9.270000000000000000e+02,9.280000000000000000e+02,9.290000000000000000e+02,9.300000000000000000e+02,9.310000000000000000e+02,9.320000000000000000e+02,9.330000000000000000e+02,9.340000000000000000e+02,9.350000000000000000e+02,9.360000000000000000e+02,9.370000000000000000e+02,9.380000000000000000e+02,9.390000000000000000e+02,9.400000000000000000e+02,9.410000000000000000e+02,9.420000000000000000e+02,9.430000000000000000e+02,9.440000000000000000e+02,9.450000000000000000e+02,9.460000000000000000e+02,9.470000000000000000e+02,9.480000000000000000e+02,9.490000000000000000e+02,9.500000000000000000e+02,9.510000000000000000e+02,9.520000000000000000e+02,9.530000000000000000e+02,9.540000000000000000e+02,9.550000000000000000e+02,9.560000000000000000e+02,9.570000000000000000e+02,9.580000000000000000e+02,9.590000000000000000e+02,9.600000000000000000e+02,9.610000000000000000e+02,9.620000000000000000e+02,9.630000000000000000e+02,9.640000000000000000e+02,9.650000000000000000e+02,9.660000000000000000e+02,9.670000000000000000e+02,9.680000000000000000e+02,9.690000000000000000e+02,9.700000000000000000e+02,9.710000000000000000e+02,9.720000000000000000e+02,9.730000000000000000e+02,9.740000000000000000e+02,9.750000000000000000e+02,9.760000000000000000e+02,9.770000000000000000e+02,9.780000000000000000e+02,9.790000000000000000e+02,9.800000000000000000e+02,9.810000000000000000e+02,9.820000000000000000e+02,9.830000000000000000e+02,9.840000000000000000e+02,9.850000000000000000e+02,8.480000000000000000e+02,8.490000000000000000e+02,8.500000000000000000e+02,8.510000000000000000e+02,8.520000000000000000e+02,8.530000000000000000e+02,8.540000000000000000e+02,8.550000000000000000e+02,8.560000000000000000e+02,8.570000000000000000e+02,8.580000000000000000e+02,8.590000000000000000e+02,8.600000000000000000e+02,8.610000000000000000e+02,8.620000000000000000e+02,8.630000000000000000e+02,8.640000000000000000e+02,8.650000000000000000e+02,8.660000000000000000e+02,8.670000000000000000e+02,8.680000000000000000e+02,8.690000000000000000e+02,8.700000000000000000e+02,8.710000000000000000e+02,8.720000000000000000e+02,8.730000000000000000e+02,8.740000000000000000e+02,8.750000000000000000e+02,8.760000000000000000e+02,8.770000000000000000e+02,8.780000000000000000e+02,8.790000000000000000e+02,8.800000000000000000e+02,8.810000000000000000e+02,8.820000000000000000e+02,8.830000000000000000e+02,8.840000000000000000e+02,8.850000000000000000e+02,8.860000000000000000e+02,8.870000000000000000e+02,8.880000000000000000e+02,8.890000000000000000e+02,8.900000000000000000e+02,8.910000000000000000e+02,8.920000000000000000e+02,8.930000000000000000e+02,8.940000000000000000e+02,8.950000000000000000e+02,8.960000000000000000e+02,8.970000000000000000e+02,8.980000000000000000e+02,8.990000000000000000e+02,9.000000000000000000e+02,9.010000000000000000e+02,9.020000000000000000e+02,9.030000000000000000e+02,9.040000000000000000e+02,9.050000000000000000e+02,9.060000000000000000e+02,9.070000000000000000e+02,9.080000000000000000e+02,9.090000000000000000e+02,9.100000000000000000e+02,9.110000000000000000e+02,9.120000000000000000e+02,9.130000000000000000e+02,9.140000000000000000e+02,9.150000000000000000e+02,9.160000000000000000e+02,9.170000000000000000e+02,9.180000000000000000e+02,9.190000000000000000e+02,9.200000000000000000e+02,9.210000000000000000e+02,9.220000000000000000e+02,9.230000000000000000e+02,9.240000000000000000e+02,9.250000000000000000e+02,9.260000000000000000e+02,9.270000000000000000e+02,9.280000000000000000e+02,9.290000000000000000e+02,9.300000000000000000e+02,9.310000000000000000e+02,9.320000000000000000e+02,9.330000000000000000e+02,9.340000000000000000e+02,9.350000000000000000e+02,9.360000000000000000e+02,9.370000000000000000e+02,9.380000000000000000e+02,9.390000000000000000e+02,9.400000000000000000e+02,9.410000000000000000e+02,9.420000000000000000e+02,9.430000000000000000e+02,9.440000000000000000e+02,9.450000000000000000e+02,9.460000000000000000e+02,9.470000000000000000e+02,9.480000000000000000e+02,9.490000000000000000e+02,9.500000000000000000e+02,9.510000000000000000e+02,9.520000000000000000e+02,9.530000000000000000e+02,9.540000000000000000e+02,9.550000000000000000e+02,9.560000000000000000e+02,9.570000000000000000e+02,9.580000000000000000e+02,9.590000000000000000e+02,9.600000000000000000e+02,9.610000000000000000e+02,9.620000000000000000e+02,9.630000000000000000e+02,9.640000000000000000e+02,9.650000000000000000e+02,9.660000000000000000e+02,9.670000000000000000e+02,9.680000000000000000e+02,9.690000000000000000e+02,9.700000000000000000e+02,9.710000000000000000e+02,9.720000000000000000e+02,9.730000000000000000e+02,9.740000000000000000e+02,9.750000000000000000e+02,9.760000000000000000e+02,9.770000000000000000e+02,9.780000000000000000e+02,9.790000000000000000e+02,9.800000000000000000e+02,9.810000000000000000e+02,9.820000000000000000e+02,9.830000000000000000e+02,9.840000000000000000e+02,9.850000000000000000e+02,8.480000000000000000e+02,8.490000000000000000e+02,8.500000000000000000e+02,8.510000000000000000e+02,8.520000000000000000e+02,8.530000000000000000e+02,8.540000000000000000e+02,8.550000000000000000e+02,8.560000000000000000e+02,8.570000000000000000e+02,8.580000000000000000e+02,8.590000000000000000e+02,8.600000000000000000e+02,8.610000000000000000e+02,8.620000000000000000e+02,8.630000000000000000e+02,8.640000000000000000e+02,8.650000000000000000e+02,8.660000000000000000e+02,8.670000000000000000e+02,8.680000000000000000e+02,8.690000000000000000e+02,8.700000000000000000e+02,8.710000000000000000e+02,8.720000000000000000e+02,8.730000000000000000e+02,8.740000000000000000e+02,8.750000000000000000e+02,8.760000000000000000e+02,8.770000000000000000e+02,8.780000000000000000e+02,8.790000000000000000e+02,8.800000000000000000e+02,8.810000000000000000e+02,8.820000000000000000e+02,8.830000000000000000e+02,8.840000000000000000e+02,8.850000000000000000e+02,8.860000000000000000e+02,8.870000000000000000e+02,8.880000000000000000e+02,8.890000000000000000e+02,8.900000000000000000e+02,8.910000000000000000e+02,8.920000000000000000e+02,8.930000000000000000e+02,8.940000000000000000e+02,8.950000000000000000e+02,8.960000000000000000e+02,8.970000000000000000e+02,8.980000000000000000e+02,8.990000000000000000e+02,9.000000000000000000e+02,9.010000000000000000e+02,9.020000000000000000e+02,9.030000000000000000e+02,9.040000000000000000e+02,9.050000000000000000e+02,9.060000000000000000e+02,9.070000000000000000e+02,9.080000000000000000e+02,9.090000000000000000e+02,9.100000000000000000e+02,9.110000000000000000e+02,9.120000000000000000e+02,9.130000000000000000e+02,9.140000000000000000e+02,9.150000000000000000e+02,9.160000000000000000e+02,9.170000000000000000e+02,9.180000000000000000e+02,9.190000000000000000e+02,9.200000000000000000e+02,9.210000000000000000e+02,9.220000000000000000e+02,9.230000000000000000e+02,9.240000000000000000e+02,9.250000000000000000e+02,9.260000000000000000e+02,9.270000000000000000e+02,9.280000000000000000e+02,9.290000000000000000e+02,9.300000000000000000e+02,9.310000000000000000e+02,9.320000000000000000e+02,9.330000000000000000e+02,9.340000000000000000e+02,9.350000000000000000e+02,9.360000000000000000e+02,9.370000000000000000e+02,9.380000000000000000e+02,9.390000000000000000e+02,9.400000000000000000e+02,9.410000000000000000e+02,9.420000000000000000e+02,9.430000000000000000e+02,9.440000000000000000e+02,9.450000000000000000e+02,9.460000000000000000e+02,9.470000000000000000e+02,9.480000000000000000e+02,9.490000000000000000e+02,9.500000000000000000e+02,9.510000000000000000e+02,9.520000000000000000e+02,9.530000000000000000e+02,9.540000000000000000e+02,9.550000000000000000e+02,9.560000000000000000e+02,9.570000000000000000e+02,9.580000000000000000e+02,9.590000000000000000e+02,9.600000000000000000e+02,9.610000000000000000e+02,9.620000000000000000e+02,9.630000000000000000e+02,9.640000000000000000e+02,9.650000000000000000e+02,9.660000000000000000e+02,9.670000000000000000e+02,9.680000000000000000e+02,9.690000000000000000e+02,9.700000000000000000e+02,9.710000000000000000e+02,9.720000000000000000e+02,9.730000000000000000e+02,9.740000000000000000e+02,9.750000000000000000e+02,9.760000000000000000e+02,9.770000000000000000e+02,9.780000000000000000e+02,9.790000000000000000e+02,9.800000000000000000e+02,9.810000000000000000e+02,9.820000000000000000e+02,9.830000000000000000e+02,9.840000000000000000e+02,8.480000000000000000e+02,8.490000000000000000e+02,8.500000000000000000e+02,8.510000000000000000e+02,8.520000000000000000e+02,8.530000000000000000e+02,8.540000000000000000e+02,8.550000000000000000e+02,8.560000000000000000e+02,8.570000000000000000e+02,8.580000000000000000e+02,8.590000000000000000e+02,8.600000000000000000e+02,8.610000000000000000e+02,8.620000000000000000e+02,8.630000000000000000e+02,8.640000000000000000e+02,8.650000000000000000e+02,8.660000000000000000e+02,8.670000000000000000e+02,8.680000000000000000e+02,8.690000000000000000e+02,8.700000000000000000e+02,8.710000000000000000e+02,8.720000000000000000e+02,8.730000000000000000e+02,8.740000000000000000e+02,8.750000000000000000e+02,8.760000000000000000e+02,8.770000000000000000e+02,8.780000000000000000e+02,8.790000000000000000e+02,8.800000000000000000e+02,8.810000000000000000e+02,8.820000000000000000e+02,8.830000000000000000e+02,8.840000000000000000e+02,8.850000000000000000e+02,8.860000000000000000e+02,8.870000000000000000e+02,8.880000000000000000e+02,8.890000000000000000e+02,8.900000000000000000e+02,8.910000000000000000e+02,8.920000000000000000e+02,8.930000000000000000e+02,8.940000000000000000e+02,8.950000000000000000e+02,8.960000000000000000e+02,8.970000000000000000e+02,8.980000000000000000e+02,8.990000000000000000e+02,9.000000000000000000e+02,9.010000000000000000e+02,9.020000000000000000e+02,9.030000000000000000e+02,9.040000000000000000e+02,9.050000000000000000e+02,9.060000000000000000e+02,9.070000000000000000e+02,9.080000000000000000e+02,9.090000000000000000e+02,9.100000000000000000e+02,9.110000000000000000e+02,9.120000000000000000e+02,9.130000000000000000e+02,9.140000000000000000e+02,9.150000000000000000e+02,9.160000000000000000e+02,9.170000000000000000e+02,9.180000000000000000e+02,9.190000000000000000e+02,9.200000000000000000e+02,9.210000000000000000e+02,9.220000000000000000e+02,9.230000000000000000e+02,9.240000000000000000e+02,9.250000000000000000e+02,9.260000000000000000e+02,9.270000000000000000e+02,9.280000000000000000e+02,9.290000000000000000e+02,9.300000000000000000e+02,9.310000000000000000e+02,9.320000000000000000e+02,9.330000000000000000e+02,9.340000000000000000e+02,9.350000000000000000e+02,9.360000000000000000e+02,9.370000000000000000e+02,9.380000000000000000e+02,9.390000000000000000e+02,9.400000000000000000e+02,9.410000000000000000e+02,9.420000000000000000e+02,9.430000000000000000e+02,9.440000000000000000e+02,9.450000000000000000e+02,9.460000000000000000e+02,9.470000000000000000e+02,9.480000000000000000e+02,9.490000000000000000e+02,9.500000000000000000e+02,9.510000000000000000e+02,9.520000000000000000e+02,9.530000000000000000e+02,9.540000000000000000e+02,9.550000000000000000e+02,9.560000000000000000e+02,9.570000000000000000e+02,9.580000000000000000e+02,9.590000000000000000e+02,9.600000000000000000e+02,9.610000000000000000e+02,9.620000000000000000e+02,9.630000000000000000e+02,9.640000000000000000e+02,9.650000000000000000e+02,9.660000000000000000e+02,9.670000000000000000e+02,9.680000000000000000e+02,9.690000000000000000e+02,9.700000000000000000e+02,9.710000000000000000e+02,9.720000000000000000e+02,9.730000000000000000e+02,9.740000000000000000e+02,9.750000000000000000e+02,9.760000000000000000e+02,9.770000000000000000e+02,9.780000000000000000e+02,9.790000000000000000e+02,9.800000000000000000e+02,9.810000000000000000e+02,9.820000000000000000e+02,9.830000000000000000e+02,9.840000000000000000e+02,8.480000000000000000e+02,8.490000000000000000e+02,8.500000000000000000e+02,8.510000000000000000e+02,8.520000000000000000e+02,8.530000000000000000e+02,8.540000000000000000e+02,8.550000000000000000e+02,8.560000000000000000e+02,8.570000000000000000e+02,8.580000000000000000e+02,8.590000000000000000e+02,8.600000000000000000e+02,8.610000000000000000e+02,8.620000000000000000e+02,8.630000000000000000e+02,8.640000000000000000e+02,8.650000000000000000e+02,8.660000000000000000e+02,8.670000000000000000e+02,8.680000000000000000e+02,8.690000000000000000e+02,8.700000000000000000e+02,8.710000000000000000e+02,8.720000000000000000e+02,8.730000000000000000e+02,8.740000000000000000e+02,8.750000000000000000e+02,8.760000000000000000e+02,8.770000000000000000e+02,8.780000000000000000e+02,8.790000000000000000e+02,8.800000000000000000e+02,8.810000000000000000e+02,8.820000000000000000e+02,8.830000000000000000e+02,8.840000000000000000e+02,8.850000000000000000e+02,8.860000000000000000e+02,8.870000000000000000e+02,8.880000000000000000e+02,8.890000000000000000e+02,8.900000000000000000e+02,8.910000000000000000e+02,8.920000000000000000e+02,8.930000000000000000e+02,8.940000000000000000e+02,8.950000000000000000e+02,8.960000000000000000e+02,8.970000000000000000e+02,8.980000000000000000e+02,8.990000000000000000e+02,9.000000000000000000e+02,9.010000000000000000e+02,9.020000000000000000e+02,9.030000000000000000e+02,9.040000000000000000e+02,9.050000000000000000e+02,9.060000000000000000e+02,9.070000000000000000e+02,9.080000000000000000e+02,9.090000000000000000e+02,9.100000000000000000e+02,9.110000000000000000e+02,9.120000000000000000e+02,9.130000000000000000e+02,9.140000000000000000e+02,9.150000000000000000e+02,9.160000000000000000e+02,9.170000000000000000e+02,9.180000000000000000e+02,9.190000000000000000e+02,9.200000000000000000e+02,9.210000000000000000e+02,9.220000000000000000e+02,9.230000000000000000e+02,9.240000000000000000e+02,9.250000000000000000e+02,9.260000000000000000e+02,9.270000000000000000e+02,9.280000000000000000e+02,9.290000000000000000e+02,9.300000000000000000e+02,9.310000000000000000e+02,9.320000000000000000e+02,9.330000000000000000e+02,9.340000000000000000e+02,9.350000000000000000e+02,9.360000000000000000e+02,9.370000000000000000e+02,9.380000000000000000e+02,9.390000000000000000e+02,9.400000000000000000e+02,9.410000000000000000e+02,9.420000000000000000e+02,9.430000000000000000e+02,9.440000000000000000e+02,9.450000000000000000e+02,9.460000000000000000e+02,9.470000000000000000e+02,9.480000000000000000e+02,9.490000000000000000e+02,9.500000000000000000e+02,9.510000000000000000e+02,9.520000000000000000e+02,9.530000000000000000e+02,9.540000000000000000e+02,9.550000000000000000e+02,9.560000000000000000e+02,9.570000000000000000e+02,9.580000000000000000e+02,9.590000000000000000e+02,9.600000000000000000e+02,9.610000000000000000e+02,9.620000000000000000e+02,9.630000000000000000e+02,9.640000000000000000e+02,9.650000000000000000e+02,9.660000000000000000e+02,9.670000000000000000e+02,9.680000000000000000e+02,9.690000000000000000e+02,9.700000000000000000e+02,9.710000000000000000e+02,9.720000000000000000e+02,9.730000000000000000e+02,9.740000000000000000e+02,9.750000000000000000e+02,9.760000000000000000e+02,9.770000000000000000e+02,9.780000000000000000e+02,9.790000000000000000e+02,9.800000000000000000e+02,9.810000000000000000e+02,9.820000000000000000e+02,9.830000000000000000e+02,8.480000000000000000e+02,8.490000000000000000e+02,8.500000000000000000e+02,8.510000000000000000e+02,8.520000000000000000e+02,8.530000000000000000e+02,8.540000000000000000e+02,8.550000000000000000e+02,8.560000000000000000e+02,8.570000000000000000e+02,8.580000000000000000e+02,8.590000000000000000e+02,8.600000000000000000e+02,8.610000000000000000e+02,8.620000000000000000e+02,8.630000000000000000e+02,8.640000000000000000e+02,8.650000000000000000e+02,8.660000000000000000e+02,8.670000000000000000e+02,8.680000000000000000e+02,8.690000000000000000e+02,8.700000000000000000e+02,8.710000000000000000e+02,8.720000000000000000e+02,8.730000000000000000e+02,8.740000000000000000e+02,8.750000000000000000e+02,8.760000000000000000e+02,8.770000000000000000e+02,8.780000000000000000e+02,8.790000000000000000e+02,8.800000000000000000e+02,8.810000000000000000e+02,8.820000000000000000e+02,8.830000000000000000e+02,8.840000000000000000e+02,8.850000000000000000e+02,8.860000000000000000e+02,8.870000000000000000e+02,8.880000000000000000e+02,8.890000000000000000e+02,8.900000000000000000e+02,8.910000000000000000e+02,8.920000000000000000e+02,8.930000000000000000e+02,8.940000000000000000e+02,8.950000000000000000e+02,8.960000000000000000e+02,8.970000000000000000e+02,8.980000000000000000e+02,8.990000000000000000e+02,9.000000000000000000e+02,9.010000000000000000e+02,9.020000000000000000e+02,9.030000000000000000e+02,9.040000000000000000e+02,9.050000000000000000e+02,9.060000000000000000e+02,9.070000000000000000e+02,9.080000000000000000e+02,9.090000000000000000e+02,9.100000000000000000e+02,9.110000000000000000e+02,9.120000000000000000e+02,9.130000000000000000e+02,9.140000000000000000e+02,9.150000000000000000e+02,9.160000000000000000e+02,9.170000000000000000e+02,9.180000000000000000e+02,9.190000000000000000e+02,9.200000000000000000e+02,9.210000000000000000e+02,9.220000000000000000e+02,9.230000000000000000e+02,9.240000000000000000e+02,9.250000000000000000e+02,9.260000000000000000e+02,9.270000000000000000e+02,9.280000000000000000e+02,9.290000000000000000e+02,9.300000000000000000e+02,9.310000000000000000e+02,9.320000000000000000e+02,9.330000000000000000e+02,9.340000000000000000e+02,9.350000000000000000e+02,9.360000000000000000e+02,9.370000000000000000e+02,9.380000000000000000e+02,9.390000000000000000e+02,9.400000000000000000e+02,9.410000000000000000e+02,9.420000000000000000e+02,9.430000000000000000e+02,9.440000000000000000e+02,9.450000000000000000e+02,9.460000000000000000e+02,9.470000000000000000e+02,9.480000000000000000e+02,9.490000000000000000e+02,9.500000000000000000e+02,9.510000000000000000e+02,9.520000000000000000e+02,9.530000000000000000e+02,9.540000000000000000e+02,9.550000000000000000e+02,9.560000000000000000e+02,9.570000000000000000e+02,9.580000000000000000e+02,9.590000000000000000e+02,9.600000000000000000e+02,9.610000000000000000e+02,9.620000000000000000e+02,9.630000000000000000e+02,9.640000000000000000e+02,9.650000000000000000e+02,9.660000000000000000e+02,9.670000000000000000e+02,9.680000000000000000e+02,9.690000000000000000e+02,9.700000000000000000e+02,9.710000000000000000e+02,9.720000000000000000e+02,9.730000000000000000e+02,9.740000000000000000e+02,9.750000000000000000e+02,9.760000000000000000e+02,9.770000000000000000e+02,9.780000000000000000e+02,9.790000000000000000e+02,9.800000000000000000e+02,9.810000000000000000e+02,9.820000000000000000e+02,9.830000000000000000e+02,8.480000000000000000e+02,8.490000000000000000e+02,8.500000000000000000e+02,8.510000000000000000e+02,8.520000000000000000e+02,8.530000000000000000e+02,8.540000000000000000e+02,8.550000000000000000e+02,8.560000000000000000e+02,8.570000000000000000e+02,8.580000000000000000e+02,8.590000000000000000e+02,8.600000000000000000e+02,8.610000000000000000e+02,8.620000000000000000e+02,8.630000000000000000e+02,8.640000000000000000e+02,8.650000000000000000e+02,8.660000000000000000e+02,8.670000000000000000e+02,8.680000000000000000e+02,8.690000000000000000e+02,8.700000000000000000e+02,8.710000000000000000e+02,8.720000000000000000e+02,8.730000000000000000e+02,8.740000000000000000e+02,8.750000000000000000e+02,8.760000000000000000e+02,8.770000000000000000e+02,8.780000000000000000e+02,8.790000000000000000e+02,8.800000000000000000e+02,8.810000000000000000e+02,8.820000000000000000e+02,8.830000000000000000e+02,8.840000000000000000e+02,8.850000000000000000e+02,8.860000000000000000e+02,8.870000000000000000e+02,8.880000000000000000e+02,8.890000000000000000e+02,8.900000000000000000e+02,8.910000000000000000e+02,8.920000000000000000e+02,8.930000000000000000e+02,8.940000000000000000e+02,8.950000000000000000e+02,8.960000000000000000e+02,8.970000000000000000e+02,8.980000000000000000e+02,8.990000000000000000e+02,9.000000000000000000e+02,9.010000000000000000e+02,9.020000000000000000e+02,9.030000000000000000e+02,9.040000000000000000e+02,9.050000000000000000e+02,9.060000000000000000e+02,9.070000000000000000e+02,9.080000000000000000e+02,9.090000000000000000e+02,9.100000000000000000e+02,9.110000000000000000e+02,9.120000000000000000e+02,9.130000000000000000e+02,9.140000000000000000e+02,9.150000000000000000e+02,9.160000000000000000e+02,9.170000000000000000e+02,9.180000000000000000e+02,9.190000000000000000e+02,9.200000000000000000e+02,9.210000000000000000e+02,9.220000000000000000e+02,9.230000000000000000e+02,9.240000000000000000e+02,9.250000000000000000e+02,9.260000000000000000e+02,9.270000000000000000e+02,9.280000000000000000e+02,9.290000000000000000e+02,9.300000000000000000e+02,9.310000000000000000e+02,9.320000000000000000e+02,9.330000000000000000e+02,9.340000000000000000e+02,9.350000000000000000e+02,9.360000000000000000e+02,9.370000000000000000e+02,9.380000000000000000e+02,9.390000000000000000e+02,9.400000000000000000e+02,9.410000000000000000e+02,9.420000000000000000e+02,9.430000000000000000e+02,9.440000000000000000e+02,9.450000000000000000e+02,9.460000000000000000e+02,9.470000000000000000e+02,9.480000000000000000e+02,9.490000000000000000e+02,9.500000000000000000e+02,9.510000000000000000e+02,9.520000000000000000e+02,9.530000000000000000e+02,9.540000000000000000e+02,9.550000000000000000e+02,9.560000000000000000e+02,9.570000000000000000e+02,9.580000000000000000e+02,9.590000000000000000e+02,9.600000000000000000e+02,9.610000000000000000e+02,9.620000000000000000e+02,9.630000000000000000e+02,9.640000000000000000e+02,9.650000000000000000e+02,9.660000000000000000e+02,9.670000000000000000e+02,9.680000000000000000e+02,9.690000000000000000e+02,9.700000000000000000e+02,9.710000000000000000e+02,9.720000000000000000e+02,9.730000000000000000e+02,9.740000000000000000e+02,9.750000000000000000e+02,9.760000000000000000e+02,9.770000000000000000e+02,9.780000000000000000e+02,9.790000000000000000e+02,9.800000000000000000e+02,9.810000000000000000e+02,9.820000000000000000e+02,9.830000000000000000e+02,8.480000000000000000e+02,8.490000000000000000e+02,8.500000000000000000e+02,8.510000000000000000e+02,8.520000000000000000e+02,8.530000000000000000e+02,8.540000000000000000e+02,8.550000000000000000e+02,8.560000000000000000e+02,8.570000000000000000e+02,8.580000000000000000e+02,8.590000000000000000e+02,8.600000000000000000e+02,8.610000000000000000e+02,8.620000000000000000e+02,8.630000000000000000e+02,8.640000000000000000e+02,8.650000000000000000e+02,8.660000000000000000e+02,8.670000000000000000e+02,8.680000000000000000e+02,8.690000000000000000e+02,8.700000000000000000e+02,8.710000000000000000e+02,8.720000000000000000e+02,8.730000000000000000e+02,8.740000000000000000e+02,8.750000000000000000e+02,8.760000000000000000e+02,8.770000000000000000e+02,8.780000000000000000e+02,8.790000000000000000e+02,8.800000000000000000e+02,8.810000000000000000e+02,8.820000000000000000e+02,8.830000000000000000e+02,8.840000000000000000e+02,8.850000000000000000e+02,8.860000000000000000e+02,8.870000000000000000e+02,8.880000000000000000e+02,8.890000000000000000e+02,8.900000000000000000e+02,8.910000000000000000e+02,8.920000000000000000e+02,8.930000000000000000e+02,8.940000000000000000e+02,8.950000000000000000e+02,8.960000000000000000e+02,8.970000000000000000e+02,8.980000000000000000e+02,8.990000000000000000e+02,9.000000000000000000e+02,9.010000000000000000e+02,9.020000000000000000e+02,9.030000000000000000e+02,9.040000000000000000e+02,9.050000000000000000e+02,9.060000000000000000e+02,9.070000000000000000e+02,9.080000000000000000e+02,9.090000000000000000e+02,9.100000000000000000e+02,9.110000000000000000e+02,9.120000000000000000e+02,9.130000000000000000e+02,9.140000000000000000e+02,9.150000000000000000e+02,9.160000000000000000e+02,9.170000000000000000e+02,9.180000000000000000e+02,9.190000000000000000e+02,9.200000000000000000e+02,9.210000000000000000e+02,9.220000000000000000e+02,9.230000000000000000e+02,9.240000000000000000e+02,9.250000000000000000e+02,9.260000000000000000e+02,9.270000000000000000e+02,9.280000000000000000e+02,9.290000000000000000e+02,9.300000000000000000e+02,9.310000000000000000e+02,9.320000000000000000e+02,9.330000000000000000e+02,9.340000000000000000e+02,9.350000000000000000e+02,9.360000000000000000e+02,9.370000000000000000e+02,9.380000000000000000e+02,9.390000000000000000e+02,9.400000000000000000e+02,9.410000000000000000e+02,9.420000000000000000e+02,9.430000000000000000e+02,9.440000000000000000e+02,9.450000000000000000e+02,9.460000000000000000e+02,9.470000000000000000e+02,9.480000000000000000e+02,9.490000000000000000e+02,9.500000000000000000e+02,9.510000000000000000e+02,9.520000000000000000e+02,9.530000000000000000e+02,9.540000000000000000e+02,9.550000000000000000e+02,9.560000000000000000e+02,9.570000000000000000e+02,9.580000000000000000e+02,9.590000000000000000e+02,9.600000000000000000e+02,9.610000000000000000e+02,9.620000000000000000e+02,9.630000000000000000e+02,9.640000000000000000e+02,9.650000000000000000e+02,9.660000000000000000e+02,9.670000000000000000e+02,9.680000000000000000e+02,9.690000000000000000e+02,9.700000000000000000e+02,9.710000000000000000e+02,9.720000000000000000e+02,9.730000000000000000e+02,9.740000000000000000e+02,9.750000000000000000e+02,9.760000000000000000e+02,9.770000000000000000e+02,9.780000000000000000e+02,9.790000000000000000e+02,9.800000000000000000e+02,9.810000000000000000e+02,9.820000000000000000e+02,8.480000000000000000e+02,8.490000000000000000e+02,8.500000000000000000e+02,8.510000000000000000e+02,8.520000000000000000e+02,8.530000000000000000e+02,8.540000000000000000e+02,8.550000000000000000e+02,8.560000000000000000e+02,8.570000000000000000e+02,8.580000000000000000e+02,8.590000000000000000e+02,8.600000000000000000e+02,8.610000000000000000e+02,8.620000000000000000e+02,8.630000000000000000e+02,8.640000000000000000e+02,8.650000000000000000e+02,8.660000000000000000e+02,8.670000000000000000e+02,8.680000000000000000e+02,8.690000000000000000e+02,8.700000000000000000e+02,8.710000000000000000e+02,8.720000000000000000e+02,8.730000000000000000e+02,8.740000000000000000e+02,8.750000000000000000e+02,8.760000000000000000e+02,8.770000000000000000e+02,8.780000000000000000e+02,8.790000000000000000e+02,8.800000000000000000e+02,8.810000000000000000e+02,8.820000000000000000e+02,8.830000000000000000e+02,8.840000000000000000e+02,8.850000000000000000e+02,8.860000000000000000e+02,8.870000000000000000e+02,8.880000000000000000e+02,8.890000000000000000e+02,8.900000000000000000e+02,8.910000000000000000e+02,8.920000000000000000e+02,8.930000000000000000e+02,8.940000000000000000e+02,8.950000000000000000e+02,8.960000000000000000e+02,8.970000000000000000e+02,8.980000000000000000e+02,8.990000000000000000e+02,9.000000000000000000e+02,9.010000000000000000e+02,9.020000000000000000e+02,9.030000000000000000e+02,9.040000000000000000e+02,9.050000000000000000e+02,9.060000000000000000e+02,9.070000000000000000e+02,9.080000000000000000e+02,9.090000000000000000e+02,9.100000000000000000e+02,9.110000000000000000e+02,9.120000000000000000e+02,9.130000000000000000e+02,9.140000000000000000e+02,9.150000000000000000e+02,9.160000000000000000e+02,9.170000000000000000e+02,9.180000000000000000e+02,9.190000000000000000e+02,9.200000000000000000e+02,9.210000000000000000e+02,9.220000000000000000e+02,9.230000000000000000e+02,9.240000000000000000e+02,9.250000000000000000e+02,9.260000000000000000e+02,9.270000000000000000e+02,9.280000000000000000e+02,9.290000000000000000e+02,9.300000000000000000e+02,9.310000000000000000e+02,9.320000000000000000e+02,9.330000000000000000e+02,9.340000000000000000e+02,9.350000000000000000e+02,9.360000000000000000e+02,9.370000000000000000e+02,9.380000000000000000e+02,9.390000000000000000e+02,9.400000000000000000e+02,9.410000000000000000e+02,9.420000000000000000e+02,9.430000000000000000e+02,9.440000000000000000e+02,9.450000000000000000e+02,9.460000000000000000e+02,9.470000000000000000e+02,9.480000000000000000e+02,9.490000000000000000e+02,9.500000000000000000e+02,9.510000000000000000e+02,9.520000000000000000e+02,9.530000000000000000e+02,9.540000000000000000e+02,9.550000000000000000e+02,9.560000000000000000e+02,9.570000000000000000e+02,9.580000000000000000e+02,9.590000000000000000e+02,9.600000000000000000e+02,9.610000000000000000e+02,9.620000000000000000e+02,9.630000000000000000e+02,9.640000000000000000e+02,9.650000000000000000e+02,9.660000000000000000e+02,9.670000000000000000e+02,9.680000000000000000e+02,9.690000000000000000e+02,9.700000000000000000e+02,9.710000000000000000e+02,9.720000000000000000e+02,9.730000000000000000e+02,9.740000000000000000e+02,9.750000000000000000e+02,9.760000000000000000e+02,9.770000000000000000e+02,9.780000000000000000e+02,9.790000000000000000e+02,9.800000000000000000e+02,9.810000000000000000e+02,9.820000000000000000e+02,8.480000000000000000e+02,8.490000000000000000e+02,8.500000000000000000e+02,8.510000000000000000e+02,8.520000000000000000e+02,8.530000000000000000e+02,8.540000000000000000e+02,8.550000000000000000e+02,8.560000000000000000e+02,8.570000000000000000e+02,8.580000000000000000e+02,8.590000000000000000e+02,8.600000000000000000e+02,8.610000000000000000e+02,8.620000000000000000e+02,8.630000000000000000e+02,8.640000000000000000e+02,8.650000000000000000e+02,8.660000000000000000e+02,8.670000000000000000e+02,8.680000000000000000e+02,8.690000000000000000e+02,8.700000000000000000e+02,8.710000000000000000e+02,8.720000000000000000e+02,8.730000000000000000e+02,8.740000000000000000e+02,8.750000000000000000e+02,8.760000000000000000e+02,8.770000000000000000e+02,8.780000000000000000e+02,8.790000000000000000e+02,8.800000000000000000e+02,8.810000000000000000e+02,8.820000000000000000e+02,8.830000000000000000e+02,8.840000000000000000e+02,8.850000000000000000e+02,8.860000000000000000e+02,8.870000000000000000e+02,8.880000000000000000e+02,8.890000000000000000e+02,8.900000000000000000e+02,8.910000000000000000e+02,8.920000000000000000e+02,8.930000000000000000e+02,8.940000000000000000e+02,8.950000000000000000e+02,8.960000000000000000e+02,8.970000000000000000e+02,8.980000000000000000e+02,8.990000000000000000e+02,9.000000000000000000e+02,9.010000000000000000e+02,9.020000000000000000e+02,9.030000000000000000e+02,9.040000000000000000e+02,9.050000000000000000e+02,9.060000000000000000e+02,9.070000000000000000e+02,9.080000000000000000e+02,9.090000000000000000e+02,9.100000000000000000e+02,9.110000000000000000e+02,9.120000000000000000e+02,9.130000000000000000e+02,9.140000000000000000e+02,9.150000000000000000e+02,9.160000000000000000e+02,9.170000000000000000e+02,9.180000000000000000e+02,9.190000000000000000e+02,9.200000000000000000e+02,9.210000000000000000e+02,9.220000000000000000e+02,9.230000000000000000e+02,9.240000000000000000e+02,9.250000000000000000e+02,9.260000000000000000e+02,9.270000000000000000e+02,9.280000000000000000e+02,9.290000000000000000e+02,9.300000000000000000e+02,9.310000000000000000e+02,9.320000000000000000e+02,9.330000000000000000e+02,9.340000000000000000e+02,9.350000000000000000e+02,9.360000000000000000e+02,9.370000000000000000e+02,9.380000000000000000e+02,9.390000000000000000e+02,9.400000000000000000e+02,9.410000000000000000e+02,9.420000000000000000e+02,9.430000000000000000e+02,9.440000000000000000e+02,9.450000000000000000e+02,9.460000000000000000e+02,9.470000000000000000e+02,9.480000000000000000e+02,9.490000000000000000e+02,9.500000000000000000e+02,9.510000000000000000e+02,9.520000000000000000e+02,9.530000000000000000e+02,9.540000000000000000e+02,9.550000000000000000e+02,9.560000000000000000e+02,9.570000000000000000e+02,9.580000000000000000e+02,9.590000000000000000e+02,9.600000000000000000e+02,9.610000000000000000e+02,9.620000000000000000e+02,9.630000000000000000e+02,9.640000000000000000e+02,9.650000000000000000e+02,9.660000000000000000e+02,9.670000000000000000e+02,9.680000000000000000e+02,9.690000000000000000e+02,9.700000000000000000e+02,9.710000000000000000e+02,9.720000000000000000e+02,9.730000000000000000e+02,9.740000000000000000e+02,9.750000000000000000e+02,9.760000000000000000e+02,9.770000000000000000e+02,9.780000000000000000e+02,9.790000000000000000e+02,9.800000000000000000e+02,9.810000000000000000e+02,8.480000000000000000e+02,8.490000000000000000e+02,8.500000000000000000e+02,8.510000000000000000e+02,8.520000000000000000e+02,8.530000000000000000e+02,8.540000000000000000e+02,8.550000000000000000e+02,8.560000000000000000e+02,8.570000000000000000e+02,8.580000000000000000e+02,8.590000000000000000e+02,8.600000000000000000e+02,8.610000000000000000e+02,8.620000000000000000e+02,8.630000000000000000e+02,8.640000000000000000e+02,8.650000000000000000e+02,8.660000000000000000e+02,8.670000000000000000e+02,8.680000000000000000e+02,8.690000000000000000e+02,8.700000000000000000e+02,8.710000000000000000e+02,8.720000000000000000e+02,8.730000000000000000e+02,8.740000000000000000e+02,8.750000000000000000e+02,8.760000000000000000e+02,8.770000000000000000e+02,8.780000000000000000e+02,8.790000000000000000e+02,8.800000000000000000e+02,8.810000000000000000e+02,8.820000000000000000e+02,8.830000000000000000e+02,8.840000000000000000e+02,8.850000000000000000e+02,8.860000000000000000e+02,8.870000000000000000e+02,8.880000000000000000e+02,8.890000000000000000e+02,8.900000000000000000e+02,8.910000000000000000e+02,8.920000000000000000e+02,8.930000000000000000e+02,8.940000000000000000e+02,8.950000000000000000e+02,8.960000000000000000e+02,8.970000000000000000e+02,8.980000000000000000e+02,8.990000000000000000e+02,9.000000000000000000e+02,9.010000000000000000e+02,9.020000000000000000e+02,9.030000000000000000e+02,9.040000000000000000e+02,9.050000000000000000e+02,9.060000000000000000e+02,9.070000000000000000e+02,9.080000000000000000e+02,9.090000000000000000e+02,9.100000000000000000e+02,9.110000000000000000e+02,9.120000000000000000e+02,9.130000000000000000e+02,9.140000000000000000e+02,9.150000000000000000e+02,9.160000000000000000e+02,9.170000000000000000e+02,9.180000000000000000e+02,9.190000000000000000e+02,9.200000000000000000e+02,9.210000000000000000e+02,9.220000000000000000e+02,9.230000000000000000e+02,9.240000000000000000e+02,9.250000000000000000e+02,9.260000000000000000e+02,9.270000000000000000e+02,9.280000000000000000e+02,9.290000000000000000e+02,9.300000000000000000e+02,9.310000000000000000e+02,9.320000000000000000e+02,9.330000000000000000e+02,9.340000000000000000e+02,9.350000000000000000e+02,9.360000000000000000e+02,9.370000000000000000e+02,9.380000000000000000e+02,9.390000000000000000e+02,9.400000000000000000e+02,9.410000000000000000e+02,9.420000000000000000e+02,9.430000000000000000e+02,9.440000000000000000e+02,9.450000000000000000e+02,9.460000000000000000e+02,9.470000000000000000e+02,9.480000000000000000e+02,9.490000000000000000e+02,9.500000000000000000e+02,9.510000000000000000e+02,9.520000000000000000e+02,9.530000000000000000e+02,9.540000000000000000e+02,9.550000000000000000e+02,9.560000000000000000e+02,9.570000000000000000e+02,9.580000000000000000e+02,9.590000000000000000e+02,9.600000000000000000e+02,9.610000000000000000e+02,9.620000000000000000e+02,9.630000000000000000e+02,9.640000000000000000e+02,9.650000000000000000e+02,9.660000000000000000e+02,9.670000000000000000e+02,9.680000000000000000e+02,9.690000000000000000e+02,9.700000000000000000e+02,9.710000000000000000e+02,9.720000000000000000e+02,9.730000000000000000e+02,9.740000000000000000e+02,9.750000000000000000e+02,9.760000000000000000e+02,9.770000000000000000e+02,9.780000000000000000e+02,9.790000000000000000e+02,9.800000000000000000e+02,9.810000000000000000e+02,8.480000000000000000e+02,8.490000000000000000e+02,8.500000000000000000e+02,8.510000000000000000e+02,8.520000000000000000e+02,8.530000000000000000e+02,8.540000000000000000e+02,8.550000000000000000e+02,8.560000000000000000e+02,8.570000000000000000e+02,8.580000000000000000e+02,8.590000000000000000e+02,8.600000000000000000e+02,8.610000000000000000e+02,8.620000000000000000e+02,8.630000000000000000e+02,8.640000000000000000e+02,8.650000000000000000e+02,8.660000000000000000e+02,8.670000000000000000e+02,8.680000000000000000e+02,8.690000000000000000e+02,8.700000000000000000e+02,8.710000000000000000e+02,8.720000000000000000e+02,8.730000000000000000e+02,8.740000000000000000e+02,8.750000000000000000e+02,8.760000000000000000e+02,8.770000000000000000e+02,8.780000000000000000e+02,8.790000000000000000e+02,8.800000000000000000e+02,8.810000000000000000e+02,8.820000000000000000e+02,8.830000000000000000e+02,8.840000000000000000e+02,8.850000000000000000e+02,8.860000000000000000e+02,8.870000000000000000e+02,8.880000000000000000e+02,8.890000000000000000e+02,8.900000000000000000e+02,8.910000000000000000e+02,8.920000000000000000e+02,8.930000000000000000e+02,8.940000000000000000e+02,8.950000000000000000e+02,8.960000000000000000e+02,8.970000000000000000e+02,8.980000000000000000e+02,8.990000000000000000e+02,9.000000000000000000e+02,9.010000000000000000e+02,9.020000000000000000e+02,9.030000000000000000e+02,9.040000000000000000e+02,9.050000000000000000e+02,9.060000000000000000e+02,9.070000000000000000e+02,9.080000000000000000e+02,9.090000000000000000e+02,9.100000000000000000e+02,9.110000000000000000e+02,9.120000000000000000e+02,9.130000000000000000e+02,9.140000000000000000e+02,9.150000000000000000e+02,9.160000000000000000e+02,9.170000000000000000e+02,9.180000000000000000e+02,9.190000000000000000e+02,9.200000000000000000e+02,9.210000000000000000e+02,9.220000000000000000e+02,9.230000000000000000e+02,9.240000000000000000e+02,9.250000000000000000e+02,9.260000000000000000e+02,9.270000000000000000e+02,9.280000000000000000e+02,9.290000000000000000e+02,9.300000000000000000e+02,9.310000000000000000e+02,9.320000000000000000e+02,9.330000000000000000e+02,9.340000000000000000e+02,9.350000000000000000e+02,9.360000000000000000e+02,9.370000000000000000e+02,9.380000000000000000e+02,9.390000000000000000e+02,9.400000000000000000e+02,9.410000000000000000e+02,9.420000000000000000e+02,9.430000000000000000e+02,9.440000000000000000e+02,9.450000000000000000e+02,9.460000000000000000e+02,9.470000000000000000e+02,9.480000000000000000e+02,9.490000000000000000e+02,9.500000000000000000e+02,9.510000000000000000e+02,9.520000000000000000e+02,9.530000000000000000e+02,9.540000000000000000e+02,9.550000000000000000e+02,9.560000000000000000e+02,9.570000000000000000e+02,9.580000000000000000e+02,9.590000000000000000e+02,9.600000000000000000e+02,9.610000000000000000e+02,9.620000000000000000e+02,9.630000000000000000e+02,9.640000000000000000e+02,9.650000000000000000e+02,9.660000000000000000e+02,9.670000000000000000e+02,9.680000000000000000e+02,9.690000000000000000e+02,9.700000000000000000e+02,9.710000000000000000e+02,9.720000000000000000e+02,9.730000000000000000e+02,9.740000000000000000e+02,9.750000000000000000e+02,9.760000000000000000e+02,9.770000000000000000e+02,9.780000000000000000e+02,9.790000000000000000e+02,9.800000000000000000e+02,8.480000000000000000e+02,8.490000000000000000e+02,8.500000000000000000e+02,8.510000000000000000e+02,8.520000000000000000e+02,8.530000000000000000e+02,8.540000000000000000e+02,8.550000000000000000e+02,8.560000000000000000e+02,8.570000000000000000e+02,8.580000000000000000e+02,8.590000000000000000e+02,8.600000000000000000e+02,8.610000000000000000e+02,8.620000000000000000e+02,8.630000000000000000e+02,8.640000000000000000e+02,8.650000000000000000e+02,8.660000000000000000e+02,8.670000000000000000e+02,8.680000000000000000e+02,8.690000000000000000e+02,8.700000000000000000e+02,8.710000000000000000e+02,8.720000000000000000e+02,8.730000000000000000e+02,8.740000000000000000e+02,8.750000000000000000e+02,8.760000000000000000e+02,8.770000000000000000e+02,8.780000000000000000e+02,8.790000000000000000e+02,8.800000000000000000e+02,8.810000000000000000e+02,8.820000000000000000e+02,8.830000000000000000e+02,8.840000000000000000e+02,8.850000000000000000e+02,8.860000000000000000e+02,8.870000000000000000e+02,8.880000000000000000e+02,8.890000000000000000e+02,8.900000000000000000e+02,8.910000000000000000e+02,8.920000000000000000e+02,8.930000000000000000e+02,8.940000000000000000e+02,8.950000000000000000e+02,8.960000000000000000e+02,8.970000000000000000e+02,8.980000000000000000e+02,8.990000000000000000e+02,9.000000000000000000e+02,9.010000000000000000e+02,9.020000000000000000e+02,9.030000000000000000e+02,9.040000000000000000e+02,9.050000000000000000e+02,9.060000000000000000e+02,9.070000000000000000e+02,9.080000000000000000e+02,9.090000000000000000e+02,9.100000000000000000e+02,9.110000000000000000e+02,9.120000000000000000e+02,9.130000000000000000e+02,9.140000000000000000e+02,9.150000000000000000e+02,9.160000000000000000e+02,9.170000000000000000e+02,9.180000000000000000e+02,9.190000000000000000e+02,9.200000000000000000e+02,9.210000000000000000e+02,9.220000000000000000e+02,9.230000000000000000e+02,9.240000000000000000e+02,9.250000000000000000e+02,9.260000000000000000e+02,9.270000000000000000e+02,9.280000000000000000e+02,9.290000000000000000e+02,9.300000000000000000e+02,9.310000000000000000e+02,9.320000000000000000e+02,9.330000000000000000e+02,9.340000000000000000e+02,9.350000000000000000e+02,9.360000000000000000e+02,9.370000000000000000e+02,9.380000000000000000e+02,9.390000000000000000e+02,9.400000000000000000e+02,9.410000000000000000e+02,9.420000000000000000e+02,9.430000000000000000e+02,9.440000000000000000e+02,9.450000000000000000e+02,9.460000000000000000e+02,9.470000000000000000e+02,9.480000000000000000e+02,9.490000000000000000e+02,9.500000000000000000e+02,9.510000000000000000e+02,9.520000000000000000e+02,9.530000000000000000e+02,9.540000000000000000e+02,9.550000000000000000e+02,9.560000000000000000e+02,9.570000000000000000e+02,9.580000000000000000e+02,9.590000000000000000e+02,9.600000000000000000e+02,9.610000000000000000e+02,9.620000000000000000e+02,9.630000000000000000e+02,9.640000000000000000e+02,9.650000000000000000e+02,9.660000000000000000e+02,9.670000000000000000e+02,9.680000000000000000e+02,9.690000000000000000e+02,9.700000000000000000e+02,9.710000000000000000e+02,9.720000000000000000e+02,9.730000000000000000e+02,9.740000000000000000e+02,9.750000000000000000e+02,9.760000000000000000e+02,9.770000000000000000e+02,9.780000000000000000e+02,9.790000000000000000e+02,8.480000000000000000e+02,8.490000000000000000e+02,8.500000000000000000e+02,8.510000000000000000e+02,8.520000000000000000e+02,8.530000000000000000e+02,8.540000000000000000e+02,8.550000000000000000e+02,8.560000000000000000e+02,8.570000000000000000e+02,8.580000000000000000e+02,8.590000000000000000e+02,8.600000000000000000e+02,8.610000000000000000e+02,8.620000000000000000e+02,8.630000000000000000e+02,8.640000000000000000e+02,8.650000000000000000e+02,8.660000000000000000e+02,8.670000000000000000e+02,8.680000000000000000e+02,8.690000000000000000e+02,8.700000000000000000e+02,8.710000000000000000e+02,8.720000000000000000e+02,8.730000000000000000e+02,8.740000000000000000e+02,8.750000000000000000e+02,8.760000000000000000e+02,8.770000000000000000e+02,8.780000000000000000e+02,8.790000000000000000e+02,8.800000000000000000e+02,8.810000000000000000e+02,8.820000000000000000e+02,8.830000000000000000e+02,8.840000000000000000e+02,8.850000000000000000e+02,8.860000000000000000e+02,8.870000000000000000e+02,8.880000000000000000e+02,8.890000000000000000e+02,8.900000000000000000e+02,8.910000000000000000e+02,8.920000000000000000e+02,8.930000000000000000e+02,8.940000000000000000e+02,8.950000000000000000e+02,8.960000000000000000e+02,8.970000000000000000e+02,8.980000000000000000e+02,8.990000000000000000e+02,9.000000000000000000e+02,9.010000000000000000e+02,9.020000000000000000e+02,9.030000000000000000e+02,9.040000000000000000e+02,9.050000000000000000e+02,9.060000000000000000e+02,9.070000000000000000e+02,9.080000000000000000e+02,9.090000000000000000e+02,9.100000000000000000e+02,9.110000000000000000e+02,9.120000000000000000e+02,9.130000000000000000e+02,9.140000000000000000e+02,9.150000000000000000e+02,9.160000000000000000e+02,9.170000000000000000e+02,9.180000000000000000e+02,9.190000000000000000e+02,9.200000000000000000e+02,9.210000000000000000e+02,9.220000000000000000e+02,9.230000000000000000e+02,9.240000000000000000e+02,9.250000000000000000e+02,9.260000000000000000e+02,9.270000000000000000e+02,9.280000000000000000e+02,9.290000000000000000e+02,9.300000000000000000e+02,9.310000000000000000e+02,9.320000000000000000e+02,9.330000000000000000e+02,9.340000000000000000e+02,9.350000000000000000e+02,9.360000000000000000e+02,9.370000000000000000e+02,9.380000000000000000e+02,9.390000000000000000e+02,9.400000000000000000e+02,9.410000000000000000e+02,9.420000000000000000e+02,9.430000000000000000e+02,9.440000000000000000e+02,9.450000000000000000e+02,9.460000000000000000e+02,9.470000000000000000e+02,9.480000000000000000e+02,9.490000000000000000e+02,9.500000000000000000e+02,9.510000000000000000e+02,9.520000000000000000e+02,9.530000000000000000e+02,9.540000000000000000e+02,9.550000000000000000e+02,9.560000000000000000e+02,9.570000000000000000e+02,9.580000000000000000e+02,9.590000000000000000e+02,9.600000000000000000e+02,9.610000000000000000e+02,9.620000000000000000e+02,9.630000000000000000e+02,9.640000000000000000e+02,9.650000000000000000e+02,9.660000000000000000e+02,9.670000000000000000e+02,9.680000000000000000e+02,9.690000000000000000e+02,9.700000000000000000e+02,9.710000000000000000e+02,9.720000000000000000e+02,9.730000000000000000e+02,9.740000000000000000e+02,9.750000000000000000e+02,9.760000000000000000e+02,9.770000000000000000e+02,9.780000000000000000e+02,9.790000000000000000e+02,8.480000000000000000e+02,8.490000000000000000e+02,8.500000000000000000e+02,8.510000000000000000e+02,8.520000000000000000e+02,8.530000000000000000e+02,8.540000000000000000e+02,8.550000000000000000e+02,8.560000000000000000e+02,8.570000000000000000e+02,8.580000000000000000e+02,8.590000000000000000e+02,8.600000000000000000e+02,8.610000000000000000e+02,8.620000000000000000e+02,8.630000000000000000e+02,8.640000000000000000e+02,8.650000000000000000e+02,8.660000000000000000e+02,8.670000000000000000e+02,8.680000000000000000e+02,8.690000000000000000e+02,8.700000000000000000e+02,8.710000000000000000e+02,8.720000000000000000e+02,8.730000000000000000e+02,8.740000000000000000e+02,8.750000000000000000e+02,8.760000000000000000e+02,8.770000000000000000e+02,8.780000000000000000e+02,8.790000000000000000e+02,8.800000000000000000e+02,8.810000000000000000e+02,8.820000000000000000e+02,8.830000000000000000e+02,8.840000000000000000e+02,8.850000000000000000e+02,8.860000000000000000e+02,8.870000000000000000e+02,8.880000000000000000e+02,8.890000000000000000e+02,8.900000000000000000e+02,8.910000000000000000e+02,8.920000000000000000e+02,8.930000000000000000e+02,8.940000000000000000e+02,8.950000000000000000e+02,8.960000000000000000e+02,8.970000000000000000e+02,8.980000000000000000e+02,8.990000000000000000e+02,9.000000000000000000e+02,9.010000000000000000e+02,9.020000000000000000e+02,9.030000000000000000e+02,9.040000000000000000e+02,9.050000000000000000e+02,9.060000000000000000e+02,9.070000000000000000e+02,9.080000000000000000e+02,9.090000000000000000e+02,9.100000000000000000e+02,9.110000000000000000e+02,9.120000000000000000e+02,9.130000000000000000e+02,9.140000000000000000e+02,9.150000000000000000e+02,9.160000000000000000e+02,9.170000000000000000e+02,9.180000000000000000e+02,9.190000000000000000e+02,9.200000000000000000e+02,9.210000000000000000e+02,9.220000000000000000e+02,9.230000000000000000e+02,9.240000000000000000e+02,9.250000000000000000e+02,9.260000000000000000e+02,9.270000000000000000e+02,9.280000000000000000e+02,9.290000000000000000e+02,9.300000000000000000e+02,9.310000000000000000e+02,9.320000000000000000e+02,9.330000000000000000e+02,9.340000000000000000e+02,9.350000000000000000e+02,9.360000000000000000e+02,9.370000000000000000e+02,9.380000000000000000e+02,9.390000000000000000e+02,9.400000000000000000e+02,9.410000000000000000e+02,9.420000000000000000e+02,9.430000000000000000e+02,9.440000000000000000e+02,9.450000000000000000e+02,9.460000000000000000e+02,9.470000000000000000e+02,9.480000000000000000e+02,9.490000000000000000e+02,9.500000000000000000e+02,9.510000000000000000e+02,9.520000000000000000e+02,9.530000000000000000e+02,9.540000000000000000e+02,9.550000000000000000e+02,9.560000000000000000e+02,9.570000000000000000e+02,9.580000000000000000e+02,9.590000000000000000e+02,9.600000000000000000e+02,9.610000000000000000e+02,9.620000000000000000e+02,9.630000000000000000e+02,9.640000000000000000e+02,9.650000000000000000e+02,9.660000000000000000e+02,9.670000000000000000e+02,9.680000000000000000e+02,9.690000000000000000e+02,9.700000000000000000e+02,9.710000000000000000e+02,9.720000000000000000e+02,9.730000000000000000e+02,9.740000000000000000e+02,9.750000000000000000e+02,9.760000000000000000e+02,9.770000000000000000e+02,9.780000000000000000e+02,8.480000000000000000e+02,8.490000000000000000e+02,8.500000000000000000e+02,8.510000000000000000e+02,8.520000000000000000e+02,8.530000000000000000e+02,8.540000000000000000e+02,8.550000000000000000e+02,8.560000000000000000e+02,8.570000000000000000e+02,8.580000000000000000e+02,8.590000000000000000e+02,8.600000000000000000e+02,8.610000000000000000e+02,8.620000000000000000e+02,8.630000000000000000e+02,8.640000000000000000e+02,8.650000000000000000e+02,8.660000000000000000e+02,8.670000000000000000e+02,8.680000000000000000e+02,8.690000000000000000e+02,8.700000000000000000e+02,8.710000000000000000e+02,8.720000000000000000e+02,8.730000000000000000e+02,8.740000000000000000e+02,8.750000000000000000e+02,8.760000000000000000e+02,8.770000000000000000e+02,8.780000000000000000e+02,8.790000000000000000e+02,8.800000000000000000e+02,8.810000000000000000e+02,8.820000000000000000e+02,8.830000000000000000e+02,8.840000000000000000e+02,8.850000000000000000e+02,8.860000000000000000e+02,8.870000000000000000e+02,8.880000000000000000e+02,8.890000000000000000e+02,8.900000000000000000e+02,8.910000000000000000e+02,8.920000000000000000e+02,8.930000000000000000e+02,8.940000000000000000e+02,8.950000000000000000e+02,8.960000000000000000e+02,8.970000000000000000e+02,8.980000000000000000e+02,8.990000000000000000e+02,9.000000000000000000e+02,9.010000000000000000e+02,9.020000000000000000e+02,9.030000000000000000e+02,9.040000000000000000e+02,9.050000000000000000e+02,9.060000000000000000e+02,9.070000000000000000e+02,9.080000000000000000e+02,9.090000000000000000e+02,9.100000000000000000e+02,9.110000000000000000e+02,9.120000000000000000e+02,9.130000000000000000e+02,9.140000000000000000e+02,9.150000000000000000e+02,9.160000000000000000e+02,9.170000000000000000e+02,9.180000000000000000e+02,9.190000000000000000e+02,9.200000000000000000e+02,9.210000000000000000e+02,9.220000000000000000e+02,9.230000000000000000e+02,9.240000000000000000e+02,9.250000000000000000e+02,9.260000000000000000e+02,9.270000000000000000e+02,9.280000000000000000e+02,9.290000000000000000e+02,9.300000000000000000e+02,9.310000000000000000e+02,9.320000000000000000e+02,9.330000000000000000e+02,9.340000000000000000e+02,9.350000000000000000e+02,9.360000000000000000e+02,9.370000000000000000e+02,9.380000000000000000e+02,9.390000000000000000e+02,9.400000000000000000e+02,9.410000000000000000e+02,9.420000000000000000e+02,9.430000000000000000e+02,9.440000000000000000e+02,9.450000000000000000e+02,9.460000000000000000e+02,9.470000000000000000e+02,9.480000000000000000e+02,9.490000000000000000e+02,9.500000000000000000e+02,9.510000000000000000e+02,9.520000000000000000e+02,9.530000000000000000e+02,9.540000000000000000e+02,9.550000000000000000e+02,9.560000000000000000e+02,9.570000000000000000e+02,9.580000000000000000e+02,9.590000000000000000e+02,9.600000000000000000e+02,9.610000000000000000e+02,9.620000000000000000e+02,9.630000000000000000e+02,9.640000000000000000e+02,9.650000000000000000e+02,9.660000000000000000e+02,9.670000000000000000e+02,9.680000000000000000e+02,9.690000000000000000e+02,9.700000000000000000e+02,9.710000000000000000e+02,9.720000000000000000e+02,9.730000000000000000e+02,9.740000000000000000e+02,9.750000000000000000e+02,9.760000000000000000e+02,9.770000000000000000e+02,9.780000000000000000e+02,8.470000000000000000e+02,8.480000000000000000e+02,8.490000000000000000e+02,8.500000000000000000e+02,8.510000000000000000e+02,8.520000000000000000e+02,8.530000000000000000e+02,8.540000000000000000e+02,8.550000000000000000e+02,8.560000000000000000e+02,8.570000000000000000e+02,8.580000000000000000e+02,8.590000000000000000e+02,8.600000000000000000e+02,8.610000000000000000e+02,8.620000000000000000e+02,8.630000000000000000e+02,8.640000000000000000e+02,8.650000000000000000e+02,8.660000000000000000e+02,8.670000000000000000e+02,8.680000000000000000e+02,8.690000000000000000e+02,8.700000000000000000e+02,8.710000000000000000e+02,8.720000000000000000e+02,8.730000000000000000e+02,8.740000000000000000e+02,8.750000000000000000e+02,8.760000000000000000e+02,8.770000000000000000e+02,8.780000000000000000e+02,8.790000000000000000e+02,8.800000000000000000e+02,8.810000000000000000e+02,8.820000000000000000e+02,8.830000000000000000e+02,8.840000000000000000e+02,8.850000000000000000e+02,8.860000000000000000e+02,8.870000000000000000e+02,8.880000000000000000e+02,8.890000000000000000e+02,8.900000000000000000e+02,8.910000000000000000e+02,8.920000000000000000e+02,8.930000000000000000e+02,8.940000000000000000e+02,8.950000000000000000e+02,8.960000000000000000e+02,8.970000000000000000e+02,8.980000000000000000e+02,8.990000000000000000e+02,9.000000000000000000e+02,9.010000000000000000e+02,9.020000000000000000e+02,9.030000000000000000e+02,9.040000000000000000e+02,9.050000000000000000e+02,9.060000000000000000e+02,9.070000000000000000e+02,9.080000000000000000e+02,9.090000000000000000e+02,9.100000000000000000e+02,9.110000000000000000e+02,9.120000000000000000e+02,9.130000000000000000e+02,9.140000000000000000e+02,9.150000000000000000e+02,9.160000000000000000e+02,9.170000000000000000e+02,9.180000000000000000e+02,9.190000000000000000e+02,9.200000000000000000e+02,9.210000000000000000e+02,9.220000000000000000e+02,9.230000000000000000e+02,9.240000000000000000e+02,9.250000000000000000e+02,9.260000000000000000e+02,9.270000000000000000e+02,9.280000000000000000e+02,9.290000000000000000e+02,9.300000000000000000e+02,9.310000000000000000e+02,9.320000000000000000e+02,9.330000000000000000e+02,9.340000000000000000e+02,9.350000000000000000e+02,9.360000000000000000e+02,9.370000000000000000e+02,9.380000000000000000e+02,9.390000000000000000e+02,9.400000000000000000e+02,9.410000000000000000e+02,9.420000000000000000e+02,9.430000000000000000e+02,9.440000000000000000e+02,9.450000000000000000e+02,9.460000000000000000e+02,9.470000000000000000e+02,9.480000000000000000e+02,9.490000000000000000e+02,9.500000000000000000e+02,9.510000000000000000e+02,9.520000000000000000e+02,9.530000000000000000e+02,9.540000000000000000e+02,9.550000000000000000e+02,9.560000000000000000e+02,9.570000000000000000e+02,9.580000000000000000e+02,9.590000000000000000e+02,9.600000000000000000e+02,9.610000000000000000e+02,9.620000000000000000e+02,9.630000000000000000e+02,9.640000000000000000e+02,9.650000000000000000e+02,9.660000000000000000e+02,9.670000000000000000e+02,9.680000000000000000e+02,9.690000000000000000e+02,9.700000000000000000e+02,9.710000000000000000e+02,9.720000000000000000e+02,9.730000000000000000e+02,9.740000000000000000e+02,9.750000000000000000e+02,9.760000000000000000e+02,9.770000000000000000e+02,8.470000000000000000e+02,8.480000000000000000e+02,8.490000000000000000e+02,8.500000000000000000e+02,8.510000000000000000e+02,8.520000000000000000e+02,8.530000000000000000e+02,8.540000000000000000e+02,8.550000000000000000e+02,8.560000000000000000e+02,8.570000000000000000e+02,8.580000000000000000e+02,8.590000000000000000e+02,8.600000000000000000e+02,8.610000000000000000e+02,8.620000000000000000e+02,8.630000000000000000e+02,8.640000000000000000e+02,8.650000000000000000e+02,8.660000000000000000e+02,8.670000000000000000e+02,8.680000000000000000e+02,8.690000000000000000e+02,8.700000000000000000e+02,8.710000000000000000e+02,8.720000000000000000e+02,8.730000000000000000e+02,8.740000000000000000e+02,8.750000000000000000e+02,8.760000000000000000e+02,8.770000000000000000e+02,8.780000000000000000e+02,8.790000000000000000e+02,8.800000000000000000e+02,8.810000000000000000e+02,8.820000000000000000e+02,8.830000000000000000e+02,8.840000000000000000e+02,8.850000000000000000e+02,8.860000000000000000e+02,8.870000000000000000e+02,8.880000000000000000e+02,8.890000000000000000e+02,8.900000000000000000e+02,8.910000000000000000e+02,8.920000000000000000e+02,8.930000000000000000e+02,8.940000000000000000e+02,8.950000000000000000e+02,8.960000000000000000e+02,8.970000000000000000e+02,8.980000000000000000e+02,8.990000000000000000e+02,9.000000000000000000e+02,9.010000000000000000e+02,9.020000000000000000e+02,9.030000000000000000e+02,9.040000000000000000e+02,9.050000000000000000e+02,9.060000000000000000e+02,9.070000000000000000e+02,9.080000000000000000e+02,9.090000000000000000e+02,9.100000000000000000e+02,9.110000000000000000e+02,9.120000000000000000e+02,9.130000000000000000e+02,9.140000000000000000e+02,9.150000000000000000e+02,9.160000000000000000e+02,9.170000000000000000e+02,9.180000000000000000e+02,9.190000000000000000e+02,9.200000000000000000e+02,9.210000000000000000e+02,9.220000000000000000e+02,9.230000000000000000e+02,9.240000000000000000e+02,9.250000000000000000e+02,9.260000000000000000e+02,9.270000000000000000e+02,9.280000000000000000e+02,9.290000000000000000e+02,9.300000000000000000e+02,9.310000000000000000e+02,9.320000000000000000e+02,9.330000000000000000e+02,9.340000000000000000e+02,9.350000000000000000e+02,9.360000000000000000e+02,9.370000000000000000e+02,9.380000000000000000e+02,9.390000000000000000e+02,9.400000000000000000e+02,9.410000000000000000e+02,9.420000000000000000e+02,9.430000000000000000e+02,9.440000000000000000e+02,9.450000000000000000e+02,9.460000000000000000e+02,9.470000000000000000e+02,9.480000000000000000e+02,9.490000000000000000e+02,9.500000000000000000e+02,9.510000000000000000e+02,9.520000000000000000e+02,9.530000000000000000e+02,9.540000000000000000e+02,9.550000000000000000e+02,9.560000000000000000e+02,9.570000000000000000e+02,9.580000000000000000e+02,9.590000000000000000e+02,9.600000000000000000e+02,9.610000000000000000e+02,9.620000000000000000e+02,9.630000000000000000e+02,9.640000000000000000e+02,9.650000000000000000e+02,9.660000000000000000e+02,9.670000000000000000e+02,9.680000000000000000e+02,9.690000000000000000e+02,9.700000000000000000e+02,9.710000000000000000e+02,9.720000000000000000e+02,9.730000000000000000e+02,9.740000000000000000e+02,9.750000000000000000e+02,9.760000000000000000e+02,9.770000000000000000e+02,8.470000000000000000e+02,8.480000000000000000e+02,8.490000000000000000e+02,8.500000000000000000e+02,8.510000000000000000e+02,8.520000000000000000e+02,8.530000000000000000e+02,8.540000000000000000e+02,8.550000000000000000e+02,8.560000000000000000e+02,8.570000000000000000e+02,8.580000000000000000e+02,8.590000000000000000e+02,8.600000000000000000e+02,8.610000000000000000e+02,8.620000000000000000e+02,8.630000000000000000e+02,8.640000000000000000e+02,8.650000000000000000e+02,8.660000000000000000e+02,8.670000000000000000e+02,8.680000000000000000e+02,8.690000000000000000e+02,8.700000000000000000e+02,8.710000000000000000e+02,8.720000000000000000e+02,8.730000000000000000e+02,8.740000000000000000e+02,8.750000000000000000e+02,8.760000000000000000e+02,8.770000000000000000e+02,8.780000000000000000e+02,8.790000000000000000e+02,8.800000000000000000e+02,8.810000000000000000e+02,8.820000000000000000e+02,8.830000000000000000e+02,8.840000000000000000e+02,8.850000000000000000e+02,8.860000000000000000e+02,8.870000000000000000e+02,8.880000000000000000e+02,8.890000000000000000e+02,8.900000000000000000e+02,8.910000000000000000e+02,8.920000000000000000e+02,8.930000000000000000e+02,8.940000000000000000e+02,8.950000000000000000e+02,8.960000000000000000e+02,8.970000000000000000e+02,8.980000000000000000e+02,8.990000000000000000e+02,9.000000000000000000e+02,9.010000000000000000e+02,9.020000000000000000e+02,9.030000000000000000e+02,9.040000000000000000e+02,9.050000000000000000e+02,9.060000000000000000e+02,9.070000000000000000e+02,9.080000000000000000e+02,9.090000000000000000e+02,9.100000000000000000e+02,9.110000000000000000e+02,9.120000000000000000e+02,9.130000000000000000e+02,9.140000000000000000e+02,9.150000000000000000e+02,9.160000000000000000e+02,9.170000000000000000e+02,9.180000000000000000e+02,9.190000000000000000e+02,9.200000000000000000e+02,9.210000000000000000e+02,9.220000000000000000e+02,9.230000000000000000e+02,9.240000000000000000e+02,9.250000000000000000e+02,9.260000000000000000e+02,9.270000000000000000e+02,9.280000000000000000e+02,9.290000000000000000e+02,9.300000000000000000e+02,9.310000000000000000e+02,9.320000000000000000e+02,9.330000000000000000e+02,9.340000000000000000e+02,9.350000000000000000e+02,9.360000000000000000e+02,9.370000000000000000e+02,9.380000000000000000e+02,9.390000000000000000e+02,9.400000000000000000e+02,9.410000000000000000e+02,9.420000000000000000e+02,9.430000000000000000e+02,9.440000000000000000e+02,9.450000000000000000e+02,9.460000000000000000e+02,9.470000000000000000e+02,9.480000000000000000e+02,9.490000000000000000e+02,9.500000000000000000e+02,9.510000000000000000e+02,9.520000000000000000e+02,9.530000000000000000e+02,9.540000000000000000e+02,9.550000000000000000e+02,9.560000000000000000e+02,9.570000000000000000e+02,9.580000000000000000e+02,9.590000000000000000e+02,9.600000000000000000e+02,9.610000000000000000e+02,9.620000000000000000e+02,9.630000000000000000e+02,9.640000000000000000e+02,9.650000000000000000e+02,9.660000000000000000e+02,9.670000000000000000e+02,9.680000000000000000e+02,9.690000000000000000e+02,9.700000000000000000e+02,9.710000000000000000e+02,9.720000000000000000e+02,9.730000000000000000e+02,9.740000000000000000e+02,9.750000000000000000e+02,9.760000000000000000e+02,9.770000000000000000e+02,8.470000000000000000e+02,8.480000000000000000e+02,8.490000000000000000e+02,8.500000000000000000e+02,8.510000000000000000e+02,8.520000000000000000e+02,8.530000000000000000e+02,8.540000000000000000e+02,8.550000000000000000e+02,8.560000000000000000e+02,8.570000000000000000e+02,8.580000000000000000e+02,8.590000000000000000e+02,8.600000000000000000e+02,8.610000000000000000e+02,8.620000000000000000e+02,8.630000000000000000e+02,8.640000000000000000e+02,8.650000000000000000e+02,8.660000000000000000e+02,8.670000000000000000e+02,8.680000000000000000e+02,8.690000000000000000e+02,8.700000000000000000e+02,8.710000000000000000e+02,8.720000000000000000e+02,8.730000000000000000e+02,8.740000000000000000e+02,8.750000000000000000e+02,8.760000000000000000e+02,8.770000000000000000e+02,8.780000000000000000e+02,8.790000000000000000e+02,8.800000000000000000e+02,8.810000000000000000e+02,8.820000000000000000e+02,8.830000000000000000e+02,8.840000000000000000e+02,8.850000000000000000e+02,8.860000000000000000e+02,8.870000000000000000e+02,8.880000000000000000e+02,8.890000000000000000e+02,8.900000000000000000e+02,8.910000000000000000e+02,8.920000000000000000e+02,8.930000000000000000e+02,8.940000000000000000e+02,8.950000000000000000e+02,8.960000000000000000e+02,8.970000000000000000e+02,8.980000000000000000e+02,8.990000000000000000e+02,9.000000000000000000e+02,9.010000000000000000e+02,9.020000000000000000e+02,9.030000000000000000e+02,9.040000000000000000e+02,9.050000000000000000e+02,9.060000000000000000e+02,9.070000000000000000e+02,9.080000000000000000e+02,9.090000000000000000e+02,9.100000000000000000e+02,9.110000000000000000e+02,9.120000000000000000e+02,9.130000000000000000e+02,9.140000000000000000e+02,9.150000000000000000e+02,9.160000000000000000e+02,9.170000000000000000e+02,9.180000000000000000e+02,9.190000000000000000e+02,9.200000000000000000e+02,9.210000000000000000e+02,9.220000000000000000e+02,9.230000000000000000e+02,9.240000000000000000e+02,9.250000000000000000e+02,9.260000000000000000e+02,9.270000000000000000e+02,9.280000000000000000e+02,9.290000000000000000e+02,9.300000000000000000e+02,9.310000000000000000e+02,9.320000000000000000e+02,9.330000000000000000e+02,9.340000000000000000e+02,9.350000000000000000e+02,9.360000000000000000e+02,9.370000000000000000e+02,9.380000000000000000e+02,9.390000000000000000e+02,9.400000000000000000e+02,9.410000000000000000e+02,9.420000000000000000e+02,9.430000000000000000e+02,9.440000000000000000e+02,9.450000000000000000e+02,9.460000000000000000e+02,9.470000000000000000e+02,9.480000000000000000e+02,9.490000000000000000e+02,9.500000000000000000e+02,9.510000000000000000e+02,9.520000000000000000e+02,9.530000000000000000e+02,9.540000000000000000e+02,9.550000000000000000e+02,9.560000000000000000e+02,9.570000000000000000e+02,9.580000000000000000e+02,9.590000000000000000e+02,9.600000000000000000e+02,9.610000000000000000e+02,9.620000000000000000e+02,9.630000000000000000e+02,9.640000000000000000e+02,9.650000000000000000e+02,9.660000000000000000e+02,9.670000000000000000e+02,9.680000000000000000e+02,9.690000000000000000e+02,9.700000000000000000e+02,9.710000000000000000e+02,9.720000000000000000e+02,9.730000000000000000e+02,9.740000000000000000e+02,9.750000000000000000e+02,9.760000000000000000e+02,9.770000000000000000e+02,8.470000000000000000e+02,8.480000000000000000e+02,8.490000000000000000e+02,8.500000000000000000e+02,8.510000000000000000e+02,8.520000000000000000e+02,8.530000000000000000e+02,8.540000000000000000e+02,8.550000000000000000e+02,8.560000000000000000e+02,8.570000000000000000e+02,8.580000000000000000e+02,8.590000000000000000e+02,8.600000000000000000e+02,8.610000000000000000e+02,8.620000000000000000e+02,8.630000000000000000e+02,8.640000000000000000e+02,8.650000000000000000e+02,8.660000000000000000e+02,8.670000000000000000e+02,8.680000000000000000e+02,8.690000000000000000e+02,8.700000000000000000e+02,8.710000000000000000e+02,8.720000000000000000e+02,8.730000000000000000e+02,8.740000000000000000e+02,8.750000000000000000e+02,8.760000000000000000e+02,8.770000000000000000e+02,8.780000000000000000e+02,8.790000000000000000e+02,8.800000000000000000e+02,8.810000000000000000e+02,8.820000000000000000e+02,8.830000000000000000e+02,8.840000000000000000e+02,8.850000000000000000e+02,8.860000000000000000e+02,8.870000000000000000e+02,8.880000000000000000e+02,8.890000000000000000e+02,8.900000000000000000e+02,8.910000000000000000e+02,8.920000000000000000e+02,8.930000000000000000e+02,8.940000000000000000e+02,8.950000000000000000e+02,8.960000000000000000e+02,8.970000000000000000e+02,8.980000000000000000e+02,8.990000000000000000e+02,9.000000000000000000e+02,9.010000000000000000e+02,9.020000000000000000e+02,9.030000000000000000e+02,9.040000000000000000e+02,9.050000000000000000e+02,9.060000000000000000e+02,9.070000000000000000e+02,9.080000000000000000e+02,9.090000000000000000e+02,9.100000000000000000e+02,9.110000000000000000e+02,9.120000000000000000e+02,9.130000000000000000e+02,9.140000000000000000e+02,9.150000000000000000e+02,9.160000000000000000e+02,9.170000000000000000e+02,9.180000000000000000e+02,9.190000000000000000e+02,9.200000000000000000e+02,9.210000000000000000e+02,9.220000000000000000e+02,9.230000000000000000e+02,9.240000000000000000e+02,9.250000000000000000e+02,9.260000000000000000e+02,9.270000000000000000e+02,9.280000000000000000e+02,9.290000000000000000e+02,9.300000000000000000e+02,9.310000000000000000e+02,9.320000000000000000e+02,9.330000000000000000e+02,9.340000000000000000e+02,9.350000000000000000e+02,9.360000000000000000e+02,9.370000000000000000e+02,9.380000000000000000e+02,9.390000000000000000e+02,9.400000000000000000e+02,9.410000000000000000e+02,9.420000000000000000e+02,9.430000000000000000e+02,9.440000000000000000e+02,9.450000000000000000e+02,9.460000000000000000e+02,9.470000000000000000e+02,9.480000000000000000e+02,9.490000000000000000e+02,9.500000000000000000e+02,9.510000000000000000e+02,9.520000000000000000e+02,9.530000000000000000e+02,9.540000000000000000e+02,9.550000000000000000e+02,9.560000000000000000e+02,9.570000000000000000e+02,9.580000000000000000e+02,9.590000000000000000e+02,9.600000000000000000e+02,9.610000000000000000e+02,9.620000000000000000e+02,9.630000000000000000e+02,9.640000000000000000e+02,9.650000000000000000e+02,9.660000000000000000e+02,9.670000000000000000e+02,9.680000000000000000e+02,9.690000000000000000e+02,9.700000000000000000e+02,9.710000000000000000e+02,9.720000000000000000e+02,9.730000000000000000e+02,9.740000000000000000e+02,9.750000000000000000e+02,9.760000000000000000e+02,8.470000000000000000e+02,8.480000000000000000e+02,8.490000000000000000e+02,8.500000000000000000e+02,8.510000000000000000e+02,8.520000000000000000e+02,8.530000000000000000e+02,8.540000000000000000e+02,8.550000000000000000e+02,8.560000000000000000e+02,8.570000000000000000e+02,8.580000000000000000e+02,8.590000000000000000e+02,8.600000000000000000e+02,8.610000000000000000e+02,8.620000000000000000e+02,8.630000000000000000e+02,8.640000000000000000e+02,8.650000000000000000e+02,8.660000000000000000e+02,8.670000000000000000e+02,8.680000000000000000e+02,8.690000000000000000e+02,8.700000000000000000e+02,8.710000000000000000e+02,8.720000000000000000e+02,8.730000000000000000e+02,8.740000000000000000e+02,8.750000000000000000e+02,8.760000000000000000e+02,8.770000000000000000e+02,8.780000000000000000e+02,8.790000000000000000e+02,8.800000000000000000e+02,8.810000000000000000e+02,8.820000000000000000e+02,8.830000000000000000e+02,8.840000000000000000e+02,8.850000000000000000e+02,8.860000000000000000e+02,8.870000000000000000e+02,8.880000000000000000e+02,8.890000000000000000e+02,8.900000000000000000e+02,8.910000000000000000e+02,8.920000000000000000e+02,8.930000000000000000e+02,8.940000000000000000e+02,8.950000000000000000e+02,8.960000000000000000e+02,8.970000000000000000e+02,8.980000000000000000e+02,8.990000000000000000e+02,9.000000000000000000e+02,9.010000000000000000e+02,9.020000000000000000e+02,9.030000000000000000e+02,9.040000000000000000e+02,9.050000000000000000e+02,9.060000000000000000e+02,9.070000000000000000e+02,9.080000000000000000e+02,9.090000000000000000e+02,9.100000000000000000e+02,9.110000000000000000e+02,9.120000000000000000e+02,9.130000000000000000e+02,9.140000000000000000e+02,9.150000000000000000e+02,9.160000000000000000e+02,9.170000000000000000e+02,9.180000000000000000e+02,9.190000000000000000e+02,9.200000000000000000e+02,9.210000000000000000e+02,9.220000000000000000e+02,9.230000000000000000e+02,9.240000000000000000e+02,9.250000000000000000e+02,9.260000000000000000e+02,9.270000000000000000e+02,9.280000000000000000e+02,9.290000000000000000e+02,9.300000000000000000e+02,9.310000000000000000e+02,9.320000000000000000e+02,9.330000000000000000e+02,9.340000000000000000e+02,9.350000000000000000e+02,9.360000000000000000e+02,9.370000000000000000e+02,9.380000000000000000e+02,9.390000000000000000e+02,9.400000000000000000e+02,9.410000000000000000e+02,9.420000000000000000e+02,9.430000000000000000e+02,9.440000000000000000e+02,9.450000000000000000e+02,9.460000000000000000e+02,9.470000000000000000e+02,9.480000000000000000e+02,9.490000000000000000e+02,9.500000000000000000e+02,9.510000000000000000e+02,9.520000000000000000e+02,9.530000000000000000e+02,9.540000000000000000e+02,9.550000000000000000e+02,9.560000000000000000e+02,9.570000000000000000e+02,9.580000000000000000e+02,9.590000000000000000e+02,9.600000000000000000e+02,9.610000000000000000e+02,9.620000000000000000e+02,9.630000000000000000e+02,9.640000000000000000e+02,9.650000000000000000e+02,9.660000000000000000e+02,9.670000000000000000e+02,9.680000000000000000e+02,9.690000000000000000e+02,9.700000000000000000e+02,9.710000000000000000e+02,9.720000000000000000e+02,9.730000000000000000e+02,9.740000000000000000e+02,9.750000000000000000e+02,9.760000000000000000e+02,8.470000000000000000e+02,8.480000000000000000e+02,8.490000000000000000e+02,8.500000000000000000e+02,8.510000000000000000e+02,8.520000000000000000e+02,8.530000000000000000e+02,8.540000000000000000e+02,8.550000000000000000e+02,8.560000000000000000e+02,8.570000000000000000e+02,8.580000000000000000e+02,8.590000000000000000e+02,8.600000000000000000e+02,8.610000000000000000e+02,8.620000000000000000e+02,8.630000000000000000e+02,8.640000000000000000e+02,8.650000000000000000e+02,8.660000000000000000e+02,8.670000000000000000e+02,8.680000000000000000e+02,8.690000000000000000e+02,8.700000000000000000e+02,8.710000000000000000e+02,8.720000000000000000e+02,8.730000000000000000e+02,8.740000000000000000e+02,8.750000000000000000e+02,8.760000000000000000e+02,8.770000000000000000e+02,8.780000000000000000e+02,8.790000000000000000e+02,8.800000000000000000e+02,8.810000000000000000e+02,8.820000000000000000e+02,8.830000000000000000e+02,8.840000000000000000e+02,8.850000000000000000e+02,8.860000000000000000e+02,8.870000000000000000e+02,8.880000000000000000e+02,8.890000000000000000e+02,8.900000000000000000e+02,8.910000000000000000e+02,8.920000000000000000e+02,8.930000000000000000e+02,8.940000000000000000e+02,8.950000000000000000e+02,8.960000000000000000e+02,8.970000000000000000e+02,8.980000000000000000e+02,8.990000000000000000e+02,9.000000000000000000e+02,9.010000000000000000e+02,9.020000000000000000e+02,9.030000000000000000e+02,9.040000000000000000e+02,9.050000000000000000e+02,9.060000000000000000e+02,9.070000000000000000e+02,9.080000000000000000e+02,9.090000000000000000e+02,9.100000000000000000e+02,9.110000000000000000e+02,9.120000000000000000e+02,9.130000000000000000e+02,9.140000000000000000e+02,9.150000000000000000e+02,9.160000000000000000e+02,9.170000000000000000e+02,9.180000000000000000e+02,9.190000000000000000e+02,9.200000000000000000e+02,9.210000000000000000e+02,9.220000000000000000e+02,9.230000000000000000e+02,9.240000000000000000e+02,9.250000000000000000e+02,9.260000000000000000e+02,9.270000000000000000e+02,9.280000000000000000e+02,9.290000000000000000e+02,9.300000000000000000e+02,9.310000000000000000e+02,9.320000000000000000e+02,9.330000000000000000e+02,9.340000000000000000e+02,9.350000000000000000e+02,9.360000000000000000e+02,9.370000000000000000e+02,9.380000000000000000e+02,9.390000000000000000e+02,9.400000000000000000e+02,9.410000000000000000e+02,9.420000000000000000e+02,9.430000000000000000e+02,9.440000000000000000e+02,9.450000000000000000e+02,9.460000000000000000e+02,9.470000000000000000e+02,9.480000000000000000e+02,9.490000000000000000e+02,9.500000000000000000e+02,9.510000000000000000e+02,9.520000000000000000e+02,9.530000000000000000e+02,9.540000000000000000e+02,9.550000000000000000e+02,9.560000000000000000e+02,9.570000000000000000e+02,9.580000000000000000e+02,9.590000000000000000e+02,9.600000000000000000e+02,9.610000000000000000e+02,9.620000000000000000e+02,9.630000000000000000e+02,9.640000000000000000e+02,9.650000000000000000e+02,9.660000000000000000e+02,9.670000000000000000e+02,9.680000000000000000e+02,9.690000000000000000e+02,9.700000000000000000e+02,9.710000000000000000e+02,9.720000000000000000e+02,9.730000000000000000e+02,9.740000000000000000e+02,9.750000000000000000e+02,9.760000000000000000e+02,8.470000000000000000e+02,8.480000000000000000e+02,8.490000000000000000e+02,8.500000000000000000e+02,8.510000000000000000e+02,8.520000000000000000e+02,8.530000000000000000e+02,8.540000000000000000e+02,8.550000000000000000e+02,8.560000000000000000e+02,8.570000000000000000e+02,8.580000000000000000e+02,8.590000000000000000e+02,8.600000000000000000e+02,8.610000000000000000e+02,8.620000000000000000e+02,8.630000000000000000e+02,8.640000000000000000e+02,8.650000000000000000e+02,8.660000000000000000e+02,8.670000000000000000e+02,8.680000000000000000e+02,8.690000000000000000e+02,8.700000000000000000e+02,8.710000000000000000e+02,8.720000000000000000e+02,8.730000000000000000e+02,8.740000000000000000e+02,8.750000000000000000e+02,8.760000000000000000e+02,8.770000000000000000e+02,8.780000000000000000e+02,8.790000000000000000e+02,8.800000000000000000e+02,8.810000000000000000e+02,8.820000000000000000e+02,8.830000000000000000e+02,8.840000000000000000e+02,8.850000000000000000e+02,8.860000000000000000e+02,8.870000000000000000e+02,8.880000000000000000e+02,8.890000000000000000e+02,8.900000000000000000e+02,8.910000000000000000e+02,8.920000000000000000e+02,8.930000000000000000e+02,8.940000000000000000e+02,8.950000000000000000e+02,8.960000000000000000e+02,8.970000000000000000e+02,8.980000000000000000e+02,8.990000000000000000e+02,9.000000000000000000e+02,9.010000000000000000e+02,9.020000000000000000e+02,9.030000000000000000e+02,9.040000000000000000e+02,9.050000000000000000e+02,9.060000000000000000e+02,9.070000000000000000e+02,9.080000000000000000e+02,9.090000000000000000e+02,9.100000000000000000e+02,9.110000000000000000e+02,9.120000000000000000e+02,9.130000000000000000e+02,9.140000000000000000e+02,9.150000000000000000e+02,9.160000000000000000e+02,9.170000000000000000e+02,9.180000000000000000e+02,9.190000000000000000e+02,9.200000000000000000e+02,9.210000000000000000e+02,9.220000000000000000e+02,9.230000000000000000e+02,9.240000000000000000e+02,9.250000000000000000e+02,9.260000000000000000e+02,9.270000000000000000e+02,9.280000000000000000e+02,9.290000000000000000e+02,9.300000000000000000e+02,9.310000000000000000e+02,9.320000000000000000e+02,9.330000000000000000e+02,9.340000000000000000e+02,9.350000000000000000e+02,9.360000000000000000e+02,9.370000000000000000e+02,9.380000000000000000e+02,9.390000000000000000e+02,9.400000000000000000e+02,9.410000000000000000e+02,9.420000000000000000e+02,9.430000000000000000e+02,9.440000000000000000e+02,9.450000000000000000e+02,9.460000000000000000e+02,9.470000000000000000e+02,9.480000000000000000e+02,9.490000000000000000e+02,9.500000000000000000e+02,9.510000000000000000e+02,9.520000000000000000e+02,9.530000000000000000e+02,9.540000000000000000e+02,9.550000000000000000e+02,9.560000000000000000e+02,9.570000000000000000e+02,9.580000000000000000e+02,9.590000000000000000e+02,9.600000000000000000e+02,9.610000000000000000e+02,9.620000000000000000e+02,9.630000000000000000e+02,9.640000000000000000e+02,9.650000000000000000e+02,9.660000000000000000e+02,9.670000000000000000e+02,9.680000000000000000e+02,9.690000000000000000e+02,9.700000000000000000e+02,9.710000000000000000e+02,9.720000000000000000e+02,9.730000000000000000e+02,9.740000000000000000e+02,9.750000000000000000e+02,8.460000000000000000e+02,8.470000000000000000e+02,8.480000000000000000e+02,8.490000000000000000e+02,8.500000000000000000e+02,8.510000000000000000e+02,8.520000000000000000e+02,8.530000000000000000e+02,8.540000000000000000e+02,8.550000000000000000e+02,8.560000000000000000e+02,8.570000000000000000e+02,8.580000000000000000e+02,8.590000000000000000e+02,8.600000000000000000e+02,8.610000000000000000e+02,8.620000000000000000e+02,8.630000000000000000e+02,8.640000000000000000e+02,8.650000000000000000e+02,8.660000000000000000e+02,8.670000000000000000e+02,8.680000000000000000e+02,8.690000000000000000e+02,8.700000000000000000e+02,8.710000000000000000e+02,8.720000000000000000e+02,8.730000000000000000e+02,8.740000000000000000e+02,8.750000000000000000e+02,8.760000000000000000e+02,8.770000000000000000e+02,8.780000000000000000e+02,8.790000000000000000e+02,8.800000000000000000e+02,8.810000000000000000e+02,8.820000000000000000e+02,8.830000000000000000e+02,8.840000000000000000e+02,8.850000000000000000e+02,8.860000000000000000e+02,8.870000000000000000e+02,8.880000000000000000e+02,8.890000000000000000e+02,8.900000000000000000e+02,8.910000000000000000e+02,8.920000000000000000e+02,8.930000000000000000e+02,8.940000000000000000e+02,8.950000000000000000e+02,8.960000000000000000e+02,8.970000000000000000e+02,8.980000000000000000e+02,8.990000000000000000e+02,9.000000000000000000e+02,9.010000000000000000e+02,9.020000000000000000e+02,9.030000000000000000e+02,9.040000000000000000e+02,9.050000000000000000e+02,9.060000000000000000e+02,9.070000000000000000e+02,9.080000000000000000e+02,9.090000000000000000e+02,9.100000000000000000e+02,9.110000000000000000e+02,9.120000000000000000e+02,9.130000000000000000e+02,9.140000000000000000e+02,9.150000000000000000e+02,9.160000000000000000e+02,9.170000000000000000e+02,9.180000000000000000e+02,9.190000000000000000e+02,9.200000000000000000e+02,9.210000000000000000e+02,9.220000000000000000e+02,9.230000000000000000e+02,9.240000000000000000e+02,9.250000000000000000e+02,9.260000000000000000e+02,9.270000000000000000e+02,9.280000000000000000e+02,9.290000000000000000e+02,9.300000000000000000e+02,9.310000000000000000e+02,9.320000000000000000e+02,9.330000000000000000e+02,9.340000000000000000e+02,9.350000000000000000e+02,9.360000000000000000e+02,9.370000000000000000e+02,9.380000000000000000e+02,9.390000000000000000e+02,9.400000000000000000e+02,9.410000000000000000e+02,9.420000000000000000e+02,9.430000000000000000e+02,9.440000000000000000e+02,9.450000000000000000e+02,9.460000000000000000e+02,9.470000000000000000e+02,9.480000000000000000e+02,9.490000000000000000e+02,9.500000000000000000e+02,9.510000000000000000e+02,9.520000000000000000e+02,9.530000000000000000e+02,9.540000000000000000e+02,9.550000000000000000e+02,9.560000000000000000e+02,9.570000000000000000e+02,9.580000000000000000e+02,9.590000000000000000e+02,9.600000000000000000e+02,9.610000000000000000e+02,9.620000000000000000e+02,9.630000000000000000e+02,9.640000000000000000e+02,9.650000000000000000e+02,9.660000000000000000e+02,9.670000000000000000e+02,9.680000000000000000e+02,9.690000000000000000e+02,9.700000000000000000e+02,9.710000000000000000e+02,9.720000000000000000e+02,9.730000000000000000e+02,9.740000000000000000e+02,9.750000000000000000e+02,8.460000000000000000e+02,8.470000000000000000e+02,8.480000000000000000e+02,8.490000000000000000e+02,8.500000000000000000e+02,8.510000000000000000e+02,8.520000000000000000e+02,8.530000000000000000e+02,8.540000000000000000e+02,8.550000000000000000e+02,8.560000000000000000e+02,8.570000000000000000e+02,8.580000000000000000e+02,8.590000000000000000e+02,8.600000000000000000e+02,8.610000000000000000e+02,8.620000000000000000e+02,8.630000000000000000e+02,8.640000000000000000e+02,8.650000000000000000e+02,8.660000000000000000e+02,8.670000000000000000e+02,8.680000000000000000e+02,8.690000000000000000e+02,8.700000000000000000e+02,8.710000000000000000e+02,8.720000000000000000e+02,8.730000000000000000e+02,8.740000000000000000e+02,8.750000000000000000e+02,8.760000000000000000e+02,8.770000000000000000e+02,8.780000000000000000e+02,8.790000000000000000e+02,8.800000000000000000e+02,8.810000000000000000e+02,8.820000000000000000e+02,8.830000000000000000e+02,8.840000000000000000e+02,8.850000000000000000e+02,8.860000000000000000e+02,8.870000000000000000e+02,8.880000000000000000e+02,8.890000000000000000e+02,8.900000000000000000e+02,8.910000000000000000e+02,8.920000000000000000e+02,8.930000000000000000e+02,8.940000000000000000e+02,8.950000000000000000e+02,8.960000000000000000e+02,8.970000000000000000e+02,8.980000000000000000e+02,8.990000000000000000e+02,9.000000000000000000e+02,9.010000000000000000e+02,9.020000000000000000e+02,9.030000000000000000e+02,9.040000000000000000e+02,9.050000000000000000e+02,9.060000000000000000e+02,9.070000000000000000e+02,9.080000000000000000e+02,9.090000000000000000e+02,9.100000000000000000e+02,9.110000000000000000e+02,9.120000000000000000e+02,9.130000000000000000e+02,9.140000000000000000e+02,9.150000000000000000e+02,9.160000000000000000e+02,9.170000000000000000e+02,9.180000000000000000e+02,9.190000000000000000e+02,9.200000000000000000e+02,9.210000000000000000e+02,9.220000000000000000e+02,9.230000000000000000e+02,9.240000000000000000e+02,9.250000000000000000e+02,9.260000000000000000e+02,9.270000000000000000e+02,9.280000000000000000e+02,9.290000000000000000e+02,9.300000000000000000e+02,9.310000000000000000e+02,9.320000000000000000e+02,9.330000000000000000e+02,9.340000000000000000e+02,9.350000000000000000e+02,9.360000000000000000e+02,9.370000000000000000e+02,9.380000000000000000e+02,9.390000000000000000e+02,9.400000000000000000e+02,9.410000000000000000e+02,9.420000000000000000e+02,9.430000000000000000e+02,9.440000000000000000e+02,9.450000000000000000e+02,9.460000000000000000e+02,9.470000000000000000e+02,9.480000000000000000e+02,9.490000000000000000e+02,9.500000000000000000e+02,9.510000000000000000e+02,9.520000000000000000e+02,9.530000000000000000e+02,9.540000000000000000e+02,9.550000000000000000e+02,9.560000000000000000e+02,9.570000000000000000e+02,9.580000000000000000e+02,9.590000000000000000e+02,9.600000000000000000e+02,9.610000000000000000e+02,9.620000000000000000e+02,9.630000000000000000e+02,9.640000000000000000e+02,9.650000000000000000e+02,9.660000000000000000e+02,9.670000000000000000e+02,9.680000000000000000e+02,9.690000000000000000e+02,9.700000000000000000e+02,9.710000000000000000e+02,9.720000000000000000e+02,9.730000000000000000e+02,9.740000000000000000e+02,8.460000000000000000e+02,8.470000000000000000e+02,8.480000000000000000e+02,8.490000000000000000e+02,8.500000000000000000e+02,8.510000000000000000e+02,8.520000000000000000e+02,8.530000000000000000e+02,8.540000000000000000e+02,8.550000000000000000e+02,8.560000000000000000e+02,8.570000000000000000e+02,8.580000000000000000e+02,8.590000000000000000e+02,8.600000000000000000e+02,8.610000000000000000e+02,8.620000000000000000e+02,8.630000000000000000e+02,8.640000000000000000e+02,8.650000000000000000e+02,8.660000000000000000e+02,8.670000000000000000e+02,8.680000000000000000e+02,8.690000000000000000e+02,8.700000000000000000e+02,8.710000000000000000e+02,8.720000000000000000e+02,8.730000000000000000e+02,8.740000000000000000e+02,8.750000000000000000e+02,8.760000000000000000e+02,8.770000000000000000e+02,8.780000000000000000e+02,8.790000000000000000e+02,8.800000000000000000e+02,8.810000000000000000e+02,8.820000000000000000e+02,8.830000000000000000e+02,8.840000000000000000e+02,8.850000000000000000e+02,8.860000000000000000e+02,8.870000000000000000e+02,8.880000000000000000e+02,8.890000000000000000e+02,8.900000000000000000e+02,8.910000000000000000e+02,8.920000000000000000e+02,8.930000000000000000e+02,8.940000000000000000e+02,8.950000000000000000e+02,8.960000000000000000e+02,8.970000000000000000e+02,8.980000000000000000e+02,8.990000000000000000e+02,9.000000000000000000e+02,9.010000000000000000e+02,9.020000000000000000e+02,9.030000000000000000e+02,9.040000000000000000e+02,9.050000000000000000e+02,9.060000000000000000e+02,9.070000000000000000e+02,9.080000000000000000e+02,9.090000000000000000e+02,9.100000000000000000e+02,9.110000000000000000e+02,9.120000000000000000e+02,9.130000000000000000e+02,9.140000000000000000e+02,9.150000000000000000e+02,9.160000000000000000e+02,9.170000000000000000e+02,9.180000000000000000e+02,9.190000000000000000e+02,9.200000000000000000e+02,9.210000000000000000e+02,9.220000000000000000e+02,9.230000000000000000e+02,9.240000000000000000e+02,9.250000000000000000e+02,9.260000000000000000e+02,9.270000000000000000e+02,9.280000000000000000e+02,9.290000000000000000e+02,9.300000000000000000e+02,9.310000000000000000e+02,9.320000000000000000e+02,9.330000000000000000e+02,9.340000000000000000e+02,9.350000000000000000e+02,9.360000000000000000e+02,9.370000000000000000e+02,9.380000000000000000e+02,9.390000000000000000e+02,9.400000000000000000e+02,9.410000000000000000e+02,9.420000000000000000e+02,9.430000000000000000e+02,9.440000000000000000e+02,9.450000000000000000e+02,9.460000000000000000e+02,9.470000000000000000e+02,9.480000000000000000e+02,9.490000000000000000e+02,9.500000000000000000e+02,9.510000000000000000e+02,9.520000000000000000e+02,9.530000000000000000e+02,9.540000000000000000e+02,9.550000000000000000e+02,9.560000000000000000e+02,9.570000000000000000e+02,9.580000000000000000e+02,9.590000000000000000e+02,9.600000000000000000e+02,9.610000000000000000e+02,9.620000000000000000e+02,9.630000000000000000e+02,9.640000000000000000e+02,9.650000000000000000e+02,9.660000000000000000e+02,9.670000000000000000e+02,9.680000000000000000e+02,9.690000000000000000e+02,9.700000000000000000e+02,9.710000000000000000e+02,9.720000000000000000e+02,9.730000000000000000e+02,9.740000000000000000e+02,8.450000000000000000e+02,8.460000000000000000e+02,8.470000000000000000e+02,8.480000000000000000e+02,8.490000000000000000e+02,8.500000000000000000e+02,8.510000000000000000e+02,8.520000000000000000e+02,8.530000000000000000e+02,8.540000000000000000e+02,8.550000000000000000e+02,8.560000000000000000e+02,8.570000000000000000e+02,8.580000000000000000e+02,8.590000000000000000e+02,8.600000000000000000e+02,8.610000000000000000e+02,8.620000000000000000e+02,8.630000000000000000e+02,8.640000000000000000e+02,8.650000000000000000e+02,8.660000000000000000e+02,8.670000000000000000e+02,8.680000000000000000e+02,8.690000000000000000e+02,8.700000000000000000e+02,8.710000000000000000e+02,8.720000000000000000e+02,8.730000000000000000e+02,8.740000000000000000e+02,8.750000000000000000e+02,8.760000000000000000e+02,8.770000000000000000e+02,8.780000000000000000e+02,8.790000000000000000e+02,8.800000000000000000e+02,8.810000000000000000e+02,8.820000000000000000e+02,8.830000000000000000e+02,8.840000000000000000e+02,8.850000000000000000e+02,8.860000000000000000e+02,8.870000000000000000e+02,8.880000000000000000e+02,8.890000000000000000e+02,8.900000000000000000e+02,8.910000000000000000e+02,8.920000000000000000e+02,8.930000000000000000e+02,8.940000000000000000e+02,8.950000000000000000e+02,8.960000000000000000e+02,8.970000000000000000e+02,8.980000000000000000e+02,8.990000000000000000e+02,9.000000000000000000e+02,9.010000000000000000e+02,9.020000000000000000e+02,9.030000000000000000e+02,9.040000000000000000e+02,9.050000000000000000e+02,9.060000000000000000e+02,9.070000000000000000e+02,9.080000000000000000e+02,9.090000000000000000e+02,9.100000000000000000e+02,9.110000000000000000e+02,9.120000000000000000e+02,9.130000000000000000e+02,9.140000000000000000e+02,9.150000000000000000e+02,9.160000000000000000e+02,9.170000000000000000e+02,9.180000000000000000e+02,9.190000000000000000e+02,9.200000000000000000e+02,9.210000000000000000e+02,9.220000000000000000e+02,9.230000000000000000e+02,9.240000000000000000e+02,9.250000000000000000e+02,9.260000000000000000e+02,9.270000000000000000e+02,9.280000000000000000e+02,9.290000000000000000e+02,9.300000000000000000e+02,9.310000000000000000e+02,9.320000000000000000e+02,9.330000000000000000e+02,9.340000000000000000e+02,9.350000000000000000e+02,9.360000000000000000e+02,9.370000000000000000e+02,9.380000000000000000e+02,9.390000000000000000e+02,9.400000000000000000e+02,9.410000000000000000e+02,9.420000000000000000e+02,9.430000000000000000e+02,9.440000000000000000e+02,9.450000000000000000e+02,9.460000000000000000e+02,9.470000000000000000e+02,9.480000000000000000e+02,9.490000000000000000e+02,9.500000000000000000e+02,9.510000000000000000e+02,9.520000000000000000e+02,9.530000000000000000e+02,9.540000000000000000e+02,9.550000000000000000e+02,9.560000000000000000e+02,9.570000000000000000e+02,9.580000000000000000e+02,9.590000000000000000e+02,9.600000000000000000e+02,9.610000000000000000e+02,9.620000000000000000e+02,9.630000000000000000e+02,9.640000000000000000e+02,9.650000000000000000e+02,9.660000000000000000e+02,9.670000000000000000e+02,9.680000000000000000e+02,9.690000000000000000e+02,9.700000000000000000e+02,9.710000000000000000e+02,9.720000000000000000e+02,9.730000000000000000e+02,8.450000000000000000e+02,8.460000000000000000e+02,8.470000000000000000e+02,8.480000000000000000e+02,8.490000000000000000e+02,8.500000000000000000e+02,8.510000000000000000e+02,8.520000000000000000e+02,8.530000000000000000e+02,8.540000000000000000e+02,8.550000000000000000e+02,8.560000000000000000e+02,8.570000000000000000e+02,8.580000000000000000e+02,8.590000000000000000e+02,8.600000000000000000e+02,8.610000000000000000e+02,8.620000000000000000e+02,8.630000000000000000e+02,8.640000000000000000e+02,8.650000000000000000e+02,8.660000000000000000e+02,8.670000000000000000e+02,8.680000000000000000e+02,8.690000000000000000e+02,8.700000000000000000e+02,8.710000000000000000e+02,8.720000000000000000e+02,8.730000000000000000e+02,8.740000000000000000e+02,8.750000000000000000e+02,8.760000000000000000e+02,8.770000000000000000e+02,8.780000000000000000e+02,8.790000000000000000e+02,8.800000000000000000e+02,8.810000000000000000e+02,8.820000000000000000e+02,8.830000000000000000e+02,8.840000000000000000e+02,8.850000000000000000e+02,8.860000000000000000e+02,8.870000000000000000e+02,8.880000000000000000e+02,8.890000000000000000e+02,8.900000000000000000e+02,8.910000000000000000e+02,8.920000000000000000e+02,8.930000000000000000e+02,8.940000000000000000e+02,8.950000000000000000e+02,8.960000000000000000e+02,8.970000000000000000e+02,8.980000000000000000e+02,8.990000000000000000e+02,9.000000000000000000e+02,9.010000000000000000e+02,9.020000000000000000e+02,9.030000000000000000e+02,9.040000000000000000e+02,9.050000000000000000e+02,9.060000000000000000e+02,9.070000000000000000e+02,9.080000000000000000e+02,9.090000000000000000e+02,9.100000000000000000e+02,9.110000000000000000e+02,9.120000000000000000e+02,9.130000000000000000e+02,9.140000000000000000e+02,9.150000000000000000e+02,9.160000000000000000e+02,9.170000000000000000e+02,9.180000000000000000e+02,9.190000000000000000e+02,9.200000000000000000e+02,9.210000000000000000e+02,9.220000000000000000e+02,9.230000000000000000e+02,9.240000000000000000e+02,9.250000000000000000e+02,9.260000000000000000e+02,9.270000000000000000e+02,9.280000000000000000e+02,9.290000000000000000e+02,9.300000000000000000e+02,9.310000000000000000e+02,9.320000000000000000e+02,9.330000000000000000e+02,9.340000000000000000e+02,9.350000000000000000e+02,9.360000000000000000e+02,9.370000000000000000e+02,9.380000000000000000e+02,9.390000000000000000e+02,9.400000000000000000e+02,9.410000000000000000e+02,9.420000000000000000e+02,9.430000000000000000e+02,9.440000000000000000e+02,9.450000000000000000e+02,9.460000000000000000e+02,9.470000000000000000e+02,9.480000000000000000e+02,9.490000000000000000e+02,9.500000000000000000e+02,9.510000000000000000e+02,9.520000000000000000e+02,9.530000000000000000e+02,9.540000000000000000e+02,9.550000000000000000e+02,9.560000000000000000e+02,9.570000000000000000e+02,9.580000000000000000e+02,9.590000000000000000e+02,9.600000000000000000e+02,9.610000000000000000e+02,9.620000000000000000e+02,9.630000000000000000e+02,9.640000000000000000e+02,9.650000000000000000e+02,9.660000000000000000e+02,9.670000000000000000e+02,9.680000000000000000e+02,9.690000000000000000e+02,9.700000000000000000e+02,9.710000000000000000e+02,9.720000000000000000e+02,8.450000000000000000e+02,8.460000000000000000e+02,8.470000000000000000e+02,8.480000000000000000e+02,8.490000000000000000e+02,8.500000000000000000e+02,8.510000000000000000e+02,8.520000000000000000e+02,8.530000000000000000e+02,8.540000000000000000e+02,8.550000000000000000e+02,8.560000000000000000e+02,8.570000000000000000e+02,8.580000000000000000e+02,8.590000000000000000e+02,8.600000000000000000e+02,8.610000000000000000e+02,8.620000000000000000e+02,8.630000000000000000e+02,8.640000000000000000e+02,8.650000000000000000e+02,8.660000000000000000e+02,8.670000000000000000e+02,8.680000000000000000e+02,8.690000000000000000e+02,8.700000000000000000e+02,8.710000000000000000e+02,8.720000000000000000e+02,8.730000000000000000e+02,8.740000000000000000e+02,8.750000000000000000e+02,8.760000000000000000e+02,8.770000000000000000e+02,8.780000000000000000e+02,8.790000000000000000e+02,8.800000000000000000e+02,8.810000000000000000e+02,8.820000000000000000e+02,8.830000000000000000e+02,8.840000000000000000e+02,8.850000000000000000e+02,8.860000000000000000e+02,8.870000000000000000e+02,8.880000000000000000e+02,8.890000000000000000e+02,8.900000000000000000e+02,8.910000000000000000e+02,8.920000000000000000e+02,8.930000000000000000e+02,8.940000000000000000e+02,8.950000000000000000e+02,8.960000000000000000e+02,8.970000000000000000e+02,8.980000000000000000e+02,8.990000000000000000e+02,9.000000000000000000e+02,9.010000000000000000e+02,9.020000000000000000e+02,9.030000000000000000e+02,9.040000000000000000e+02,9.050000000000000000e+02,9.060000000000000000e+02,9.070000000000000000e+02,9.080000000000000000e+02,9.090000000000000000e+02,9.100000000000000000e+02,9.110000000000000000e+02,9.120000000000000000e+02,9.130000000000000000e+02,9.140000000000000000e+02,9.150000000000000000e+02,9.160000000000000000e+02,9.170000000000000000e+02,9.180000000000000000e+02,9.190000000000000000e+02,9.200000000000000000e+02,9.210000000000000000e+02,9.220000000000000000e+02,9.230000000000000000e+02,9.240000000000000000e+02,9.250000000000000000e+02,9.260000000000000000e+02,9.270000000000000000e+02,9.280000000000000000e+02,9.290000000000000000e+02,9.300000000000000000e+02,9.310000000000000000e+02,9.320000000000000000e+02,9.330000000000000000e+02,9.340000000000000000e+02,9.350000000000000000e+02,9.360000000000000000e+02,9.370000000000000000e+02,9.380000000000000000e+02,9.390000000000000000e+02,9.400000000000000000e+02,9.410000000000000000e+02,9.420000000000000000e+02,9.430000000000000000e+02,9.440000000000000000e+02,9.450000000000000000e+02,9.460000000000000000e+02,9.470000000000000000e+02,9.480000000000000000e+02,9.490000000000000000e+02,9.500000000000000000e+02,9.510000000000000000e+02,9.520000000000000000e+02,9.530000000000000000e+02,9.540000000000000000e+02,9.550000000000000000e+02,9.560000000000000000e+02,9.570000000000000000e+02,9.580000000000000000e+02,9.590000000000000000e+02,9.600000000000000000e+02,9.610000000000000000e+02,9.620000000000000000e+02,9.630000000000000000e+02,9.640000000000000000e+02,9.650000000000000000e+02,9.660000000000000000e+02,9.670000000000000000e+02,9.680000000000000000e+02,9.690000000000000000e+02,9.700000000000000000e+02,9.710000000000000000e+02,9.720000000000000000e+02,8.450000000000000000e+02,8.460000000000000000e+02,8.470000000000000000e+02,8.480000000000000000e+02,8.490000000000000000e+02,8.500000000000000000e+02,8.510000000000000000e+02,8.520000000000000000e+02,8.530000000000000000e+02,8.540000000000000000e+02,8.550000000000000000e+02,8.560000000000000000e+02,8.570000000000000000e+02,8.580000000000000000e+02,8.590000000000000000e+02,8.600000000000000000e+02,8.610000000000000000e+02,8.620000000000000000e+02,8.630000000000000000e+02,8.640000000000000000e+02,8.650000000000000000e+02,8.660000000000000000e+02,8.670000000000000000e+02,8.680000000000000000e+02,8.690000000000000000e+02,8.700000000000000000e+02,8.710000000000000000e+02,8.720000000000000000e+02,8.730000000000000000e+02,8.740000000000000000e+02,8.750000000000000000e+02,8.760000000000000000e+02,8.770000000000000000e+02,8.780000000000000000e+02,8.790000000000000000e+02,8.800000000000000000e+02,8.810000000000000000e+02,8.820000000000000000e+02,8.830000000000000000e+02,8.840000000000000000e+02,8.850000000000000000e+02,8.860000000000000000e+02,8.870000000000000000e+02,8.880000000000000000e+02,8.890000000000000000e+02,8.900000000000000000e+02,8.910000000000000000e+02,8.920000000000000000e+02,8.930000000000000000e+02,8.940000000000000000e+02,8.950000000000000000e+02,8.960000000000000000e+02,8.970000000000000000e+02,8.980000000000000000e+02,8.990000000000000000e+02,9.000000000000000000e+02,9.010000000000000000e+02,9.020000000000000000e+02,9.030000000000000000e+02,9.040000000000000000e+02,9.050000000000000000e+02,9.060000000000000000e+02,9.070000000000000000e+02,9.080000000000000000e+02,9.090000000000000000e+02,9.100000000000000000e+02,9.110000000000000000e+02,9.120000000000000000e+02,9.130000000000000000e+02,9.140000000000000000e+02,9.150000000000000000e+02,9.160000000000000000e+02,9.170000000000000000e+02,9.180000000000000000e+02,9.190000000000000000e+02,9.200000000000000000e+02,9.210000000000000000e+02,9.220000000000000000e+02,9.230000000000000000e+02,9.240000000000000000e+02,9.250000000000000000e+02,9.260000000000000000e+02,9.270000000000000000e+02,9.280000000000000000e+02,9.290000000000000000e+02,9.300000000000000000e+02,9.310000000000000000e+02,9.320000000000000000e+02,9.330000000000000000e+02,9.340000000000000000e+02,9.350000000000000000e+02,9.360000000000000000e+02,9.370000000000000000e+02,9.380000000000000000e+02,9.390000000000000000e+02,9.400000000000000000e+02,9.410000000000000000e+02,9.420000000000000000e+02,9.430000000000000000e+02,9.440000000000000000e+02,9.450000000000000000e+02,9.460000000000000000e+02,9.470000000000000000e+02,9.480000000000000000e+02,9.490000000000000000e+02,9.500000000000000000e+02,9.510000000000000000e+02,9.520000000000000000e+02,9.530000000000000000e+02,9.540000000000000000e+02,9.550000000000000000e+02,9.560000000000000000e+02,9.570000000000000000e+02,9.580000000000000000e+02,9.590000000000000000e+02,9.600000000000000000e+02,9.610000000000000000e+02,9.620000000000000000e+02,9.630000000000000000e+02,9.640000000000000000e+02,9.650000000000000000e+02,9.660000000000000000e+02,9.670000000000000000e+02,9.680000000000000000e+02,9.690000000000000000e+02,9.700000000000000000e+02,9.710000000000000000e+02,8.440000000000000000e+02,8.450000000000000000e+02,8.460000000000000000e+02,8.470000000000000000e+02,8.480000000000000000e+02,8.490000000000000000e+02,8.500000000000000000e+02,8.510000000000000000e+02,8.520000000000000000e+02,8.530000000000000000e+02,8.540000000000000000e+02,8.550000000000000000e+02,8.560000000000000000e+02,8.570000000000000000e+02,8.580000000000000000e+02,8.590000000000000000e+02,8.600000000000000000e+02,8.610000000000000000e+02,8.620000000000000000e+02,8.630000000000000000e+02,8.640000000000000000e+02,8.650000000000000000e+02,8.660000000000000000e+02,8.670000000000000000e+02,8.680000000000000000e+02,8.690000000000000000e+02,8.700000000000000000e+02,8.710000000000000000e+02,8.720000000000000000e+02,8.730000000000000000e+02,8.740000000000000000e+02,8.750000000000000000e+02,8.760000000000000000e+02,8.770000000000000000e+02,8.780000000000000000e+02,8.790000000000000000e+02,8.800000000000000000e+02,8.810000000000000000e+02,8.820000000000000000e+02,8.830000000000000000e+02,8.840000000000000000e+02,8.850000000000000000e+02,8.860000000000000000e+02,8.870000000000000000e+02,8.880000000000000000e+02,8.890000000000000000e+02,8.900000000000000000e+02,8.910000000000000000e+02,8.920000000000000000e+02,8.930000000000000000e+02,8.940000000000000000e+02,8.950000000000000000e+02,8.960000000000000000e+02,8.970000000000000000e+02,8.980000000000000000e+02,8.990000000000000000e+02,9.000000000000000000e+02,9.010000000000000000e+02,9.020000000000000000e+02,9.030000000000000000e+02,9.040000000000000000e+02,9.050000000000000000e+02,9.060000000000000000e+02,9.070000000000000000e+02,9.080000000000000000e+02,9.090000000000000000e+02,9.100000000000000000e+02,9.110000000000000000e+02,9.120000000000000000e+02,9.130000000000000000e+02,9.140000000000000000e+02,9.150000000000000000e+02,9.160000000000000000e+02,9.170000000000000000e+02,9.180000000000000000e+02,9.190000000000000000e+02,9.200000000000000000e+02,9.210000000000000000e+02,9.220000000000000000e+02,9.230000000000000000e+02,9.240000000000000000e+02,9.250000000000000000e+02,9.260000000000000000e+02,9.270000000000000000e+02,9.280000000000000000e+02,9.290000000000000000e+02,9.300000000000000000e+02,9.310000000000000000e+02,9.320000000000000000e+02,9.330000000000000000e+02,9.340000000000000000e+02,9.350000000000000000e+02,9.360000000000000000e+02,9.370000000000000000e+02,9.380000000000000000e+02,9.390000000000000000e+02,9.400000000000000000e+02,9.410000000000000000e+02,9.420000000000000000e+02,9.430000000000000000e+02,9.440000000000000000e+02,9.450000000000000000e+02,9.460000000000000000e+02,9.470000000000000000e+02,9.480000000000000000e+02,9.490000000000000000e+02,9.500000000000000000e+02,9.510000000000000000e+02,9.520000000000000000e+02,9.530000000000000000e+02,9.540000000000000000e+02,9.550000000000000000e+02,9.560000000000000000e+02,9.570000000000000000e+02,9.580000000000000000e+02,9.590000000000000000e+02,9.600000000000000000e+02,9.610000000000000000e+02,9.620000000000000000e+02,9.630000000000000000e+02,9.640000000000000000e+02,9.650000000000000000e+02,9.660000000000000000e+02,9.670000000000000000e+02,9.680000000000000000e+02,9.690000000000000000e+02,9.700000000000000000e+02,8.440000000000000000e+02,8.450000000000000000e+02,8.460000000000000000e+02,8.470000000000000000e+02,8.480000000000000000e+02,8.490000000000000000e+02,8.500000000000000000e+02,8.510000000000000000e+02,8.520000000000000000e+02,8.530000000000000000e+02,8.540000000000000000e+02,8.550000000000000000e+02,8.560000000000000000e+02,8.570000000000000000e+02,8.580000000000000000e+02,8.590000000000000000e+02,8.600000000000000000e+02,8.610000000000000000e+02,8.620000000000000000e+02,8.630000000000000000e+02,8.640000000000000000e+02,8.650000000000000000e+02,8.660000000000000000e+02,8.670000000000000000e+02,8.680000000000000000e+02,8.690000000000000000e+02,8.700000000000000000e+02,8.710000000000000000e+02,8.720000000000000000e+02,8.730000000000000000e+02,8.740000000000000000e+02,8.750000000000000000e+02,8.760000000000000000e+02,8.770000000000000000e+02,8.780000000000000000e+02,8.790000000000000000e+02,8.800000000000000000e+02,8.810000000000000000e+02,8.820000000000000000e+02,8.830000000000000000e+02,8.840000000000000000e+02,8.850000000000000000e+02,8.860000000000000000e+02,8.870000000000000000e+02,8.880000000000000000e+02,8.890000000000000000e+02,8.900000000000000000e+02,8.910000000000000000e+02,8.920000000000000000e+02,8.930000000000000000e+02,8.940000000000000000e+02,8.950000000000000000e+02,8.960000000000000000e+02,8.970000000000000000e+02,8.980000000000000000e+02,8.990000000000000000e+02,9.000000000000000000e+02,9.010000000000000000e+02,9.020000000000000000e+02,9.030000000000000000e+02,9.040000000000000000e+02,9.050000000000000000e+02,9.060000000000000000e+02,9.070000000000000000e+02,9.080000000000000000e+02,9.090000000000000000e+02,9.100000000000000000e+02,9.110000000000000000e+02,9.120000000000000000e+02,9.130000000000000000e+02,9.140000000000000000e+02,9.150000000000000000e+02,9.160000000000000000e+02,9.170000000000000000e+02,9.180000000000000000e+02,9.190000000000000000e+02,9.200000000000000000e+02,9.210000000000000000e+02,9.220000000000000000e+02,9.230000000000000000e+02,9.240000000000000000e+02,9.250000000000000000e+02,9.260000000000000000e+02,9.270000000000000000e+02,9.280000000000000000e+02,9.290000000000000000e+02,9.300000000000000000e+02,9.310000000000000000e+02,9.320000000000000000e+02,9.330000000000000000e+02,9.340000000000000000e+02,9.350000000000000000e+02,9.360000000000000000e+02,9.370000000000000000e+02,9.380000000000000000e+02,9.390000000000000000e+02,9.400000000000000000e+02,9.410000000000000000e+02,9.420000000000000000e+02,9.430000000000000000e+02,9.440000000000000000e+02,9.450000000000000000e+02,9.460000000000000000e+02,9.470000000000000000e+02,9.480000000000000000e+02,9.490000000000000000e+02,9.500000000000000000e+02,9.510000000000000000e+02,9.520000000000000000e+02,9.530000000000000000e+02,9.540000000000000000e+02,9.550000000000000000e+02,9.560000000000000000e+02,9.570000000000000000e+02,9.580000000000000000e+02,9.590000000000000000e+02,9.600000000000000000e+02,9.610000000000000000e+02,9.620000000000000000e+02,9.630000000000000000e+02,9.640000000000000000e+02,9.650000000000000000e+02,9.660000000000000000e+02,9.670000000000000000e+02,9.680000000000000000e+02,9.690000000000000000e+02,9.700000000000000000e+02,8.440000000000000000e+02,8.450000000000000000e+02,8.460000000000000000e+02,8.470000000000000000e+02,8.480000000000000000e+02,8.490000000000000000e+02,8.500000000000000000e+02,8.510000000000000000e+02,8.520000000000000000e+02,8.530000000000000000e+02,8.540000000000000000e+02,8.550000000000000000e+02,8.560000000000000000e+02,8.570000000000000000e+02,8.580000000000000000e+02,8.590000000000000000e+02,8.600000000000000000e+02,8.610000000000000000e+02,8.620000000000000000e+02,8.630000000000000000e+02,8.640000000000000000e+02,8.650000000000000000e+02,8.660000000000000000e+02,8.670000000000000000e+02,8.680000000000000000e+02,8.690000000000000000e+02,8.700000000000000000e+02,8.710000000000000000e+02,8.720000000000000000e+02,8.730000000000000000e+02,8.740000000000000000e+02,8.750000000000000000e+02,8.760000000000000000e+02,8.770000000000000000e+02,8.780000000000000000e+02,8.790000000000000000e+02,8.800000000000000000e+02,8.810000000000000000e+02,8.820000000000000000e+02,8.830000000000000000e+02,8.840000000000000000e+02,8.850000000000000000e+02,8.860000000000000000e+02,8.870000000000000000e+02,8.880000000000000000e+02,8.890000000000000000e+02,8.900000000000000000e+02,8.910000000000000000e+02,8.920000000000000000e+02,8.930000000000000000e+02,8.940000000000000000e+02,8.950000000000000000e+02,8.960000000000000000e+02,8.970000000000000000e+02,8.980000000000000000e+02,8.990000000000000000e+02,9.000000000000000000e+02,9.010000000000000000e+02,9.020000000000000000e+02,9.030000000000000000e+02,9.040000000000000000e+02,9.050000000000000000e+02,9.060000000000000000e+02,9.070000000000000000e+02,9.080000000000000000e+02,9.090000000000000000e+02,9.100000000000000000e+02,9.110000000000000000e+02,9.120000000000000000e+02,9.130000000000000000e+02,9.140000000000000000e+02,9.150000000000000000e+02,9.160000000000000000e+02,9.170000000000000000e+02,9.180000000000000000e+02,9.190000000000000000e+02,9.200000000000000000e+02,9.210000000000000000e+02,9.220000000000000000e+02,9.230000000000000000e+02,9.240000000000000000e+02,9.250000000000000000e+02,9.260000000000000000e+02,9.270000000000000000e+02,9.280000000000000000e+02,9.290000000000000000e+02,9.300000000000000000e+02,9.310000000000000000e+02,9.320000000000000000e+02,9.330000000000000000e+02,9.340000000000000000e+02,9.350000000000000000e+02,9.360000000000000000e+02,9.370000000000000000e+02,9.380000000000000000e+02,9.390000000000000000e+02,9.400000000000000000e+02,9.410000000000000000e+02,9.420000000000000000e+02,9.430000000000000000e+02,9.440000000000000000e+02,9.450000000000000000e+02,9.460000000000000000e+02,9.470000000000000000e+02,9.480000000000000000e+02,9.490000000000000000e+02,9.500000000000000000e+02,9.510000000000000000e+02,9.520000000000000000e+02,9.530000000000000000e+02,9.540000000000000000e+02,9.550000000000000000e+02,9.560000000000000000e+02,9.570000000000000000e+02,9.580000000000000000e+02,9.590000000000000000e+02,9.600000000000000000e+02,9.610000000000000000e+02,9.620000000000000000e+02,9.630000000000000000e+02,9.640000000000000000e+02,9.650000000000000000e+02,9.660000000000000000e+02,9.670000000000000000e+02,9.680000000000000000e+02,9.690000000000000000e+02,8.430000000000000000e+02,8.440000000000000000e+02,8.450000000000000000e+02,8.460000000000000000e+02,8.470000000000000000e+02,8.480000000000000000e+02,8.490000000000000000e+02,8.500000000000000000e+02,8.510000000000000000e+02,8.520000000000000000e+02,8.530000000000000000e+02,8.540000000000000000e+02,8.550000000000000000e+02,8.560000000000000000e+02,8.570000000000000000e+02,8.580000000000000000e+02,8.590000000000000000e+02,8.600000000000000000e+02,8.610000000000000000e+02,8.620000000000000000e+02,8.630000000000000000e+02,8.640000000000000000e+02,8.650000000000000000e+02,8.660000000000000000e+02,8.670000000000000000e+02,8.680000000000000000e+02,8.690000000000000000e+02,8.700000000000000000e+02,8.710000000000000000e+02,8.720000000000000000e+02,8.730000000000000000e+02,8.740000000000000000e+02,8.750000000000000000e+02,8.760000000000000000e+02,8.770000000000000000e+02,8.780000000000000000e+02,8.790000000000000000e+02,8.800000000000000000e+02,8.810000000000000000e+02,8.820000000000000000e+02,8.830000000000000000e+02,8.840000000000000000e+02,8.850000000000000000e+02,8.860000000000000000e+02,8.870000000000000000e+02,8.880000000000000000e+02,8.890000000000000000e+02,8.900000000000000000e+02,8.910000000000000000e+02,8.920000000000000000e+02,8.930000000000000000e+02,8.940000000000000000e+02,8.950000000000000000e+02,8.960000000000000000e+02,8.970000000000000000e+02,8.980000000000000000e+02,8.990000000000000000e+02,9.000000000000000000e+02,9.010000000000000000e+02,9.020000000000000000e+02,9.030000000000000000e+02,9.040000000000000000e+02,9.050000000000000000e+02,9.060000000000000000e+02,9.070000000000000000e+02,9.080000000000000000e+02,9.090000000000000000e+02,9.100000000000000000e+02,9.110000000000000000e+02,9.120000000000000000e+02,9.130000000000000000e+02,9.140000000000000000e+02,9.150000000000000000e+02,9.160000000000000000e+02,9.170000000000000000e+02,9.180000000000000000e+02,9.190000000000000000e+02,9.200000000000000000e+02,9.210000000000000000e+02,9.220000000000000000e+02,9.230000000000000000e+02,9.240000000000000000e+02,9.250000000000000000e+02,9.260000000000000000e+02,9.270000000000000000e+02,9.280000000000000000e+02,9.290000000000000000e+02,9.300000000000000000e+02,9.310000000000000000e+02,9.320000000000000000e+02,9.330000000000000000e+02,9.340000000000000000e+02,9.350000000000000000e+02,9.360000000000000000e+02,9.370000000000000000e+02,9.380000000000000000e+02,9.390000000000000000e+02,9.400000000000000000e+02,9.410000000000000000e+02,9.420000000000000000e+02,9.430000000000000000e+02,9.440000000000000000e+02,9.450000000000000000e+02,9.460000000000000000e+02,9.470000000000000000e+02,9.480000000000000000e+02,9.490000000000000000e+02,9.500000000000000000e+02,9.510000000000000000e+02,9.520000000000000000e+02,9.530000000000000000e+02,9.540000000000000000e+02,9.550000000000000000e+02,9.560000000000000000e+02,9.570000000000000000e+02,9.580000000000000000e+02,9.590000000000000000e+02,9.600000000000000000e+02,9.610000000000000000e+02,9.620000000000000000e+02,9.630000000000000000e+02,9.640000000000000000e+02,9.650000000000000000e+02,9.660000000000000000e+02,9.670000000000000000e+02,9.680000000000000000e+02,9.690000000000000000e+02,8.430000000000000000e+02,8.440000000000000000e+02,8.450000000000000000e+02,8.460000000000000000e+02,8.470000000000000000e+02,8.480000000000000000e+02,8.490000000000000000e+02,8.500000000000000000e+02,8.510000000000000000e+02,8.520000000000000000e+02,8.530000000000000000e+02,8.540000000000000000e+02,8.550000000000000000e+02,8.560000000000000000e+02,8.570000000000000000e+02,8.580000000000000000e+02,8.590000000000000000e+02,8.600000000000000000e+02,8.610000000000000000e+02,8.620000000000000000e+02,8.630000000000000000e+02,8.640000000000000000e+02,8.650000000000000000e+02,8.660000000000000000e+02,8.670000000000000000e+02,8.680000000000000000e+02,8.690000000000000000e+02,8.700000000000000000e+02,8.710000000000000000e+02,8.720000000000000000e+02,8.730000000000000000e+02,8.740000000000000000e+02,8.750000000000000000e+02,8.760000000000000000e+02,8.770000000000000000e+02,8.780000000000000000e+02,8.790000000000000000e+02,8.800000000000000000e+02,8.810000000000000000e+02,8.820000000000000000e+02,8.830000000000000000e+02,8.840000000000000000e+02,8.850000000000000000e+02,8.860000000000000000e+02,8.870000000000000000e+02,8.880000000000000000e+02,8.890000000000000000e+02,8.900000000000000000e+02,8.910000000000000000e+02,8.920000000000000000e+02,8.930000000000000000e+02,8.940000000000000000e+02,8.950000000000000000e+02,8.960000000000000000e+02,8.970000000000000000e+02,8.980000000000000000e+02,8.990000000000000000e+02,9.000000000000000000e+02,9.010000000000000000e+02,9.020000000000000000e+02,9.030000000000000000e+02,9.040000000000000000e+02,9.050000000000000000e+02,9.060000000000000000e+02,9.070000000000000000e+02,9.080000000000000000e+02,9.090000000000000000e+02,9.100000000000000000e+02,9.110000000000000000e+02,9.120000000000000000e+02,9.130000000000000000e+02,9.140000000000000000e+02,9.150000000000000000e+02,9.160000000000000000e+02,9.170000000000000000e+02,9.180000000000000000e+02,9.190000000000000000e+02,9.200000000000000000e+02,9.210000000000000000e+02,9.220000000000000000e+02,9.230000000000000000e+02,9.240000000000000000e+02,9.250000000000000000e+02,9.260000000000000000e+02,9.270000000000000000e+02,9.280000000000000000e+02,9.290000000000000000e+02,9.300000000000000000e+02,9.310000000000000000e+02,9.320000000000000000e+02,9.330000000000000000e+02,9.340000000000000000e+02,9.350000000000000000e+02,9.360000000000000000e+02,9.370000000000000000e+02,9.380000000000000000e+02,9.390000000000000000e+02,9.400000000000000000e+02,9.410000000000000000e+02,9.420000000000000000e+02,9.430000000000000000e+02,9.440000000000000000e+02,9.450000000000000000e+02,9.460000000000000000e+02,9.470000000000000000e+02,9.480000000000000000e+02,9.490000000000000000e+02,9.500000000000000000e+02,9.510000000000000000e+02,9.520000000000000000e+02,9.530000000000000000e+02,9.540000000000000000e+02,9.550000000000000000e+02,9.560000000000000000e+02,9.570000000000000000e+02,9.580000000000000000e+02,9.590000000000000000e+02,9.600000000000000000e+02,9.610000000000000000e+02,9.620000000000000000e+02,9.630000000000000000e+02,9.640000000000000000e+02,9.650000000000000000e+02,9.660000000000000000e+02,9.670000000000000000e+02,9.680000000000000000e+02,8.430000000000000000e+02,8.440000000000000000e+02,8.450000000000000000e+02,8.460000000000000000e+02,8.470000000000000000e+02,8.480000000000000000e+02,8.490000000000000000e+02,8.500000000000000000e+02,8.510000000000000000e+02,8.520000000000000000e+02,8.530000000000000000e+02,8.540000000000000000e+02,8.550000000000000000e+02,8.560000000000000000e+02,8.570000000000000000e+02,8.580000000000000000e+02,8.590000000000000000e+02,8.600000000000000000e+02,8.610000000000000000e+02,8.620000000000000000e+02,8.630000000000000000e+02,8.640000000000000000e+02,8.650000000000000000e+02,8.660000000000000000e+02,8.670000000000000000e+02,8.680000000000000000e+02,8.690000000000000000e+02,8.700000000000000000e+02,8.710000000000000000e+02,8.720000000000000000e+02,8.730000000000000000e+02,8.740000000000000000e+02,8.750000000000000000e+02,8.760000000000000000e+02,8.770000000000000000e+02,8.780000000000000000e+02,8.790000000000000000e+02,8.800000000000000000e+02,8.810000000000000000e+02,8.820000000000000000e+02,8.830000000000000000e+02,8.840000000000000000e+02,8.850000000000000000e+02,8.860000000000000000e+02,8.870000000000000000e+02,8.880000000000000000e+02,8.890000000000000000e+02,8.900000000000000000e+02,8.910000000000000000e+02,8.920000000000000000e+02,8.930000000000000000e+02,8.940000000000000000e+02,8.950000000000000000e+02,8.960000000000000000e+02,8.970000000000000000e+02,8.980000000000000000e+02,8.990000000000000000e+02,9.000000000000000000e+02,9.010000000000000000e+02,9.020000000000000000e+02,9.030000000000000000e+02,9.040000000000000000e+02,9.050000000000000000e+02,9.060000000000000000e+02,9.070000000000000000e+02,9.080000000000000000e+02,9.090000000000000000e+02,9.100000000000000000e+02,9.110000000000000000e+02,9.120000000000000000e+02,9.130000000000000000e+02,9.140000000000000000e+02,9.150000000000000000e+02,9.160000000000000000e+02,9.170000000000000000e+02,9.180000000000000000e+02,9.190000000000000000e+02,9.200000000000000000e+02,9.210000000000000000e+02,9.220000000000000000e+02,9.230000000000000000e+02,9.240000000000000000e+02,9.250000000000000000e+02,9.260000000000000000e+02,9.270000000000000000e+02,9.280000000000000000e+02,9.290000000000000000e+02,9.300000000000000000e+02,9.310000000000000000e+02,9.320000000000000000e+02,9.330000000000000000e+02,9.340000000000000000e+02,9.350000000000000000e+02,9.360000000000000000e+02,9.370000000000000000e+02,9.380000000000000000e+02,9.390000000000000000e+02,9.400000000000000000e+02,9.410000000000000000e+02,9.420000000000000000e+02,9.430000000000000000e+02,9.440000000000000000e+02,9.450000000000000000e+02,9.460000000000000000e+02,9.470000000000000000e+02,9.480000000000000000e+02,9.490000000000000000e+02,9.500000000000000000e+02,9.510000000000000000e+02,9.520000000000000000e+02,9.530000000000000000e+02,9.540000000000000000e+02,9.550000000000000000e+02,9.560000000000000000e+02,9.570000000000000000e+02,9.580000000000000000e+02,9.590000000000000000e+02,9.600000000000000000e+02,9.610000000000000000e+02,9.620000000000000000e+02,9.630000000000000000e+02,9.640000000000000000e+02,9.650000000000000000e+02,9.660000000000000000e+02,9.670000000000000000e+02,9.680000000000000000e+02,8.430000000000000000e+02,8.440000000000000000e+02,8.450000000000000000e+02,8.460000000000000000e+02,8.470000000000000000e+02,8.480000000000000000e+02,8.490000000000000000e+02,8.500000000000000000e+02,8.510000000000000000e+02,8.520000000000000000e+02,8.530000000000000000e+02,8.540000000000000000e+02,8.550000000000000000e+02,8.560000000000000000e+02,8.570000000000000000e+02,8.580000000000000000e+02,8.590000000000000000e+02,8.600000000000000000e+02,8.610000000000000000e+02,8.620000000000000000e+02,8.630000000000000000e+02,8.640000000000000000e+02,8.650000000000000000e+02,8.660000000000000000e+02,8.670000000000000000e+02,8.680000000000000000e+02,8.690000000000000000e+02,8.700000000000000000e+02,8.710000000000000000e+02,8.720000000000000000e+02,8.730000000000000000e+02,8.740000000000000000e+02,8.750000000000000000e+02,8.760000000000000000e+02,8.770000000000000000e+02,8.780000000000000000e+02,8.790000000000000000e+02,8.800000000000000000e+02,8.810000000000000000e+02,8.820000000000000000e+02,8.830000000000000000e+02,8.840000000000000000e+02,8.850000000000000000e+02,8.860000000000000000e+02,8.870000000000000000e+02,8.880000000000000000e+02,8.890000000000000000e+02,8.900000000000000000e+02,8.910000000000000000e+02,8.920000000000000000e+02,8.930000000000000000e+02,8.940000000000000000e+02,8.950000000000000000e+02,8.960000000000000000e+02,8.970000000000000000e+02,8.980000000000000000e+02,8.990000000000000000e+02,9.000000000000000000e+02,9.010000000000000000e+02,9.020000000000000000e+02,9.030000000000000000e+02,9.040000000000000000e+02,9.050000000000000000e+02,9.060000000000000000e+02,9.070000000000000000e+02,9.080000000000000000e+02,9.090000000000000000e+02,9.100000000000000000e+02,9.110000000000000000e+02,9.120000000000000000e+02,9.130000000000000000e+02,9.140000000000000000e+02,9.150000000000000000e+02,9.160000000000000000e+02,9.170000000000000000e+02,9.180000000000000000e+02,9.190000000000000000e+02,9.200000000000000000e+02,9.210000000000000000e+02,9.220000000000000000e+02,9.230000000000000000e+02,9.240000000000000000e+02,9.250000000000000000e+02,9.260000000000000000e+02,9.270000000000000000e+02,9.280000000000000000e+02,9.290000000000000000e+02,9.300000000000000000e+02,9.310000000000000000e+02,9.320000000000000000e+02,9.330000000000000000e+02,9.340000000000000000e+02,9.350000000000000000e+02,9.360000000000000000e+02,9.370000000000000000e+02,9.380000000000000000e+02,9.390000000000000000e+02,9.400000000000000000e+02,9.410000000000000000e+02,9.420000000000000000e+02,9.430000000000000000e+02,9.440000000000000000e+02,9.450000000000000000e+02,9.460000000000000000e+02,9.470000000000000000e+02,9.480000000000000000e+02,9.490000000000000000e+02,9.500000000000000000e+02,9.510000000000000000e+02,9.520000000000000000e+02,9.530000000000000000e+02,9.540000000000000000e+02,9.550000000000000000e+02,9.560000000000000000e+02,9.570000000000000000e+02,9.580000000000000000e+02,9.590000000000000000e+02,9.600000000000000000e+02,9.610000000000000000e+02,9.620000000000000000e+02,9.630000000000000000e+02,9.640000000000000000e+02,9.650000000000000000e+02,9.660000000000000000e+02,9.670000000000000000e+02,9.680000000000000000e+02,8.420000000000000000e+02,8.430000000000000000e+02,8.440000000000000000e+02,8.450000000000000000e+02,8.460000000000000000e+02,8.470000000000000000e+02,8.480000000000000000e+02,8.490000000000000000e+02,8.500000000000000000e+02,8.510000000000000000e+02,8.520000000000000000e+02,8.530000000000000000e+02,8.540000000000000000e+02,8.550000000000000000e+02,8.560000000000000000e+02,8.570000000000000000e+02,8.580000000000000000e+02,8.590000000000000000e+02,8.600000000000000000e+02,8.610000000000000000e+02,8.620000000000000000e+02,8.630000000000000000e+02,8.640000000000000000e+02,8.650000000000000000e+02,8.660000000000000000e+02,8.670000000000000000e+02,8.680000000000000000e+02,8.690000000000000000e+02,8.700000000000000000e+02,8.710000000000000000e+02,8.720000000000000000e+02,8.730000000000000000e+02,8.740000000000000000e+02,8.750000000000000000e+02,8.760000000000000000e+02,8.770000000000000000e+02,8.780000000000000000e+02,8.790000000000000000e+02,8.800000000000000000e+02,8.810000000000000000e+02,8.820000000000000000e+02,8.830000000000000000e+02,8.840000000000000000e+02,8.850000000000000000e+02,8.860000000000000000e+02,8.870000000000000000e+02,8.880000000000000000e+02,8.890000000000000000e+02,8.900000000000000000e+02,8.910000000000000000e+02,8.920000000000000000e+02,8.930000000000000000e+02,8.940000000000000000e+02,8.950000000000000000e+02,8.960000000000000000e+02,8.970000000000000000e+02,8.980000000000000000e+02,8.990000000000000000e+02,9.000000000000000000e+02,9.010000000000000000e+02,9.020000000000000000e+02,9.030000000000000000e+02,9.040000000000000000e+02,9.050000000000000000e+02,9.060000000000000000e+02,9.070000000000000000e+02,9.080000000000000000e+02,9.090000000000000000e+02,9.100000000000000000e+02,9.110000000000000000e+02,9.120000000000000000e+02,9.130000000000000000e+02,9.140000000000000000e+02,9.150000000000000000e+02,9.160000000000000000e+02,9.170000000000000000e+02,9.180000000000000000e+02,9.190000000000000000e+02,9.200000000000000000e+02,9.210000000000000000e+02,9.220000000000000000e+02,9.230000000000000000e+02,9.240000000000000000e+02,9.250000000000000000e+02,9.260000000000000000e+02,9.270000000000000000e+02,9.280000000000000000e+02,9.290000000000000000e+02,9.300000000000000000e+02,9.310000000000000000e+02,9.320000000000000000e+02,9.330000000000000000e+02,9.340000000000000000e+02,9.350000000000000000e+02,9.360000000000000000e+02,9.370000000000000000e+02,9.380000000000000000e+02,9.390000000000000000e+02,9.400000000000000000e+02,9.410000000000000000e+02,9.420000000000000000e+02,9.430000000000000000e+02,9.440000000000000000e+02,9.450000000000000000e+02,9.460000000000000000e+02,9.470000000000000000e+02,9.480000000000000000e+02,9.490000000000000000e+02,9.500000000000000000e+02,9.510000000000000000e+02,9.520000000000000000e+02,9.530000000000000000e+02,9.540000000000000000e+02,9.550000000000000000e+02,9.560000000000000000e+02,9.570000000000000000e+02,9.580000000000000000e+02,9.590000000000000000e+02,9.600000000000000000e+02,9.610000000000000000e+02,9.620000000000000000e+02,9.630000000000000000e+02,9.640000000000000000e+02,9.650000000000000000e+02,9.660000000000000000e+02,9.670000000000000000e+02,8.420000000000000000e+02,8.430000000000000000e+02,8.440000000000000000e+02,8.450000000000000000e+02,8.460000000000000000e+02,8.470000000000000000e+02,8.480000000000000000e+02,8.490000000000000000e+02,8.500000000000000000e+02,8.510000000000000000e+02,8.520000000000000000e+02,8.530000000000000000e+02,8.540000000000000000e+02,8.550000000000000000e+02,8.560000000000000000e+02,8.570000000000000000e+02,8.580000000000000000e+02,8.590000000000000000e+02,8.600000000000000000e+02,8.610000000000000000e+02,8.620000000000000000e+02,8.630000000000000000e+02,8.640000000000000000e+02,8.650000000000000000e+02,8.660000000000000000e+02,8.670000000000000000e+02,8.680000000000000000e+02,8.690000000000000000e+02,8.700000000000000000e+02,8.710000000000000000e+02,8.720000000000000000e+02,8.730000000000000000e+02,8.740000000000000000e+02,8.750000000000000000e+02,8.760000000000000000e+02,8.770000000000000000e+02,8.780000000000000000e+02,8.790000000000000000e+02,8.800000000000000000e+02,8.810000000000000000e+02,8.820000000000000000e+02,8.830000000000000000e+02,8.840000000000000000e+02,8.850000000000000000e+02,8.860000000000000000e+02,8.870000000000000000e+02,8.880000000000000000e+02,8.890000000000000000e+02,8.900000000000000000e+02,8.910000000000000000e+02,8.920000000000000000e+02,8.930000000000000000e+02,8.940000000000000000e+02,8.950000000000000000e+02,8.960000000000000000e+02,8.970000000000000000e+02,8.980000000000000000e+02,8.990000000000000000e+02,9.000000000000000000e+02,9.010000000000000000e+02,9.020000000000000000e+02,9.030000000000000000e+02,9.040000000000000000e+02,9.050000000000000000e+02,9.060000000000000000e+02,9.070000000000000000e+02,9.080000000000000000e+02,9.090000000000000000e+02,9.100000000000000000e+02,9.110000000000000000e+02,9.120000000000000000e+02,9.130000000000000000e+02,9.140000000000000000e+02,9.150000000000000000e+02,9.160000000000000000e+02,9.170000000000000000e+02,9.180000000000000000e+02,9.190000000000000000e+02,9.200000000000000000e+02,9.210000000000000000e+02,9.220000000000000000e+02,9.230000000000000000e+02,9.240000000000000000e+02,9.250000000000000000e+02,9.260000000000000000e+02,9.270000000000000000e+02,9.280000000000000000e+02,9.290000000000000000e+02,9.300000000000000000e+02,9.310000000000000000e+02,9.320000000000000000e+02,9.330000000000000000e+02,9.340000000000000000e+02,9.350000000000000000e+02,9.360000000000000000e+02,9.370000000000000000e+02,9.380000000000000000e+02,9.390000000000000000e+02,9.400000000000000000e+02,9.410000000000000000e+02,9.420000000000000000e+02,9.430000000000000000e+02,9.440000000000000000e+02,9.450000000000000000e+02,9.460000000000000000e+02,9.470000000000000000e+02,9.480000000000000000e+02,9.490000000000000000e+02,9.500000000000000000e+02,9.510000000000000000e+02,9.520000000000000000e+02,9.530000000000000000e+02,9.540000000000000000e+02,9.550000000000000000e+02,9.560000000000000000e+02,9.570000000000000000e+02,9.580000000000000000e+02,9.590000000000000000e+02,9.600000000000000000e+02,9.610000000000000000e+02,9.620000000000000000e+02,9.630000000000000000e+02,9.640000000000000000e+02,9.650000000000000000e+02,9.660000000000000000e+02,9.670000000000000000e+02,8.420000000000000000e+02,8.430000000000000000e+02,8.440000000000000000e+02,8.450000000000000000e+02,8.460000000000000000e+02,8.470000000000000000e+02,8.480000000000000000e+02,8.490000000000000000e+02,8.500000000000000000e+02,8.510000000000000000e+02,8.520000000000000000e+02,8.530000000000000000e+02,8.540000000000000000e+02,8.550000000000000000e+02,8.560000000000000000e+02,8.570000000000000000e+02,8.580000000000000000e+02,8.590000000000000000e+02,8.600000000000000000e+02,8.610000000000000000e+02,8.620000000000000000e+02,8.630000000000000000e+02,8.640000000000000000e+02,8.650000000000000000e+02,8.660000000000000000e+02,8.670000000000000000e+02,8.680000000000000000e+02,8.690000000000000000e+02,8.700000000000000000e+02,8.710000000000000000e+02,8.720000000000000000e+02,8.730000000000000000e+02,8.740000000000000000e+02,8.750000000000000000e+02,8.760000000000000000e+02,8.770000000000000000e+02,8.780000000000000000e+02,8.790000000000000000e+02,8.800000000000000000e+02,8.810000000000000000e+02,8.820000000000000000e+02,8.830000000000000000e+02,8.840000000000000000e+02,8.850000000000000000e+02,8.860000000000000000e+02,8.870000000000000000e+02,8.880000000000000000e+02,8.890000000000000000e+02,8.900000000000000000e+02,8.910000000000000000e+02,8.920000000000000000e+02,8.930000000000000000e+02,8.940000000000000000e+02,8.950000000000000000e+02,8.960000000000000000e+02,8.970000000000000000e+02,8.980000000000000000e+02,8.990000000000000000e+02,9.000000000000000000e+02,9.010000000000000000e+02,9.020000000000000000e+02,9.030000000000000000e+02,9.040000000000000000e+02,9.050000000000000000e+02,9.060000000000000000e+02,9.070000000000000000e+02,9.080000000000000000e+02,9.090000000000000000e+02,9.100000000000000000e+02,9.110000000000000000e+02,9.120000000000000000e+02,9.130000000000000000e+02,9.140000000000000000e+02,9.150000000000000000e+02,9.160000000000000000e+02,9.170000000000000000e+02,9.180000000000000000e+02,9.190000000000000000e+02,9.200000000000000000e+02,9.210000000000000000e+02,9.220000000000000000e+02,9.230000000000000000e+02,9.240000000000000000e+02,9.250000000000000000e+02,9.260000000000000000e+02,9.270000000000000000e+02,9.280000000000000000e+02,9.290000000000000000e+02,9.300000000000000000e+02,9.310000000000000000e+02,9.320000000000000000e+02,9.330000000000000000e+02,9.340000000000000000e+02,9.350000000000000000e+02,9.360000000000000000e+02,9.370000000000000000e+02,9.380000000000000000e+02,9.390000000000000000e+02,9.400000000000000000e+02,9.410000000000000000e+02,9.420000000000000000e+02,9.430000000000000000e+02,9.440000000000000000e+02,9.450000000000000000e+02,9.460000000000000000e+02,9.470000000000000000e+02,9.480000000000000000e+02,9.490000000000000000e+02,9.500000000000000000e+02,9.510000000000000000e+02,9.520000000000000000e+02,9.530000000000000000e+02,9.540000000000000000e+02,9.550000000000000000e+02,9.560000000000000000e+02,9.570000000000000000e+02,9.580000000000000000e+02,9.590000000000000000e+02,9.600000000000000000e+02,9.610000000000000000e+02,9.620000000000000000e+02,9.630000000000000000e+02,9.640000000000000000e+02,9.650000000000000000e+02,9.660000000000000000e+02,8.410000000000000000e+02,8.420000000000000000e+02,8.430000000000000000e+02,8.440000000000000000e+02,8.450000000000000000e+02,8.460000000000000000e+02,8.470000000000000000e+02,8.480000000000000000e+02,8.490000000000000000e+02,8.500000000000000000e+02,8.510000000000000000e+02,8.520000000000000000e+02,8.530000000000000000e+02,8.540000000000000000e+02,8.550000000000000000e+02,8.560000000000000000e+02,8.570000000000000000e+02,8.580000000000000000e+02,8.590000000000000000e+02,8.600000000000000000e+02,8.610000000000000000e+02,8.620000000000000000e+02,8.630000000000000000e+02,8.640000000000000000e+02,8.650000000000000000e+02,8.660000000000000000e+02,8.670000000000000000e+02,8.680000000000000000e+02,8.690000000000000000e+02,8.700000000000000000e+02,8.710000000000000000e+02,8.720000000000000000e+02,8.730000000000000000e+02,8.740000000000000000e+02,8.750000000000000000e+02,8.760000000000000000e+02,8.770000000000000000e+02,8.780000000000000000e+02,8.790000000000000000e+02,8.800000000000000000e+02,8.810000000000000000e+02,8.820000000000000000e+02,8.830000000000000000e+02,8.840000000000000000e+02,8.850000000000000000e+02,8.860000000000000000e+02,8.870000000000000000e+02,8.880000000000000000e+02,8.890000000000000000e+02,8.900000000000000000e+02,8.910000000000000000e+02,8.920000000000000000e+02,8.930000000000000000e+02,8.940000000000000000e+02,8.950000000000000000e+02,8.960000000000000000e+02,8.970000000000000000e+02,8.980000000000000000e+02,8.990000000000000000e+02,9.000000000000000000e+02,9.010000000000000000e+02,9.020000000000000000e+02,9.030000000000000000e+02,9.040000000000000000e+02,9.050000000000000000e+02,9.060000000000000000e+02,9.070000000000000000e+02,9.080000000000000000e+02,9.090000000000000000e+02,9.100000000000000000e+02,9.110000000000000000e+02,9.120000000000000000e+02,9.130000000000000000e+02,9.140000000000000000e+02,9.150000000000000000e+02,9.160000000000000000e+02,9.170000000000000000e+02,9.180000000000000000e+02,9.190000000000000000e+02,9.200000000000000000e+02,9.210000000000000000e+02,9.220000000000000000e+02,9.230000000000000000e+02,9.240000000000000000e+02,9.250000000000000000e+02,9.260000000000000000e+02,9.270000000000000000e+02,9.280000000000000000e+02,9.290000000000000000e+02,9.300000000000000000e+02,9.310000000000000000e+02,9.320000000000000000e+02,9.330000000000000000e+02,9.340000000000000000e+02,9.350000000000000000e+02,9.360000000000000000e+02,9.370000000000000000e+02,9.380000000000000000e+02,9.390000000000000000e+02,9.400000000000000000e+02,9.410000000000000000e+02,9.420000000000000000e+02,9.430000000000000000e+02,9.440000000000000000e+02,9.450000000000000000e+02,9.460000000000000000e+02,9.470000000000000000e+02,9.480000000000000000e+02,9.490000000000000000e+02,9.500000000000000000e+02,9.510000000000000000e+02,9.520000000000000000e+02,9.530000000000000000e+02,9.540000000000000000e+02,9.550000000000000000e+02,9.560000000000000000e+02,9.570000000000000000e+02,9.580000000000000000e+02,9.590000000000000000e+02,9.600000000000000000e+02,9.610000000000000000e+02,9.620000000000000000e+02,9.630000000000000000e+02,9.640000000000000000e+02,9.650000000000000000e+02,9.660000000000000000e+02,8.410000000000000000e+02,8.420000000000000000e+02,8.430000000000000000e+02,8.440000000000000000e+02,8.450000000000000000e+02,8.460000000000000000e+02,8.470000000000000000e+02,8.480000000000000000e+02,8.490000000000000000e+02,8.500000000000000000e+02,8.510000000000000000e+02,8.520000000000000000e+02,8.530000000000000000e+02,8.540000000000000000e+02,8.550000000000000000e+02,8.560000000000000000e+02,8.570000000000000000e+02,8.580000000000000000e+02,8.590000000000000000e+02,8.600000000000000000e+02,8.610000000000000000e+02,8.620000000000000000e+02,8.630000000000000000e+02,8.640000000000000000e+02,8.650000000000000000e+02,8.660000000000000000e+02,8.670000000000000000e+02,8.680000000000000000e+02,8.690000000000000000e+02,8.700000000000000000e+02,8.710000000000000000e+02,8.720000000000000000e+02,8.730000000000000000e+02,8.740000000000000000e+02,8.750000000000000000e+02,8.760000000000000000e+02,8.770000000000000000e+02,8.780000000000000000e+02,8.790000000000000000e+02,8.800000000000000000e+02,8.810000000000000000e+02,8.820000000000000000e+02,8.830000000000000000e+02,8.840000000000000000e+02,8.850000000000000000e+02,8.860000000000000000e+02,8.870000000000000000e+02,8.880000000000000000e+02,8.890000000000000000e+02,8.900000000000000000e+02,8.910000000000000000e+02,8.920000000000000000e+02,8.930000000000000000e+02,8.940000000000000000e+02,8.950000000000000000e+02,8.960000000000000000e+02,8.970000000000000000e+02,8.980000000000000000e+02,8.990000000000000000e+02,9.000000000000000000e+02,9.010000000000000000e+02,9.020000000000000000e+02,9.030000000000000000e+02,9.040000000000000000e+02,9.050000000000000000e+02,9.060000000000000000e+02,9.070000000000000000e+02,9.080000000000000000e+02,9.090000000000000000e+02,9.100000000000000000e+02,9.110000000000000000e+02,9.120000000000000000e+02,9.130000000000000000e+02,9.140000000000000000e+02,9.150000000000000000e+02,9.160000000000000000e+02,9.170000000000000000e+02,9.180000000000000000e+02,9.190000000000000000e+02,9.200000000000000000e+02,9.210000000000000000e+02,9.220000000000000000e+02,9.230000000000000000e+02,9.240000000000000000e+02,9.250000000000000000e+02,9.260000000000000000e+02,9.270000000000000000e+02,9.280000000000000000e+02,9.290000000000000000e+02,9.300000000000000000e+02,9.310000000000000000e+02,9.320000000000000000e+02,9.330000000000000000e+02,9.340000000000000000e+02,9.350000000000000000e+02,9.360000000000000000e+02,9.370000000000000000e+02,9.380000000000000000e+02,9.390000000000000000e+02,9.400000000000000000e+02,9.410000000000000000e+02,9.420000000000000000e+02,9.430000000000000000e+02,9.440000000000000000e+02,9.450000000000000000e+02,9.460000000000000000e+02,9.470000000000000000e+02,9.480000000000000000e+02,9.490000000000000000e+02,9.500000000000000000e+02,9.510000000000000000e+02,9.520000000000000000e+02,9.530000000000000000e+02,9.540000000000000000e+02,9.550000000000000000e+02,9.560000000000000000e+02,9.570000000000000000e+02,9.580000000000000000e+02,9.590000000000000000e+02,9.600000000000000000e+02,9.610000000000000000e+02,9.620000000000000000e+02,9.630000000000000000e+02,9.640000000000000000e+02,9.650000000000000000e+02,8.400000000000000000e+02,8.410000000000000000e+02,8.420000000000000000e+02,8.430000000000000000e+02,8.440000000000000000e+02,8.450000000000000000e+02,8.460000000000000000e+02,8.470000000000000000e+02,8.480000000000000000e+02,8.490000000000000000e+02,8.500000000000000000e+02,8.510000000000000000e+02,8.520000000000000000e+02,8.530000000000000000e+02,8.540000000000000000e+02,8.550000000000000000e+02,8.560000000000000000e+02,8.570000000000000000e+02,8.580000000000000000e+02,8.590000000000000000e+02,8.600000000000000000e+02,8.610000000000000000e+02,8.620000000000000000e+02,8.630000000000000000e+02,8.640000000000000000e+02,8.650000000000000000e+02,8.660000000000000000e+02,8.670000000000000000e+02,8.680000000000000000e+02,8.690000000000000000e+02,8.700000000000000000e+02,8.710000000000000000e+02,8.720000000000000000e+02,8.730000000000000000e+02,8.740000000000000000e+02,8.750000000000000000e+02,8.760000000000000000e+02,8.770000000000000000e+02,8.780000000000000000e+02,8.790000000000000000e+02,8.800000000000000000e+02,8.810000000000000000e+02,8.820000000000000000e+02,8.830000000000000000e+02,8.840000000000000000e+02,8.850000000000000000e+02,8.860000000000000000e+02,8.870000000000000000e+02,8.880000000000000000e+02,8.890000000000000000e+02,8.900000000000000000e+02,8.910000000000000000e+02,8.920000000000000000e+02,8.930000000000000000e+02,8.940000000000000000e+02,8.950000000000000000e+02,8.960000000000000000e+02,8.970000000000000000e+02,8.980000000000000000e+02,8.990000000000000000e+02,9.000000000000000000e+02,9.010000000000000000e+02,9.020000000000000000e+02,9.030000000000000000e+02,9.040000000000000000e+02,9.050000000000000000e+02,9.060000000000000000e+02,9.070000000000000000e+02,9.080000000000000000e+02,9.090000000000000000e+02,9.100000000000000000e+02,9.110000000000000000e+02,9.120000000000000000e+02,9.130000000000000000e+02,9.140000000000000000e+02,9.150000000000000000e+02,9.160000000000000000e+02,9.170000000000000000e+02,9.180000000000000000e+02,9.190000000000000000e+02,9.200000000000000000e+02,9.210000000000000000e+02,9.220000000000000000e+02,9.230000000000000000e+02,9.240000000000000000e+02,9.250000000000000000e+02,9.260000000000000000e+02,9.270000000000000000e+02,9.280000000000000000e+02,9.290000000000000000e+02,9.300000000000000000e+02,9.310000000000000000e+02,9.320000000000000000e+02,9.330000000000000000e+02,9.340000000000000000e+02,9.350000000000000000e+02,9.360000000000000000e+02,9.370000000000000000e+02,9.380000000000000000e+02,9.390000000000000000e+02,9.400000000000000000e+02,9.410000000000000000e+02,9.420000000000000000e+02,9.430000000000000000e+02,9.440000000000000000e+02,9.450000000000000000e+02,9.460000000000000000e+02,9.470000000000000000e+02,9.480000000000000000e+02,9.490000000000000000e+02,9.500000000000000000e+02,9.510000000000000000e+02,9.520000000000000000e+02,9.530000000000000000e+02,9.540000000000000000e+02,9.550000000000000000e+02,9.560000000000000000e+02,9.570000000000000000e+02,9.580000000000000000e+02,9.590000000000000000e+02,9.600000000000000000e+02,9.610000000000000000e+02,9.620000000000000000e+02,9.630000000000000000e+02,9.640000000000000000e+02,9.650000000000000000e+02,8.400000000000000000e+02,8.410000000000000000e+02,8.420000000000000000e+02,8.430000000000000000e+02,8.440000000000000000e+02,8.450000000000000000e+02,8.460000000000000000e+02,8.470000000000000000e+02,8.480000000000000000e+02,8.490000000000000000e+02,8.500000000000000000e+02,8.510000000000000000e+02,8.520000000000000000e+02,8.530000000000000000e+02,8.540000000000000000e+02,8.550000000000000000e+02,8.560000000000000000e+02,8.570000000000000000e+02,8.580000000000000000e+02,8.590000000000000000e+02,8.600000000000000000e+02,8.610000000000000000e+02,8.620000000000000000e+02,8.630000000000000000e+02,8.640000000000000000e+02,8.650000000000000000e+02,8.660000000000000000e+02,8.670000000000000000e+02,8.680000000000000000e+02,8.690000000000000000e+02,8.700000000000000000e+02,8.710000000000000000e+02,8.720000000000000000e+02,8.730000000000000000e+02,8.740000000000000000e+02,8.750000000000000000e+02,8.760000000000000000e+02,8.770000000000000000e+02,8.780000000000000000e+02,8.790000000000000000e+02,8.800000000000000000e+02,8.810000000000000000e+02,8.820000000000000000e+02,8.830000000000000000e+02,8.840000000000000000e+02,8.850000000000000000e+02,8.860000000000000000e+02,8.870000000000000000e+02,8.880000000000000000e+02,8.890000000000000000e+02,8.900000000000000000e+02,8.910000000000000000e+02,8.920000000000000000e+02,8.930000000000000000e+02,8.940000000000000000e+02,8.950000000000000000e+02,8.960000000000000000e+02,8.970000000000000000e+02,8.980000000000000000e+02,8.990000000000000000e+02,9.000000000000000000e+02,9.010000000000000000e+02,9.020000000000000000e+02,9.030000000000000000e+02,9.040000000000000000e+02,9.050000000000000000e+02,9.060000000000000000e+02,9.070000000000000000e+02,9.080000000000000000e+02,9.090000000000000000e+02,9.100000000000000000e+02,9.110000000000000000e+02,9.120000000000000000e+02,9.130000000000000000e+02,9.140000000000000000e+02,9.150000000000000000e+02,9.160000000000000000e+02,9.170000000000000000e+02,9.180000000000000000e+02,9.190000000000000000e+02,9.200000000000000000e+02,9.210000000000000000e+02,9.220000000000000000e+02,9.230000000000000000e+02,9.240000000000000000e+02,9.250000000000000000e+02,9.260000000000000000e+02,9.270000000000000000e+02,9.280000000000000000e+02,9.290000000000000000e+02,9.300000000000000000e+02,9.310000000000000000e+02,9.320000000000000000e+02,9.330000000000000000e+02,9.340000000000000000e+02,9.350000000000000000e+02,9.360000000000000000e+02,9.370000000000000000e+02,9.380000000000000000e+02,9.390000000000000000e+02,9.400000000000000000e+02,9.410000000000000000e+02,9.420000000000000000e+02,9.430000000000000000e+02,9.440000000000000000e+02,9.450000000000000000e+02,9.460000000000000000e+02,9.470000000000000000e+02,9.480000000000000000e+02,9.490000000000000000e+02,9.500000000000000000e+02,9.510000000000000000e+02,9.520000000000000000e+02,9.530000000000000000e+02,9.540000000000000000e+02,9.550000000000000000e+02,9.560000000000000000e+02,9.570000000000000000e+02,9.580000000000000000e+02,9.590000000000000000e+02,9.600000000000000000e+02,9.610000000000000000e+02,9.620000000000000000e+02,9.630000000000000000e+02,9.640000000000000000e+02,8.390000000000000000e+02,8.400000000000000000e+02,8.410000000000000000e+02,8.420000000000000000e+02,8.430000000000000000e+02,8.440000000000000000e+02,8.450000000000000000e+02,8.460000000000000000e+02,8.470000000000000000e+02,8.480000000000000000e+02,8.490000000000000000e+02,8.500000000000000000e+02,8.510000000000000000e+02,8.520000000000000000e+02,8.530000000000000000e+02,8.540000000000000000e+02,8.550000000000000000e+02,8.560000000000000000e+02,8.570000000000000000e+02,8.580000000000000000e+02,8.590000000000000000e+02,8.600000000000000000e+02,8.610000000000000000e+02,8.620000000000000000e+02,8.630000000000000000e+02,8.640000000000000000e+02,8.650000000000000000e+02,8.660000000000000000e+02,8.670000000000000000e+02,8.680000000000000000e+02,8.690000000000000000e+02,8.700000000000000000e+02,8.710000000000000000e+02,8.720000000000000000e+02,8.730000000000000000e+02,8.740000000000000000e+02,8.750000000000000000e+02,8.760000000000000000e+02,8.770000000000000000e+02,8.780000000000000000e+02,8.790000000000000000e+02,8.800000000000000000e+02,8.810000000000000000e+02,8.820000000000000000e+02,8.830000000000000000e+02,8.840000000000000000e+02,8.850000000000000000e+02,8.860000000000000000e+02,8.870000000000000000e+02,8.880000000000000000e+02,8.890000000000000000e+02,8.900000000000000000e+02,8.910000000000000000e+02,8.920000000000000000e+02,8.930000000000000000e+02,8.940000000000000000e+02,8.950000000000000000e+02,8.960000000000000000e+02,8.970000000000000000e+02,8.980000000000000000e+02,8.990000000000000000e+02,9.000000000000000000e+02,9.010000000000000000e+02,9.020000000000000000e+02,9.030000000000000000e+02,9.040000000000000000e+02,9.050000000000000000e+02,9.060000000000000000e+02,9.070000000000000000e+02,9.080000000000000000e+02,9.090000000000000000e+02,9.100000000000000000e+02,9.110000000000000000e+02,9.120000000000000000e+02,9.130000000000000000e+02,9.140000000000000000e+02,9.150000000000000000e+02,9.160000000000000000e+02,9.170000000000000000e+02,9.180000000000000000e+02,9.190000000000000000e+02,9.200000000000000000e+02,9.210000000000000000e+02,9.220000000000000000e+02,9.230000000000000000e+02,9.240000000000000000e+02,9.250000000000000000e+02,9.260000000000000000e+02,9.270000000000000000e+02,9.280000000000000000e+02,9.290000000000000000e+02,9.300000000000000000e+02,9.310000000000000000e+02,9.320000000000000000e+02,9.330000000000000000e+02,9.340000000000000000e+02,9.350000000000000000e+02,9.360000000000000000e+02,9.370000000000000000e+02,9.380000000000000000e+02,9.390000000000000000e+02,9.400000000000000000e+02,9.410000000000000000e+02,9.420000000000000000e+02,9.430000000000000000e+02,9.440000000000000000e+02,9.450000000000000000e+02,9.460000000000000000e+02,9.470000000000000000e+02,9.480000000000000000e+02,9.490000000000000000e+02,9.500000000000000000e+02,9.510000000000000000e+02,9.520000000000000000e+02,9.530000000000000000e+02,9.540000000000000000e+02,9.550000000000000000e+02,9.560000000000000000e+02,9.570000000000000000e+02,9.580000000000000000e+02,9.590000000000000000e+02,9.600000000000000000e+02,9.610000000000000000e+02,9.620000000000000000e+02,9.630000000000000000e+02,8.390000000000000000e+02,8.400000000000000000e+02,8.410000000000000000e+02,8.420000000000000000e+02,8.430000000000000000e+02,8.440000000000000000e+02,8.450000000000000000e+02,8.460000000000000000e+02,8.470000000000000000e+02,8.480000000000000000e+02,8.490000000000000000e+02,8.500000000000000000e+02,8.510000000000000000e+02,8.520000000000000000e+02,8.530000000000000000e+02,8.540000000000000000e+02,8.550000000000000000e+02,8.560000000000000000e+02,8.570000000000000000e+02,8.580000000000000000e+02,8.590000000000000000e+02,8.600000000000000000e+02,8.610000000000000000e+02,8.620000000000000000e+02,8.630000000000000000e+02,8.640000000000000000e+02,8.650000000000000000e+02,8.660000000000000000e+02,8.670000000000000000e+02,8.680000000000000000e+02,8.690000000000000000e+02,8.700000000000000000e+02,8.710000000000000000e+02,8.720000000000000000e+02,8.730000000000000000e+02,8.740000000000000000e+02,8.750000000000000000e+02,8.760000000000000000e+02,8.770000000000000000e+02,8.780000000000000000e+02,8.790000000000000000e+02,8.800000000000000000e+02,8.810000000000000000e+02,8.820000000000000000e+02,8.830000000000000000e+02,8.840000000000000000e+02,8.850000000000000000e+02,8.860000000000000000e+02,8.870000000000000000e+02,8.880000000000000000e+02,8.890000000000000000e+02,8.900000000000000000e+02,8.910000000000000000e+02,8.920000000000000000e+02,8.930000000000000000e+02,8.940000000000000000e+02,8.950000000000000000e+02,8.960000000000000000e+02,8.970000000000000000e+02,8.980000000000000000e+02,8.990000000000000000e+02,9.000000000000000000e+02,9.010000000000000000e+02,9.020000000000000000e+02,9.030000000000000000e+02,9.040000000000000000e+02,9.050000000000000000e+02,9.060000000000000000e+02,9.070000000000000000e+02,9.080000000000000000e+02,9.090000000000000000e+02,9.100000000000000000e+02,9.110000000000000000e+02,9.120000000000000000e+02,9.130000000000000000e+02,9.140000000000000000e+02,9.150000000000000000e+02,9.160000000000000000e+02,9.170000000000000000e+02,9.180000000000000000e+02,9.190000000000000000e+02,9.200000000000000000e+02,9.210000000000000000e+02,9.220000000000000000e+02,9.230000000000000000e+02,9.240000000000000000e+02,9.250000000000000000e+02,9.260000000000000000e+02,9.270000000000000000e+02,9.280000000000000000e+02,9.290000000000000000e+02,9.300000000000000000e+02,9.310000000000000000e+02,9.320000000000000000e+02,9.330000000000000000e+02,9.340000000000000000e+02,9.350000000000000000e+02,9.360000000000000000e+02,9.370000000000000000e+02,9.380000000000000000e+02,9.390000000000000000e+02,9.400000000000000000e+02,9.410000000000000000e+02,9.420000000000000000e+02,9.430000000000000000e+02,9.440000000000000000e+02,9.450000000000000000e+02,9.460000000000000000e+02,9.470000000000000000e+02,9.480000000000000000e+02,9.490000000000000000e+02,9.500000000000000000e+02,9.510000000000000000e+02,9.520000000000000000e+02,9.530000000000000000e+02,9.540000000000000000e+02,9.550000000000000000e+02,9.560000000000000000e+02,9.570000000000000000e+02,9.580000000000000000e+02,9.590000000000000000e+02,9.600000000000000000e+02,9.610000000000000000e+02,9.620000000000000000e+02,9.630000000000000000e+02,8.380000000000000000e+02,8.390000000000000000e+02,8.400000000000000000e+02,8.410000000000000000e+02,8.420000000000000000e+02,8.430000000000000000e+02,8.440000000000000000e+02,8.450000000000000000e+02,8.460000000000000000e+02,8.470000000000000000e+02,8.480000000000000000e+02,8.490000000000000000e+02,8.500000000000000000e+02,8.510000000000000000e+02,8.520000000000000000e+02,8.530000000000000000e+02,8.540000000000000000e+02,8.550000000000000000e+02,8.560000000000000000e+02,8.570000000000000000e+02,8.580000000000000000e+02,8.590000000000000000e+02,8.600000000000000000e+02,8.610000000000000000e+02,8.620000000000000000e+02,8.630000000000000000e+02,8.640000000000000000e+02,8.650000000000000000e+02,8.660000000000000000e+02,8.670000000000000000e+02,8.680000000000000000e+02,8.690000000000000000e+02,8.700000000000000000e+02,8.710000000000000000e+02,8.720000000000000000e+02,8.730000000000000000e+02,8.740000000000000000e+02,8.750000000000000000e+02,8.760000000000000000e+02,8.770000000000000000e+02,8.780000000000000000e+02,8.790000000000000000e+02,8.800000000000000000e+02,8.810000000000000000e+02,8.820000000000000000e+02,8.830000000000000000e+02,8.840000000000000000e+02,8.850000000000000000e+02,8.860000000000000000e+02,8.870000000000000000e+02,8.880000000000000000e+02,8.890000000000000000e+02,8.900000000000000000e+02,8.910000000000000000e+02,8.920000000000000000e+02,8.930000000000000000e+02,8.940000000000000000e+02,8.950000000000000000e+02,8.960000000000000000e+02,8.970000000000000000e+02,8.980000000000000000e+02,8.990000000000000000e+02,9.000000000000000000e+02,9.010000000000000000e+02,9.020000000000000000e+02,9.030000000000000000e+02,9.040000000000000000e+02,9.050000000000000000e+02,9.060000000000000000e+02,9.070000000000000000e+02,9.080000000000000000e+02,9.090000000000000000e+02,9.100000000000000000e+02,9.110000000000000000e+02,9.120000000000000000e+02,9.130000000000000000e+02,9.140000000000000000e+02,9.150000000000000000e+02,9.160000000000000000e+02,9.170000000000000000e+02,9.180000000000000000e+02,9.190000000000000000e+02,9.200000000000000000e+02,9.210000000000000000e+02,9.220000000000000000e+02,9.230000000000000000e+02,9.240000000000000000e+02,9.250000000000000000e+02,9.260000000000000000e+02,9.270000000000000000e+02,9.280000000000000000e+02,9.290000000000000000e+02,9.300000000000000000e+02,9.310000000000000000e+02,9.320000000000000000e+02,9.330000000000000000e+02,9.340000000000000000e+02,9.350000000000000000e+02,9.360000000000000000e+02,9.370000000000000000e+02,9.380000000000000000e+02,9.390000000000000000e+02,9.400000000000000000e+02,9.410000000000000000e+02,9.420000000000000000e+02,9.430000000000000000e+02,9.440000000000000000e+02,9.450000000000000000e+02,9.460000000000000000e+02,9.470000000000000000e+02,9.480000000000000000e+02,9.490000000000000000e+02,9.500000000000000000e+02,9.510000000000000000e+02,9.520000000000000000e+02,9.530000000000000000e+02,9.540000000000000000e+02,9.550000000000000000e+02,9.560000000000000000e+02,9.570000000000000000e+02,9.580000000000000000e+02,9.590000000000000000e+02,9.600000000000000000e+02,9.610000000000000000e+02,9.620000000000000000e+02,8.370000000000000000e+02,8.380000000000000000e+02,8.390000000000000000e+02,8.400000000000000000e+02,8.410000000000000000e+02,8.420000000000000000e+02,8.430000000000000000e+02,8.440000000000000000e+02,8.450000000000000000e+02,8.460000000000000000e+02,8.470000000000000000e+02,8.480000000000000000e+02,8.490000000000000000e+02,8.500000000000000000e+02,8.510000000000000000e+02,8.520000000000000000e+02,8.530000000000000000e+02,8.540000000000000000e+02,8.550000000000000000e+02,8.560000000000000000e+02,8.570000000000000000e+02,8.580000000000000000e+02,8.590000000000000000e+02,8.600000000000000000e+02,8.610000000000000000e+02,8.620000000000000000e+02,8.630000000000000000e+02,8.640000000000000000e+02,8.650000000000000000e+02,8.660000000000000000e+02,8.670000000000000000e+02,8.680000000000000000e+02,8.690000000000000000e+02,8.700000000000000000e+02,8.710000000000000000e+02,8.720000000000000000e+02,8.730000000000000000e+02,8.740000000000000000e+02,8.750000000000000000e+02,8.760000000000000000e+02,8.770000000000000000e+02,8.780000000000000000e+02,8.790000000000000000e+02,8.800000000000000000e+02,8.810000000000000000e+02,8.820000000000000000e+02,8.830000000000000000e+02,8.840000000000000000e+02,8.850000000000000000e+02,8.860000000000000000e+02,8.870000000000000000e+02,8.880000000000000000e+02,8.890000000000000000e+02,8.900000000000000000e+02,8.910000000000000000e+02,8.920000000000000000e+02,8.930000000000000000e+02,8.940000000000000000e+02,8.950000000000000000e+02,8.960000000000000000e+02,8.970000000000000000e+02,8.980000000000000000e+02,8.990000000000000000e+02,9.000000000000000000e+02,9.010000000000000000e+02,9.020000000000000000e+02,9.030000000000000000e+02,9.040000000000000000e+02,9.050000000000000000e+02,9.060000000000000000e+02,9.070000000000000000e+02,9.080000000000000000e+02,9.090000000000000000e+02,9.100000000000000000e+02,9.110000000000000000e+02,9.120000000000000000e+02,9.130000000000000000e+02,9.140000000000000000e+02,9.150000000000000000e+02,9.160000000000000000e+02,9.170000000000000000e+02,9.180000000000000000e+02,9.190000000000000000e+02,9.200000000000000000e+02,9.210000000000000000e+02,9.220000000000000000e+02,9.230000000000000000e+02,9.240000000000000000e+02,9.250000000000000000e+02,9.260000000000000000e+02,9.270000000000000000e+02,9.280000000000000000e+02,9.290000000000000000e+02,9.300000000000000000e+02,9.310000000000000000e+02,9.320000000000000000e+02,9.330000000000000000e+02,9.340000000000000000e+02,9.350000000000000000e+02,9.360000000000000000e+02,9.370000000000000000e+02,9.380000000000000000e+02,9.390000000000000000e+02,9.400000000000000000e+02,9.410000000000000000e+02,9.420000000000000000e+02,9.430000000000000000e+02,9.440000000000000000e+02,9.450000000000000000e+02,9.460000000000000000e+02,9.470000000000000000e+02,9.480000000000000000e+02,9.490000000000000000e+02,9.500000000000000000e+02,9.510000000000000000e+02,9.520000000000000000e+02,9.530000000000000000e+02,9.540000000000000000e+02,9.550000000000000000e+02,9.560000000000000000e+02,9.570000000000000000e+02,9.580000000000000000e+02,9.590000000000000000e+02,9.600000000000000000e+02,9.610000000000000000e+02,9.620000000000000000e+02,8.370000000000000000e+02,8.380000000000000000e+02,8.390000000000000000e+02,8.400000000000000000e+02,8.410000000000000000e+02,8.420000000000000000e+02,8.430000000000000000e+02,8.440000000000000000e+02,8.450000000000000000e+02,8.460000000000000000e+02,8.470000000000000000e+02,8.480000000000000000e+02,8.490000000000000000e+02,8.500000000000000000e+02,8.510000000000000000e+02,8.520000000000000000e+02,8.530000000000000000e+02,8.540000000000000000e+02,8.550000000000000000e+02,8.560000000000000000e+02,8.570000000000000000e+02,8.580000000000000000e+02,8.590000000000000000e+02,8.600000000000000000e+02,8.610000000000000000e+02,8.620000000000000000e+02,8.630000000000000000e+02,8.640000000000000000e+02,8.650000000000000000e+02,8.660000000000000000e+02,8.670000000000000000e+02,8.680000000000000000e+02,8.690000000000000000e+02,8.700000000000000000e+02,8.710000000000000000e+02,8.720000000000000000e+02,8.730000000000000000e+02,8.740000000000000000e+02,8.750000000000000000e+02,8.760000000000000000e+02,8.770000000000000000e+02,8.780000000000000000e+02,8.790000000000000000e+02,8.800000000000000000e+02,8.810000000000000000e+02,8.820000000000000000e+02,8.830000000000000000e+02,8.840000000000000000e+02,8.850000000000000000e+02,8.860000000000000000e+02,8.870000000000000000e+02,8.880000000000000000e+02,8.890000000000000000e+02,8.900000000000000000e+02,8.910000000000000000e+02,8.920000000000000000e+02,8.930000000000000000e+02,8.940000000000000000e+02,8.950000000000000000e+02,8.960000000000000000e+02,8.970000000000000000e+02,8.980000000000000000e+02,8.990000000000000000e+02,9.000000000000000000e+02,9.010000000000000000e+02,9.020000000000000000e+02,9.030000000000000000e+02,9.040000000000000000e+02,9.050000000000000000e+02,9.060000000000000000e+02,9.070000000000000000e+02,9.080000000000000000e+02,9.090000000000000000e+02,9.100000000000000000e+02,9.110000000000000000e+02,9.120000000000000000e+02,9.130000000000000000e+02,9.140000000000000000e+02,9.150000000000000000e+02,9.160000000000000000e+02,9.170000000000000000e+02,9.180000000000000000e+02,9.190000000000000000e+02,9.200000000000000000e+02,9.210000000000000000e+02,9.220000000000000000e+02,9.230000000000000000e+02,9.240000000000000000e+02,9.250000000000000000e+02,9.260000000000000000e+02,9.270000000000000000e+02,9.280000000000000000e+02,9.290000000000000000e+02,9.300000000000000000e+02,9.310000000000000000e+02,9.320000000000000000e+02,9.330000000000000000e+02,9.340000000000000000e+02,9.350000000000000000e+02,9.360000000000000000e+02,9.370000000000000000e+02,9.380000000000000000e+02,9.390000000000000000e+02,9.400000000000000000e+02,9.410000000000000000e+02,9.420000000000000000e+02,9.430000000000000000e+02,9.440000000000000000e+02,9.450000000000000000e+02,9.460000000000000000e+02,9.470000000000000000e+02,9.480000000000000000e+02,9.490000000000000000e+02,9.500000000000000000e+02,9.510000000000000000e+02,9.520000000000000000e+02,9.530000000000000000e+02,9.540000000000000000e+02,9.550000000000000000e+02,9.560000000000000000e+02,9.570000000000000000e+02,9.580000000000000000e+02,9.590000000000000000e+02,9.600000000000000000e+02,9.610000000000000000e+02,9.620000000000000000e+02,8.360000000000000000e+02,8.370000000000000000e+02,8.380000000000000000e+02,8.390000000000000000e+02,8.400000000000000000e+02,8.410000000000000000e+02,8.420000000000000000e+02,8.430000000000000000e+02,8.440000000000000000e+02,8.450000000000000000e+02,8.460000000000000000e+02,8.470000000000000000e+02,8.480000000000000000e+02,8.490000000000000000e+02,8.500000000000000000e+02,8.510000000000000000e+02,8.520000000000000000e+02,8.530000000000000000e+02,8.540000000000000000e+02,8.550000000000000000e+02,8.560000000000000000e+02,8.570000000000000000e+02,8.580000000000000000e+02,8.590000000000000000e+02,8.600000000000000000e+02,8.610000000000000000e+02,8.620000000000000000e+02,8.630000000000000000e+02,8.640000000000000000e+02,8.650000000000000000e+02,8.660000000000000000e+02,8.670000000000000000e+02,8.680000000000000000e+02,8.690000000000000000e+02,8.700000000000000000e+02,8.710000000000000000e+02,8.720000000000000000e+02,8.730000000000000000e+02,8.740000000000000000e+02,8.750000000000000000e+02,8.760000000000000000e+02,8.770000000000000000e+02,8.780000000000000000e+02,8.790000000000000000e+02,8.800000000000000000e+02,8.810000000000000000e+02,8.820000000000000000e+02,8.830000000000000000e+02,8.840000000000000000e+02,8.850000000000000000e+02,8.860000000000000000e+02,8.870000000000000000e+02,8.880000000000000000e+02,8.890000000000000000e+02,8.900000000000000000e+02,8.910000000000000000e+02,8.920000000000000000e+02,8.930000000000000000e+02,8.940000000000000000e+02,8.950000000000000000e+02,8.960000000000000000e+02,8.970000000000000000e+02,8.980000000000000000e+02,8.990000000000000000e+02,9.000000000000000000e+02,9.010000000000000000e+02,9.020000000000000000e+02,9.030000000000000000e+02,9.040000000000000000e+02,9.050000000000000000e+02,9.060000000000000000e+02,9.070000000000000000e+02,9.080000000000000000e+02,9.090000000000000000e+02,9.100000000000000000e+02,9.110000000000000000e+02,9.120000000000000000e+02,9.130000000000000000e+02,9.140000000000000000e+02,9.150000000000000000e+02,9.160000000000000000e+02,9.170000000000000000e+02,9.180000000000000000e+02,9.190000000000000000e+02,9.200000000000000000e+02,9.210000000000000000e+02,9.220000000000000000e+02,9.230000000000000000e+02,9.240000000000000000e+02,9.250000000000000000e+02,9.260000000000000000e+02,9.270000000000000000e+02,9.280000000000000000e+02,9.290000000000000000e+02,9.300000000000000000e+02,9.310000000000000000e+02,9.320000000000000000e+02,9.330000000000000000e+02,9.340000000000000000e+02,9.350000000000000000e+02,9.360000000000000000e+02,9.370000000000000000e+02,9.380000000000000000e+02,9.390000000000000000e+02,9.400000000000000000e+02,9.410000000000000000e+02,9.420000000000000000e+02,9.430000000000000000e+02,9.440000000000000000e+02,9.450000000000000000e+02,9.460000000000000000e+02,9.470000000000000000e+02,9.480000000000000000e+02,9.490000000000000000e+02,9.500000000000000000e+02,9.510000000000000000e+02,9.520000000000000000e+02,9.530000000000000000e+02,9.540000000000000000e+02,9.550000000000000000e+02,9.560000000000000000e+02,9.570000000000000000e+02,9.580000000000000000e+02,9.590000000000000000e+02,9.600000000000000000e+02,9.610000000000000000e+02,8.360000000000000000e+02,8.370000000000000000e+02,8.380000000000000000e+02,8.390000000000000000e+02,8.400000000000000000e+02,8.410000000000000000e+02,8.420000000000000000e+02,8.430000000000000000e+02,8.440000000000000000e+02,8.450000000000000000e+02,8.460000000000000000e+02,8.470000000000000000e+02,8.480000000000000000e+02,8.490000000000000000e+02,8.500000000000000000e+02,8.510000000000000000e+02,8.520000000000000000e+02,8.530000000000000000e+02,8.540000000000000000e+02,8.550000000000000000e+02,8.560000000000000000e+02,8.570000000000000000e+02,8.580000000000000000e+02,8.590000000000000000e+02,8.600000000000000000e+02,8.610000000000000000e+02,8.620000000000000000e+02,8.630000000000000000e+02,8.640000000000000000e+02,8.650000000000000000e+02,8.660000000000000000e+02,8.670000000000000000e+02,8.680000000000000000e+02,8.690000000000000000e+02,8.700000000000000000e+02,8.710000000000000000e+02,8.720000000000000000e+02,8.730000000000000000e+02,8.740000000000000000e+02,8.750000000000000000e+02,8.760000000000000000e+02,8.770000000000000000e+02,8.780000000000000000e+02,8.790000000000000000e+02,8.800000000000000000e+02,8.810000000000000000e+02,8.820000000000000000e+02,8.830000000000000000e+02,8.840000000000000000e+02,8.850000000000000000e+02,8.860000000000000000e+02,8.870000000000000000e+02,8.880000000000000000e+02,8.890000000000000000e+02,8.900000000000000000e+02,8.910000000000000000e+02,8.920000000000000000e+02,8.930000000000000000e+02,8.940000000000000000e+02,8.950000000000000000e+02,8.960000000000000000e+02,8.970000000000000000e+02,8.980000000000000000e+02,8.990000000000000000e+02,9.000000000000000000e+02,9.010000000000000000e+02,9.020000000000000000e+02,9.030000000000000000e+02,9.040000000000000000e+02,9.050000000000000000e+02,9.060000000000000000e+02,9.070000000000000000e+02,9.080000000000000000e+02,9.090000000000000000e+02,9.100000000000000000e+02,9.110000000000000000e+02,9.120000000000000000e+02,9.130000000000000000e+02,9.140000000000000000e+02,9.150000000000000000e+02,9.160000000000000000e+02,9.170000000000000000e+02,9.180000000000000000e+02,9.190000000000000000e+02,9.200000000000000000e+02,9.210000000000000000e+02,9.220000000000000000e+02,9.230000000000000000e+02,9.240000000000000000e+02,9.250000000000000000e+02,9.260000000000000000e+02,9.270000000000000000e+02,9.280000000000000000e+02,9.290000000000000000e+02,9.300000000000000000e+02,9.310000000000000000e+02,9.320000000000000000e+02,9.330000000000000000e+02,9.340000000000000000e+02,9.350000000000000000e+02,9.360000000000000000e+02,9.370000000000000000e+02,9.380000000000000000e+02,9.390000000000000000e+02,9.400000000000000000e+02,9.410000000000000000e+02,9.420000000000000000e+02,9.430000000000000000e+02,9.440000000000000000e+02,9.450000000000000000e+02,9.460000000000000000e+02,9.470000000000000000e+02,9.480000000000000000e+02,9.490000000000000000e+02,9.500000000000000000e+02,9.510000000000000000e+02,9.520000000000000000e+02,9.530000000000000000e+02,9.540000000000000000e+02,9.550000000000000000e+02,9.560000000000000000e+02,9.570000000000000000e+02,9.580000000000000000e+02,9.590000000000000000e+02,9.600000000000000000e+02,9.610000000000000000e+02,8.360000000000000000e+02,8.370000000000000000e+02,8.380000000000000000e+02,8.390000000000000000e+02,8.400000000000000000e+02,8.410000000000000000e+02,8.420000000000000000e+02,8.430000000000000000e+02,8.440000000000000000e+02,8.450000000000000000e+02,8.460000000000000000e+02,8.470000000000000000e+02,8.480000000000000000e+02,8.490000000000000000e+02,8.500000000000000000e+02,8.510000000000000000e+02,8.520000000000000000e+02,8.530000000000000000e+02,8.540000000000000000e+02,8.550000000000000000e+02,8.560000000000000000e+02,8.570000000000000000e+02,8.580000000000000000e+02,8.590000000000000000e+02,8.600000000000000000e+02,8.610000000000000000e+02,8.620000000000000000e+02,8.630000000000000000e+02,8.640000000000000000e+02,8.650000000000000000e+02,8.660000000000000000e+02,8.670000000000000000e+02,8.680000000000000000e+02,8.690000000000000000e+02,8.700000000000000000e+02,8.710000000000000000e+02,8.720000000000000000e+02,8.730000000000000000e+02,8.740000000000000000e+02,8.750000000000000000e+02,8.760000000000000000e+02,8.770000000000000000e+02,8.780000000000000000e+02,8.790000000000000000e+02,8.800000000000000000e+02,8.810000000000000000e+02,8.820000000000000000e+02,8.830000000000000000e+02,8.840000000000000000e+02,8.850000000000000000e+02,8.860000000000000000e+02,8.870000000000000000e+02,8.880000000000000000e+02,8.890000000000000000e+02,8.900000000000000000e+02,8.910000000000000000e+02,8.920000000000000000e+02,8.930000000000000000e+02,8.940000000000000000e+02,8.950000000000000000e+02,8.960000000000000000e+02,8.970000000000000000e+02,8.980000000000000000e+02,8.990000000000000000e+02,9.000000000000000000e+02,9.010000000000000000e+02,9.020000000000000000e+02,9.030000000000000000e+02,9.040000000000000000e+02,9.050000000000000000e+02,9.060000000000000000e+02,9.070000000000000000e+02,9.080000000000000000e+02,9.090000000000000000e+02,9.100000000000000000e+02,9.110000000000000000e+02,9.120000000000000000e+02,9.130000000000000000e+02,9.140000000000000000e+02,9.150000000000000000e+02,9.160000000000000000e+02,9.170000000000000000e+02,9.180000000000000000e+02,9.190000000000000000e+02,9.200000000000000000e+02,9.210000000000000000e+02,9.220000000000000000e+02,9.230000000000000000e+02,9.240000000000000000e+02,9.250000000000000000e+02,9.260000000000000000e+02,9.270000000000000000e+02,9.280000000000000000e+02,9.290000000000000000e+02,9.300000000000000000e+02,9.310000000000000000e+02,9.320000000000000000e+02,9.330000000000000000e+02,9.340000000000000000e+02,9.350000000000000000e+02,9.360000000000000000e+02,9.370000000000000000e+02,9.380000000000000000e+02,9.390000000000000000e+02,9.400000000000000000e+02,9.410000000000000000e+02,9.420000000000000000e+02,9.430000000000000000e+02,9.440000000000000000e+02,9.450000000000000000e+02,9.460000000000000000e+02,9.470000000000000000e+02,9.480000000000000000e+02,9.490000000000000000e+02,9.500000000000000000e+02,9.510000000000000000e+02,9.520000000000000000e+02,9.530000000000000000e+02,9.540000000000000000e+02,9.550000000000000000e+02,9.560000000000000000e+02,9.570000000000000000e+02,9.580000000000000000e+02,9.590000000000000000e+02,9.600000000000000000e+02,8.350000000000000000e+02,8.360000000000000000e+02,8.370000000000000000e+02,8.380000000000000000e+02,8.390000000000000000e+02,8.400000000000000000e+02,8.410000000000000000e+02,8.420000000000000000e+02,8.430000000000000000e+02,8.440000000000000000e+02,8.450000000000000000e+02,8.460000000000000000e+02,8.470000000000000000e+02,8.480000000000000000e+02,8.490000000000000000e+02,8.500000000000000000e+02,8.510000000000000000e+02,8.520000000000000000e+02,8.530000000000000000e+02,8.540000000000000000e+02,8.550000000000000000e+02,8.560000000000000000e+02,8.570000000000000000e+02,8.580000000000000000e+02,8.590000000000000000e+02,8.600000000000000000e+02,8.610000000000000000e+02,8.620000000000000000e+02,8.630000000000000000e+02,8.640000000000000000e+02,8.650000000000000000e+02,8.660000000000000000e+02,8.670000000000000000e+02,8.680000000000000000e+02,8.690000000000000000e+02,8.700000000000000000e+02,8.710000000000000000e+02,8.720000000000000000e+02,8.730000000000000000e+02,8.740000000000000000e+02,8.750000000000000000e+02,8.760000000000000000e+02,8.770000000000000000e+02,8.780000000000000000e+02,8.790000000000000000e+02,8.800000000000000000e+02,8.810000000000000000e+02,8.820000000000000000e+02,8.830000000000000000e+02,8.840000000000000000e+02,8.850000000000000000e+02,8.860000000000000000e+02,8.870000000000000000e+02,8.880000000000000000e+02,8.890000000000000000e+02,8.900000000000000000e+02,8.910000000000000000e+02,8.920000000000000000e+02,8.930000000000000000e+02,8.940000000000000000e+02,8.950000000000000000e+02,8.960000000000000000e+02,8.970000000000000000e+02,8.980000000000000000e+02,8.990000000000000000e+02,9.000000000000000000e+02,9.010000000000000000e+02,9.020000000000000000e+02,9.030000000000000000e+02,9.040000000000000000e+02,9.050000000000000000e+02,9.060000000000000000e+02,9.070000000000000000e+02,9.080000000000000000e+02,9.090000000000000000e+02,9.100000000000000000e+02,9.110000000000000000e+02,9.120000000000000000e+02,9.130000000000000000e+02,9.140000000000000000e+02,9.150000000000000000e+02,9.160000000000000000e+02,9.170000000000000000e+02,9.180000000000000000e+02,9.190000000000000000e+02,9.200000000000000000e+02,9.210000000000000000e+02,9.220000000000000000e+02,9.230000000000000000e+02,9.240000000000000000e+02,9.250000000000000000e+02,9.260000000000000000e+02,9.270000000000000000e+02,9.280000000000000000e+02,9.290000000000000000e+02,9.300000000000000000e+02,9.310000000000000000e+02,9.320000000000000000e+02,9.330000000000000000e+02,9.340000000000000000e+02,9.350000000000000000e+02,9.360000000000000000e+02,9.370000000000000000e+02,9.380000000000000000e+02,9.390000000000000000e+02,9.400000000000000000e+02,9.410000000000000000e+02,9.420000000000000000e+02,9.430000000000000000e+02,9.440000000000000000e+02,9.450000000000000000e+02,9.460000000000000000e+02,9.470000000000000000e+02,9.480000000000000000e+02,9.490000000000000000e+02,9.500000000000000000e+02,9.510000000000000000e+02,9.520000000000000000e+02,9.530000000000000000e+02,9.540000000000000000e+02,9.550000000000000000e+02,9.560000000000000000e+02,9.570000000000000000e+02,9.580000000000000000e+02,9.590000000000000000e+02,9.600000000000000000e+02,8.340000000000000000e+02,8.350000000000000000e+02,8.360000000000000000e+02,8.370000000000000000e+02,8.380000000000000000e+02,8.390000000000000000e+02,8.400000000000000000e+02,8.410000000000000000e+02,8.420000000000000000e+02,8.430000000000000000e+02,8.440000000000000000e+02,8.450000000000000000e+02,8.460000000000000000e+02,8.470000000000000000e+02,8.480000000000000000e+02,8.490000000000000000e+02,8.500000000000000000e+02,8.510000000000000000e+02,8.520000000000000000e+02,8.530000000000000000e+02,8.540000000000000000e+02,8.550000000000000000e+02,8.560000000000000000e+02,8.570000000000000000e+02,8.580000000000000000e+02,8.590000000000000000e+02,8.600000000000000000e+02,8.610000000000000000e+02,8.620000000000000000e+02,8.630000000000000000e+02,8.640000000000000000e+02,8.650000000000000000e+02,8.660000000000000000e+02,8.670000000000000000e+02,8.680000000000000000e+02,8.690000000000000000e+02,8.700000000000000000e+02,8.710000000000000000e+02,8.720000000000000000e+02,8.730000000000000000e+02,8.740000000000000000e+02,8.750000000000000000e+02,8.760000000000000000e+02,8.770000000000000000e+02,8.780000000000000000e+02,8.790000000000000000e+02,8.800000000000000000e+02,8.810000000000000000e+02,8.820000000000000000e+02,8.830000000000000000e+02,8.840000000000000000e+02,8.850000000000000000e+02,8.860000000000000000e+02,8.870000000000000000e+02,8.880000000000000000e+02,8.890000000000000000e+02,8.900000000000000000e+02,8.910000000000000000e+02,8.920000000000000000e+02,8.930000000000000000e+02,8.940000000000000000e+02,8.950000000000000000e+02,8.960000000000000000e+02,8.970000000000000000e+02,8.980000000000000000e+02,8.990000000000000000e+02,9.000000000000000000e+02,9.010000000000000000e+02,9.020000000000000000e+02,9.030000000000000000e+02,9.040000000000000000e+02,9.050000000000000000e+02,9.060000000000000000e+02,9.070000000000000000e+02,9.080000000000000000e+02,9.090000000000000000e+02,9.100000000000000000e+02,9.110000000000000000e+02,9.120000000000000000e+02,9.130000000000000000e+02,9.140000000000000000e+02,9.150000000000000000e+02,9.160000000000000000e+02,9.170000000000000000e+02,9.180000000000000000e+02,9.190000000000000000e+02,9.200000000000000000e+02,9.210000000000000000e+02,9.220000000000000000e+02,9.230000000000000000e+02,9.240000000000000000e+02,9.250000000000000000e+02,9.260000000000000000e+02,9.270000000000000000e+02,9.280000000000000000e+02,9.290000000000000000e+02,9.300000000000000000e+02,9.310000000000000000e+02,9.320000000000000000e+02,9.330000000000000000e+02,9.340000000000000000e+02,9.350000000000000000e+02,9.360000000000000000e+02,9.370000000000000000e+02,9.380000000000000000e+02,9.390000000000000000e+02,9.400000000000000000e+02,9.410000000000000000e+02,9.420000000000000000e+02,9.430000000000000000e+02,9.440000000000000000e+02,9.450000000000000000e+02,9.460000000000000000e+02,9.470000000000000000e+02,9.480000000000000000e+02,9.490000000000000000e+02,9.500000000000000000e+02,9.510000000000000000e+02,9.520000000000000000e+02,9.530000000000000000e+02,9.540000000000000000e+02,9.550000000000000000e+02,9.560000000000000000e+02,9.570000000000000000e+02,9.580000000000000000e+02,9.590000000000000000e+02,8.340000000000000000e+02,8.350000000000000000e+02,8.360000000000000000e+02,8.370000000000000000e+02,8.380000000000000000e+02,8.390000000000000000e+02,8.400000000000000000e+02,8.410000000000000000e+02,8.420000000000000000e+02,8.430000000000000000e+02,8.440000000000000000e+02,8.450000000000000000e+02,8.460000000000000000e+02,8.470000000000000000e+02,8.480000000000000000e+02,8.490000000000000000e+02,8.500000000000000000e+02,8.510000000000000000e+02,8.520000000000000000e+02,8.530000000000000000e+02,8.540000000000000000e+02,8.550000000000000000e+02,8.560000000000000000e+02,8.570000000000000000e+02,8.580000000000000000e+02,8.590000000000000000e+02,8.600000000000000000e+02,8.610000000000000000e+02,8.620000000000000000e+02,8.630000000000000000e+02,8.640000000000000000e+02,8.650000000000000000e+02,8.660000000000000000e+02,8.670000000000000000e+02,8.680000000000000000e+02,8.690000000000000000e+02,8.700000000000000000e+02,8.710000000000000000e+02,8.720000000000000000e+02,8.730000000000000000e+02,8.740000000000000000e+02,8.750000000000000000e+02,8.760000000000000000e+02,8.770000000000000000e+02,8.780000000000000000e+02,8.790000000000000000e+02,8.800000000000000000e+02,8.810000000000000000e+02,8.820000000000000000e+02,8.830000000000000000e+02,8.840000000000000000e+02,8.850000000000000000e+02,8.860000000000000000e+02,8.870000000000000000e+02,8.880000000000000000e+02,8.890000000000000000e+02,8.900000000000000000e+02,8.910000000000000000e+02,8.920000000000000000e+02,8.930000000000000000e+02,8.940000000000000000e+02,8.950000000000000000e+02,8.960000000000000000e+02,8.970000000000000000e+02,8.980000000000000000e+02,8.990000000000000000e+02,9.000000000000000000e+02,9.010000000000000000e+02,9.020000000000000000e+02,9.030000000000000000e+02,9.040000000000000000e+02,9.050000000000000000e+02,9.060000000000000000e+02,9.070000000000000000e+02,9.080000000000000000e+02,9.090000000000000000e+02,9.100000000000000000e+02,9.110000000000000000e+02,9.120000000000000000e+02,9.130000000000000000e+02,9.140000000000000000e+02,9.150000000000000000e+02,9.160000000000000000e+02,9.170000000000000000e+02,9.180000000000000000e+02,9.190000000000000000e+02,9.200000000000000000e+02,9.210000000000000000e+02,9.220000000000000000e+02,9.230000000000000000e+02,9.240000000000000000e+02,9.250000000000000000e+02,9.260000000000000000e+02,9.270000000000000000e+02,9.280000000000000000e+02,9.290000000000000000e+02,9.300000000000000000e+02,9.310000000000000000e+02,9.320000000000000000e+02,9.330000000000000000e+02,9.340000000000000000e+02,9.350000000000000000e+02,9.360000000000000000e+02,9.370000000000000000e+02,9.380000000000000000e+02,9.390000000000000000e+02,9.400000000000000000e+02,9.410000000000000000e+02,9.420000000000000000e+02,9.430000000000000000e+02,9.440000000000000000e+02,9.450000000000000000e+02,9.460000000000000000e+02,9.470000000000000000e+02,9.480000000000000000e+02,9.490000000000000000e+02,9.500000000000000000e+02,9.510000000000000000e+02,9.520000000000000000e+02,9.530000000000000000e+02,9.540000000000000000e+02,9.550000000000000000e+02,9.560000000000000000e+02,9.570000000000000000e+02,9.580000000000000000e+02,8.330000000000000000e+02,8.340000000000000000e+02,8.350000000000000000e+02,8.360000000000000000e+02,8.370000000000000000e+02,8.380000000000000000e+02,8.390000000000000000e+02,8.400000000000000000e+02,8.410000000000000000e+02,8.420000000000000000e+02,8.430000000000000000e+02,8.440000000000000000e+02,8.450000000000000000e+02,8.460000000000000000e+02,8.470000000000000000e+02,8.480000000000000000e+02,8.490000000000000000e+02,8.500000000000000000e+02,8.510000000000000000e+02,8.520000000000000000e+02,8.530000000000000000e+02,8.540000000000000000e+02,8.550000000000000000e+02,8.560000000000000000e+02,8.570000000000000000e+02,8.580000000000000000e+02,8.590000000000000000e+02,8.600000000000000000e+02,8.610000000000000000e+02,8.620000000000000000e+02,8.630000000000000000e+02,8.640000000000000000e+02,8.650000000000000000e+02,8.660000000000000000e+02,8.670000000000000000e+02,8.680000000000000000e+02,8.690000000000000000e+02,8.700000000000000000e+02,8.710000000000000000e+02,8.720000000000000000e+02,8.730000000000000000e+02,8.740000000000000000e+02,8.750000000000000000e+02,8.760000000000000000e+02,8.770000000000000000e+02,8.780000000000000000e+02,8.790000000000000000e+02,8.800000000000000000e+02,8.810000000000000000e+02,8.820000000000000000e+02,8.830000000000000000e+02,8.840000000000000000e+02,8.850000000000000000e+02,8.860000000000000000e+02,8.870000000000000000e+02,8.880000000000000000e+02,8.890000000000000000e+02,8.900000000000000000e+02,8.910000000000000000e+02,8.920000000000000000e+02,8.930000000000000000e+02,8.940000000000000000e+02,8.950000000000000000e+02,8.960000000000000000e+02,8.970000000000000000e+02,8.980000000000000000e+02,8.990000000000000000e+02,9.000000000000000000e+02,9.010000000000000000e+02,9.020000000000000000e+02,9.030000000000000000e+02,9.040000000000000000e+02,9.050000000000000000e+02,9.060000000000000000e+02,9.070000000000000000e+02,9.080000000000000000e+02,9.090000000000000000e+02,9.100000000000000000e+02,9.110000000000000000e+02,9.120000000000000000e+02,9.130000000000000000e+02,9.140000000000000000e+02,9.150000000000000000e+02,9.160000000000000000e+02,9.170000000000000000e+02,9.180000000000000000e+02,9.190000000000000000e+02,9.200000000000000000e+02,9.210000000000000000e+02,9.220000000000000000e+02,9.230000000000000000e+02,9.240000000000000000e+02,9.250000000000000000e+02,9.260000000000000000e+02,9.270000000000000000e+02,9.280000000000000000e+02,9.290000000000000000e+02,9.300000000000000000e+02,9.310000000000000000e+02,9.320000000000000000e+02,9.330000000000000000e+02,9.340000000000000000e+02,9.350000000000000000e+02,9.360000000000000000e+02,9.370000000000000000e+02,9.380000000000000000e+02,9.390000000000000000e+02,9.400000000000000000e+02,9.410000000000000000e+02,9.420000000000000000e+02,9.430000000000000000e+02,9.440000000000000000e+02,9.450000000000000000e+02,9.460000000000000000e+02,9.470000000000000000e+02,9.480000000000000000e+02,9.490000000000000000e+02,9.500000000000000000e+02,9.510000000000000000e+02,9.520000000000000000e+02,9.530000000000000000e+02,9.540000000000000000e+02,9.550000000000000000e+02,9.560000000000000000e+02,9.570000000000000000e+02,8.320000000000000000e+02,8.330000000000000000e+02,8.340000000000000000e+02,8.350000000000000000e+02,8.360000000000000000e+02,8.370000000000000000e+02,8.380000000000000000e+02,8.390000000000000000e+02,8.400000000000000000e+02,8.410000000000000000e+02,8.420000000000000000e+02,8.430000000000000000e+02,8.440000000000000000e+02,8.450000000000000000e+02,8.460000000000000000e+02,8.470000000000000000e+02,8.480000000000000000e+02,8.490000000000000000e+02,8.500000000000000000e+02,8.510000000000000000e+02,8.520000000000000000e+02,8.530000000000000000e+02,8.540000000000000000e+02,8.550000000000000000e+02,8.560000000000000000e+02,8.570000000000000000e+02,8.580000000000000000e+02,8.590000000000000000e+02,8.600000000000000000e+02,8.610000000000000000e+02,8.620000000000000000e+02,8.630000000000000000e+02,8.640000000000000000e+02,8.650000000000000000e+02,8.660000000000000000e+02,8.670000000000000000e+02,8.680000000000000000e+02,8.690000000000000000e+02,8.700000000000000000e+02,8.710000000000000000e+02,8.720000000000000000e+02,8.730000000000000000e+02,8.740000000000000000e+02,8.750000000000000000e+02,8.760000000000000000e+02,8.770000000000000000e+02,8.780000000000000000e+02,8.790000000000000000e+02,8.800000000000000000e+02,8.810000000000000000e+02,8.820000000000000000e+02,8.830000000000000000e+02,8.840000000000000000e+02,8.850000000000000000e+02,8.860000000000000000e+02,8.870000000000000000e+02,8.880000000000000000e+02,8.890000000000000000e+02,8.900000000000000000e+02,8.910000000000000000e+02,8.920000000000000000e+02,8.930000000000000000e+02,8.940000000000000000e+02,8.950000000000000000e+02,8.960000000000000000e+02,8.970000000000000000e+02,8.980000000000000000e+02,8.990000000000000000e+02,9.000000000000000000e+02,9.010000000000000000e+02,9.020000000000000000e+02,9.030000000000000000e+02,9.040000000000000000e+02,9.050000000000000000e+02,9.060000000000000000e+02,9.070000000000000000e+02,9.080000000000000000e+02,9.090000000000000000e+02,9.100000000000000000e+02,9.110000000000000000e+02,9.120000000000000000e+02,9.130000000000000000e+02,9.140000000000000000e+02,9.150000000000000000e+02,9.160000000000000000e+02,9.170000000000000000e+02,9.180000000000000000e+02,9.190000000000000000e+02,9.200000000000000000e+02,9.210000000000000000e+02,9.220000000000000000e+02,9.230000000000000000e+02,9.240000000000000000e+02,9.250000000000000000e+02,9.260000000000000000e+02,9.270000000000000000e+02,9.280000000000000000e+02,9.290000000000000000e+02,9.300000000000000000e+02,9.310000000000000000e+02,9.320000000000000000e+02,9.330000000000000000e+02,9.340000000000000000e+02,9.350000000000000000e+02,9.360000000000000000e+02,9.370000000000000000e+02,9.380000000000000000e+02,9.390000000000000000e+02,9.400000000000000000e+02,9.410000000000000000e+02,9.420000000000000000e+02,9.430000000000000000e+02,9.440000000000000000e+02,9.450000000000000000e+02,9.460000000000000000e+02,9.470000000000000000e+02,9.480000000000000000e+02,9.490000000000000000e+02,9.500000000000000000e+02,9.510000000000000000e+02,9.520000000000000000e+02,9.530000000000000000e+02,9.540000000000000000e+02,9.550000000000000000e+02,9.560000000000000000e+02,8.310000000000000000e+02,8.320000000000000000e+02,8.330000000000000000e+02,8.340000000000000000e+02,8.350000000000000000e+02,8.360000000000000000e+02,8.370000000000000000e+02,8.380000000000000000e+02,8.390000000000000000e+02,8.400000000000000000e+02,8.410000000000000000e+02,8.420000000000000000e+02,8.430000000000000000e+02,8.440000000000000000e+02,8.450000000000000000e+02,8.460000000000000000e+02,8.470000000000000000e+02,8.480000000000000000e+02,8.490000000000000000e+02,8.500000000000000000e+02,8.510000000000000000e+02,8.520000000000000000e+02,8.530000000000000000e+02,8.540000000000000000e+02,8.550000000000000000e+02,8.560000000000000000e+02,8.570000000000000000e+02,8.580000000000000000e+02,8.590000000000000000e+02,8.600000000000000000e+02,8.610000000000000000e+02,8.620000000000000000e+02,8.630000000000000000e+02,8.640000000000000000e+02,8.650000000000000000e+02,8.660000000000000000e+02,8.670000000000000000e+02,8.680000000000000000e+02,8.690000000000000000e+02,8.700000000000000000e+02,8.710000000000000000e+02,8.720000000000000000e+02,8.730000000000000000e+02,8.740000000000000000e+02,8.750000000000000000e+02,8.760000000000000000e+02,8.770000000000000000e+02,8.780000000000000000e+02,8.790000000000000000e+02,8.800000000000000000e+02,8.810000000000000000e+02,8.820000000000000000e+02,8.830000000000000000e+02,8.840000000000000000e+02,8.850000000000000000e+02,8.860000000000000000e+02,8.870000000000000000e+02,8.880000000000000000e+02,8.890000000000000000e+02,8.900000000000000000e+02,8.910000000000000000e+02,8.920000000000000000e+02,8.930000000000000000e+02,8.940000000000000000e+02,8.950000000000000000e+02,8.960000000000000000e+02,8.970000000000000000e+02,8.980000000000000000e+02,8.990000000000000000e+02,9.000000000000000000e+02,9.010000000000000000e+02,9.020000000000000000e+02,9.030000000000000000e+02,9.040000000000000000e+02,9.050000000000000000e+02,9.060000000000000000e+02,9.070000000000000000e+02,9.080000000000000000e+02,9.090000000000000000e+02,9.100000000000000000e+02,9.110000000000000000e+02,9.120000000000000000e+02,9.130000000000000000e+02,9.140000000000000000e+02,9.150000000000000000e+02,9.160000000000000000e+02,9.170000000000000000e+02,9.180000000000000000e+02,9.190000000000000000e+02,9.200000000000000000e+02,9.210000000000000000e+02,9.220000000000000000e+02,9.230000000000000000e+02,9.240000000000000000e+02,9.250000000000000000e+02,9.260000000000000000e+02,9.270000000000000000e+02,9.280000000000000000e+02,9.290000000000000000e+02,9.300000000000000000e+02,9.310000000000000000e+02,9.320000000000000000e+02,9.330000000000000000e+02,9.340000000000000000e+02,9.350000000000000000e+02,9.360000000000000000e+02,9.370000000000000000e+02,9.380000000000000000e+02,9.390000000000000000e+02,9.400000000000000000e+02,9.410000000000000000e+02,9.420000000000000000e+02,9.430000000000000000e+02,9.440000000000000000e+02,9.450000000000000000e+02,9.460000000000000000e+02,9.470000000000000000e+02,9.480000000000000000e+02,9.490000000000000000e+02,9.500000000000000000e+02,9.510000000000000000e+02,9.520000000000000000e+02,9.530000000000000000e+02,9.540000000000000000e+02,9.550000000000000000e+02,8.300000000000000000e+02,8.310000000000000000e+02,8.320000000000000000e+02,8.330000000000000000e+02,8.340000000000000000e+02,8.350000000000000000e+02,8.360000000000000000e+02,8.370000000000000000e+02,8.380000000000000000e+02,8.390000000000000000e+02,8.400000000000000000e+02,8.410000000000000000e+02,8.420000000000000000e+02,8.430000000000000000e+02,8.440000000000000000e+02,8.450000000000000000e+02,8.460000000000000000e+02,8.470000000000000000e+02,8.480000000000000000e+02,8.490000000000000000e+02,8.500000000000000000e+02,8.510000000000000000e+02,8.520000000000000000e+02,8.530000000000000000e+02,8.540000000000000000e+02,8.550000000000000000e+02,8.560000000000000000e+02,8.570000000000000000e+02,8.580000000000000000e+02,8.590000000000000000e+02,8.600000000000000000e+02,8.610000000000000000e+02,8.620000000000000000e+02,8.630000000000000000e+02,8.640000000000000000e+02,8.650000000000000000e+02,8.660000000000000000e+02,8.670000000000000000e+02,8.680000000000000000e+02,8.690000000000000000e+02,8.700000000000000000e+02,8.710000000000000000e+02,8.720000000000000000e+02,8.730000000000000000e+02,8.740000000000000000e+02,8.750000000000000000e+02,8.760000000000000000e+02,8.770000000000000000e+02,8.780000000000000000e+02,8.790000000000000000e+02,8.800000000000000000e+02,8.810000000000000000e+02,8.820000000000000000e+02,8.830000000000000000e+02,8.840000000000000000e+02,8.850000000000000000e+02,8.860000000000000000e+02,8.870000000000000000e+02,8.880000000000000000e+02,8.890000000000000000e+02,8.900000000000000000e+02,8.910000000000000000e+02,8.920000000000000000e+02,8.930000000000000000e+02,8.940000000000000000e+02,8.950000000000000000e+02,8.960000000000000000e+02,8.970000000000000000e+02,8.980000000000000000e+02,8.990000000000000000e+02,9.000000000000000000e+02,9.010000000000000000e+02,9.020000000000000000e+02,9.030000000000000000e+02,9.040000000000000000e+02,9.050000000000000000e+02,9.060000000000000000e+02,9.070000000000000000e+02,9.080000000000000000e+02,9.090000000000000000e+02,9.100000000000000000e+02,9.110000000000000000e+02,9.120000000000000000e+02,9.130000000000000000e+02,9.140000000000000000e+02,9.150000000000000000e+02,9.160000000000000000e+02,9.170000000000000000e+02,9.180000000000000000e+02,9.190000000000000000e+02,9.200000000000000000e+02,9.210000000000000000e+02,9.220000000000000000e+02,9.230000000000000000e+02,9.240000000000000000e+02,9.250000000000000000e+02,9.260000000000000000e+02,9.270000000000000000e+02,9.280000000000000000e+02,9.290000000000000000e+02,9.300000000000000000e+02,9.310000000000000000e+02,9.320000000000000000e+02,9.330000000000000000e+02,9.340000000000000000e+02,9.350000000000000000e+02,9.360000000000000000e+02,9.370000000000000000e+02,9.380000000000000000e+02,9.390000000000000000e+02,9.400000000000000000e+02,9.410000000000000000e+02,9.420000000000000000e+02,9.430000000000000000e+02,9.440000000000000000e+02,9.450000000000000000e+02,9.460000000000000000e+02,9.470000000000000000e+02,9.480000000000000000e+02,9.490000000000000000e+02,9.500000000000000000e+02,9.510000000000000000e+02,9.520000000000000000e+02,9.530000000000000000e+02,9.540000000000000000e+02,9.550000000000000000e+02,8.290000000000000000e+02,8.300000000000000000e+02,8.310000000000000000e+02,8.320000000000000000e+02,8.330000000000000000e+02,8.340000000000000000e+02,8.350000000000000000e+02,8.360000000000000000e+02,8.370000000000000000e+02,8.380000000000000000e+02,8.390000000000000000e+02,8.400000000000000000e+02,8.410000000000000000e+02,8.420000000000000000e+02,8.430000000000000000e+02,8.440000000000000000e+02,8.450000000000000000e+02,8.460000000000000000e+02,8.470000000000000000e+02,8.480000000000000000e+02,8.490000000000000000e+02,8.500000000000000000e+02,8.510000000000000000e+02,8.520000000000000000e+02,8.530000000000000000e+02,8.540000000000000000e+02,8.550000000000000000e+02,8.560000000000000000e+02,8.570000000000000000e+02,8.580000000000000000e+02,8.590000000000000000e+02,8.600000000000000000e+02,8.610000000000000000e+02,8.620000000000000000e+02,8.630000000000000000e+02,8.640000000000000000e+02,8.650000000000000000e+02,8.660000000000000000e+02,8.670000000000000000e+02,8.680000000000000000e+02,8.690000000000000000e+02,8.700000000000000000e+02,8.710000000000000000e+02,8.720000000000000000e+02,8.730000000000000000e+02,8.740000000000000000e+02,8.750000000000000000e+02,8.760000000000000000e+02,8.770000000000000000e+02,8.780000000000000000e+02,8.790000000000000000e+02,8.800000000000000000e+02,8.810000000000000000e+02,8.820000000000000000e+02,8.830000000000000000e+02,8.840000000000000000e+02,8.850000000000000000e+02,8.860000000000000000e+02,8.870000000000000000e+02,8.880000000000000000e+02,8.890000000000000000e+02,8.900000000000000000e+02,8.910000000000000000e+02,8.920000000000000000e+02,8.930000000000000000e+02,8.940000000000000000e+02,8.950000000000000000e+02,8.960000000000000000e+02,8.970000000000000000e+02,8.980000000000000000e+02,8.990000000000000000e+02,9.000000000000000000e+02,9.010000000000000000e+02,9.020000000000000000e+02,9.030000000000000000e+02,9.040000000000000000e+02,9.050000000000000000e+02,9.060000000000000000e+02,9.070000000000000000e+02,9.080000000000000000e+02,9.090000000000000000e+02,9.100000000000000000e+02,9.110000000000000000e+02,9.120000000000000000e+02,9.130000000000000000e+02,9.140000000000000000e+02,9.150000000000000000e+02,9.160000000000000000e+02,9.170000000000000000e+02,9.180000000000000000e+02,9.190000000000000000e+02,9.200000000000000000e+02,9.210000000000000000e+02,9.220000000000000000e+02,9.230000000000000000e+02,9.240000000000000000e+02,9.250000000000000000e+02,9.260000000000000000e+02,9.270000000000000000e+02,9.280000000000000000e+02,9.290000000000000000e+02,9.300000000000000000e+02,9.310000000000000000e+02,9.320000000000000000e+02,9.330000000000000000e+02,9.340000000000000000e+02,9.350000000000000000e+02,9.360000000000000000e+02,9.370000000000000000e+02,9.380000000000000000e+02,9.390000000000000000e+02,9.400000000000000000e+02,9.410000000000000000e+02,9.420000000000000000e+02,9.430000000000000000e+02,9.440000000000000000e+02,9.450000000000000000e+02,9.460000000000000000e+02,9.470000000000000000e+02,9.480000000000000000e+02,9.490000000000000000e+02,9.500000000000000000e+02,9.510000000000000000e+02,9.520000000000000000e+02,9.530000000000000000e+02,9.540000000000000000e+02,8.290000000000000000e+02,8.300000000000000000e+02,8.310000000000000000e+02,8.320000000000000000e+02,8.330000000000000000e+02,8.340000000000000000e+02,8.350000000000000000e+02,8.360000000000000000e+02,8.370000000000000000e+02,8.380000000000000000e+02,8.390000000000000000e+02,8.400000000000000000e+02,8.410000000000000000e+02,8.420000000000000000e+02,8.430000000000000000e+02,8.440000000000000000e+02,8.450000000000000000e+02,8.460000000000000000e+02,8.470000000000000000e+02,8.480000000000000000e+02,8.490000000000000000e+02,8.500000000000000000e+02,8.510000000000000000e+02,8.520000000000000000e+02,8.530000000000000000e+02,8.540000000000000000e+02,8.550000000000000000e+02,8.560000000000000000e+02,8.570000000000000000e+02,8.580000000000000000e+02,8.590000000000000000e+02,8.600000000000000000e+02,8.610000000000000000e+02,8.620000000000000000e+02,8.630000000000000000e+02,8.640000000000000000e+02,8.650000000000000000e+02,8.660000000000000000e+02,8.670000000000000000e+02,8.680000000000000000e+02,8.690000000000000000e+02,8.700000000000000000e+02,8.710000000000000000e+02,8.720000000000000000e+02,8.730000000000000000e+02,8.740000000000000000e+02,8.750000000000000000e+02,8.760000000000000000e+02,8.770000000000000000e+02,8.780000000000000000e+02,8.790000000000000000e+02,8.800000000000000000e+02,8.810000000000000000e+02,8.820000000000000000e+02,8.830000000000000000e+02,8.840000000000000000e+02,8.850000000000000000e+02,8.860000000000000000e+02,8.870000000000000000e+02,8.880000000000000000e+02,8.890000000000000000e+02,8.900000000000000000e+02,8.910000000000000000e+02,8.920000000000000000e+02,8.930000000000000000e+02,8.940000000000000000e+02,8.950000000000000000e+02,8.960000000000000000e+02,8.970000000000000000e+02,8.980000000000000000e+02,8.990000000000000000e+02,9.000000000000000000e+02,9.010000000000000000e+02,9.020000000000000000e+02,9.030000000000000000e+02,9.040000000000000000e+02,9.050000000000000000e+02,9.060000000000000000e+02,9.070000000000000000e+02,9.080000000000000000e+02,9.090000000000000000e+02,9.100000000000000000e+02,9.110000000000000000e+02,9.120000000000000000e+02,9.130000000000000000e+02,9.140000000000000000e+02,9.150000000000000000e+02,9.160000000000000000e+02,9.170000000000000000e+02,9.180000000000000000e+02,9.190000000000000000e+02,9.200000000000000000e+02,9.210000000000000000e+02,9.220000000000000000e+02,9.230000000000000000e+02,9.240000000000000000e+02,9.250000000000000000e+02,9.260000000000000000e+02,9.270000000000000000e+02,9.280000000000000000e+02,9.290000000000000000e+02,9.300000000000000000e+02,9.310000000000000000e+02,9.320000000000000000e+02,9.330000000000000000e+02,9.340000000000000000e+02,9.350000000000000000e+02,9.360000000000000000e+02,9.370000000000000000e+02,9.380000000000000000e+02,9.390000000000000000e+02,9.400000000000000000e+02,9.410000000000000000e+02,9.420000000000000000e+02,9.430000000000000000e+02,9.440000000000000000e+02,9.450000000000000000e+02,9.460000000000000000e+02,9.470000000000000000e+02,9.480000000000000000e+02,9.490000000000000000e+02,9.500000000000000000e+02,9.510000000000000000e+02,9.520000000000000000e+02,9.530000000000000000e+02,8.280000000000000000e+02,8.290000000000000000e+02,8.300000000000000000e+02,8.310000000000000000e+02,8.320000000000000000e+02,8.330000000000000000e+02,8.340000000000000000e+02,8.350000000000000000e+02,8.360000000000000000e+02,8.370000000000000000e+02,8.380000000000000000e+02,8.390000000000000000e+02,8.400000000000000000e+02,8.410000000000000000e+02,8.420000000000000000e+02,8.430000000000000000e+02,8.440000000000000000e+02,8.450000000000000000e+02,8.460000000000000000e+02,8.470000000000000000e+02,8.480000000000000000e+02,8.490000000000000000e+02,8.500000000000000000e+02,8.510000000000000000e+02,8.520000000000000000e+02,8.530000000000000000e+02,8.540000000000000000e+02,8.550000000000000000e+02,8.560000000000000000e+02,8.570000000000000000e+02,8.580000000000000000e+02,8.590000000000000000e+02,8.600000000000000000e+02,8.610000000000000000e+02,8.620000000000000000e+02,8.630000000000000000e+02,8.640000000000000000e+02,8.650000000000000000e+02,8.660000000000000000e+02,8.670000000000000000e+02,8.680000000000000000e+02,8.690000000000000000e+02,8.700000000000000000e+02,8.710000000000000000e+02,8.720000000000000000e+02,8.730000000000000000e+02,8.740000000000000000e+02,8.750000000000000000e+02,8.760000000000000000e+02,8.770000000000000000e+02,8.780000000000000000e+02,8.790000000000000000e+02,8.800000000000000000e+02,8.810000000000000000e+02,8.820000000000000000e+02,8.830000000000000000e+02,8.840000000000000000e+02,8.850000000000000000e+02,8.860000000000000000e+02,8.870000000000000000e+02,8.880000000000000000e+02,8.890000000000000000e+02,8.900000000000000000e+02,8.910000000000000000e+02,8.920000000000000000e+02,8.930000000000000000e+02,8.940000000000000000e+02,8.950000000000000000e+02,8.960000000000000000e+02,8.970000000000000000e+02,8.980000000000000000e+02,8.990000000000000000e+02,9.000000000000000000e+02,9.010000000000000000e+02,9.020000000000000000e+02,9.030000000000000000e+02,9.040000000000000000e+02,9.050000000000000000e+02,9.060000000000000000e+02,9.070000000000000000e+02,9.080000000000000000e+02,9.090000000000000000e+02,9.100000000000000000e+02,9.110000000000000000e+02,9.120000000000000000e+02,9.130000000000000000e+02,9.140000000000000000e+02,9.150000000000000000e+02,9.160000000000000000e+02,9.170000000000000000e+02,9.180000000000000000e+02,9.190000000000000000e+02,9.200000000000000000e+02,9.210000000000000000e+02,9.220000000000000000e+02,9.230000000000000000e+02,9.240000000000000000e+02,9.250000000000000000e+02,9.260000000000000000e+02,9.270000000000000000e+02,9.280000000000000000e+02,9.290000000000000000e+02,9.300000000000000000e+02,9.310000000000000000e+02,9.320000000000000000e+02,9.330000000000000000e+02,9.340000000000000000e+02,9.350000000000000000e+02,9.360000000000000000e+02,9.370000000000000000e+02,9.380000000000000000e+02,9.390000000000000000e+02,9.400000000000000000e+02,9.410000000000000000e+02,9.420000000000000000e+02,9.430000000000000000e+02,9.440000000000000000e+02,9.450000000000000000e+02,9.460000000000000000e+02,9.470000000000000000e+02,9.480000000000000000e+02,9.490000000000000000e+02,9.500000000000000000e+02,9.510000000000000000e+02,9.520000000000000000e+02,9.530000000000000000e+02,8.280000000000000000e+02,8.290000000000000000e+02,8.300000000000000000e+02,8.310000000000000000e+02,8.320000000000000000e+02,8.330000000000000000e+02,8.340000000000000000e+02,8.350000000000000000e+02,8.360000000000000000e+02,8.370000000000000000e+02,8.380000000000000000e+02,8.390000000000000000e+02,8.400000000000000000e+02,8.410000000000000000e+02,8.420000000000000000e+02,8.430000000000000000e+02,8.440000000000000000e+02,8.450000000000000000e+02,8.460000000000000000e+02,8.470000000000000000e+02,8.480000000000000000e+02,8.490000000000000000e+02,8.500000000000000000e+02,8.510000000000000000e+02,8.520000000000000000e+02,8.530000000000000000e+02,8.540000000000000000e+02,8.550000000000000000e+02,8.560000000000000000e+02,8.570000000000000000e+02,8.580000000000000000e+02,8.590000000000000000e+02,8.600000000000000000e+02,8.610000000000000000e+02,8.620000000000000000e+02,8.630000000000000000e+02,8.640000000000000000e+02,8.650000000000000000e+02,8.660000000000000000e+02,8.670000000000000000e+02,8.680000000000000000e+02,8.690000000000000000e+02,8.700000000000000000e+02,8.710000000000000000e+02,8.720000000000000000e+02,8.730000000000000000e+02,8.740000000000000000e+02,8.750000000000000000e+02,8.760000000000000000e+02,8.770000000000000000e+02,8.780000000000000000e+02,8.790000000000000000e+02,8.800000000000000000e+02,8.810000000000000000e+02,8.820000000000000000e+02,8.830000000000000000e+02,8.840000000000000000e+02,8.850000000000000000e+02,8.860000000000000000e+02,8.870000000000000000e+02,8.880000000000000000e+02,8.890000000000000000e+02,8.900000000000000000e+02,8.910000000000000000e+02,8.920000000000000000e+02,8.930000000000000000e+02,8.940000000000000000e+02,8.950000000000000000e+02,8.960000000000000000e+02,8.970000000000000000e+02,8.980000000000000000e+02,8.990000000000000000e+02,9.000000000000000000e+02,9.010000000000000000e+02,9.020000000000000000e+02,9.030000000000000000e+02,9.040000000000000000e+02,9.050000000000000000e+02,9.060000000000000000e+02,9.070000000000000000e+02,9.080000000000000000e+02,9.090000000000000000e+02,9.100000000000000000e+02,9.110000000000000000e+02,9.120000000000000000e+02,9.130000000000000000e+02,9.140000000000000000e+02,9.150000000000000000e+02,9.160000000000000000e+02,9.170000000000000000e+02,9.180000000000000000e+02,9.190000000000000000e+02,9.200000000000000000e+02,9.210000000000000000e+02,9.220000000000000000e+02,9.230000000000000000e+02,9.240000000000000000e+02,9.250000000000000000e+02,9.260000000000000000e+02,9.270000000000000000e+02,9.280000000000000000e+02,9.290000000000000000e+02,9.300000000000000000e+02,9.310000000000000000e+02,9.320000000000000000e+02,9.330000000000000000e+02,9.340000000000000000e+02,9.350000000000000000e+02,9.360000000000000000e+02,9.370000000000000000e+02,9.380000000000000000e+02,9.390000000000000000e+02,9.400000000000000000e+02,9.410000000000000000e+02,9.420000000000000000e+02,9.430000000000000000e+02,9.440000000000000000e+02,9.450000000000000000e+02,9.460000000000000000e+02,9.470000000000000000e+02,9.480000000000000000e+02,9.490000000000000000e+02,9.500000000000000000e+02,9.510000000000000000e+02,9.520000000000000000e+02,8.270000000000000000e+02,8.280000000000000000e+02,8.290000000000000000e+02,8.300000000000000000e+02,8.310000000000000000e+02,8.320000000000000000e+02,8.330000000000000000e+02,8.340000000000000000e+02,8.350000000000000000e+02,8.360000000000000000e+02,8.370000000000000000e+02,8.380000000000000000e+02,8.390000000000000000e+02,8.400000000000000000e+02,8.410000000000000000e+02,8.420000000000000000e+02,8.430000000000000000e+02,8.440000000000000000e+02,8.450000000000000000e+02,8.460000000000000000e+02,8.470000000000000000e+02,8.480000000000000000e+02,8.490000000000000000e+02,8.500000000000000000e+02,8.510000000000000000e+02,8.520000000000000000e+02,8.530000000000000000e+02,8.540000000000000000e+02,8.550000000000000000e+02,8.560000000000000000e+02,8.570000000000000000e+02,8.580000000000000000e+02,8.590000000000000000e+02,8.600000000000000000e+02,8.610000000000000000e+02,8.620000000000000000e+02,8.630000000000000000e+02,8.640000000000000000e+02,8.650000000000000000e+02,8.660000000000000000e+02,8.670000000000000000e+02,8.680000000000000000e+02,8.690000000000000000e+02,8.700000000000000000e+02,8.710000000000000000e+02,8.720000000000000000e+02,8.730000000000000000e+02,8.740000000000000000e+02,8.750000000000000000e+02,8.760000000000000000e+02,8.770000000000000000e+02,8.780000000000000000e+02,8.790000000000000000e+02,8.800000000000000000e+02,8.810000000000000000e+02,8.820000000000000000e+02,8.830000000000000000e+02,8.840000000000000000e+02,8.850000000000000000e+02,8.860000000000000000e+02,8.870000000000000000e+02,8.880000000000000000e+02,8.890000000000000000e+02,8.900000000000000000e+02,8.910000000000000000e+02,8.920000000000000000e+02,8.930000000000000000e+02,8.940000000000000000e+02,8.950000000000000000e+02,8.960000000000000000e+02,8.970000000000000000e+02,8.980000000000000000e+02,8.990000000000000000e+02,9.000000000000000000e+02,9.010000000000000000e+02,9.020000000000000000e+02,9.030000000000000000e+02,9.040000000000000000e+02,9.050000000000000000e+02,9.060000000000000000e+02,9.070000000000000000e+02,9.080000000000000000e+02,9.090000000000000000e+02,9.100000000000000000e+02,9.110000000000000000e+02,9.120000000000000000e+02,9.130000000000000000e+02,9.140000000000000000e+02,9.150000000000000000e+02,9.160000000000000000e+02,9.170000000000000000e+02,9.180000000000000000e+02,9.190000000000000000e+02,9.200000000000000000e+02,9.210000000000000000e+02,9.220000000000000000e+02,9.230000000000000000e+02,9.240000000000000000e+02,9.250000000000000000e+02,9.260000000000000000e+02,9.270000000000000000e+02,9.280000000000000000e+02,9.290000000000000000e+02,9.300000000000000000e+02,9.310000000000000000e+02,9.320000000000000000e+02,9.330000000000000000e+02,9.340000000000000000e+02,9.350000000000000000e+02,9.360000000000000000e+02,9.370000000000000000e+02,9.380000000000000000e+02,9.390000000000000000e+02,9.400000000000000000e+02,9.410000000000000000e+02,9.420000000000000000e+02,9.430000000000000000e+02,9.440000000000000000e+02,9.450000000000000000e+02,9.460000000000000000e+02,9.470000000000000000e+02,9.480000000000000000e+02,9.490000000000000000e+02,9.500000000000000000e+02,9.510000000000000000e+02,9.520000000000000000e+02,8.270000000000000000e+02,8.280000000000000000e+02,8.290000000000000000e+02,8.300000000000000000e+02,8.310000000000000000e+02,8.320000000000000000e+02,8.330000000000000000e+02,8.340000000000000000e+02,8.350000000000000000e+02,8.360000000000000000e+02,8.370000000000000000e+02,8.380000000000000000e+02,8.390000000000000000e+02,8.400000000000000000e+02,8.410000000000000000e+02,8.420000000000000000e+02,8.430000000000000000e+02,8.440000000000000000e+02,8.450000000000000000e+02,8.460000000000000000e+02,8.470000000000000000e+02,8.480000000000000000e+02,8.490000000000000000e+02,8.500000000000000000e+02,8.510000000000000000e+02,8.520000000000000000e+02,8.530000000000000000e+02,8.540000000000000000e+02,8.550000000000000000e+02,8.560000000000000000e+02,8.570000000000000000e+02,8.580000000000000000e+02,8.590000000000000000e+02,8.600000000000000000e+02,8.610000000000000000e+02,8.620000000000000000e+02,8.630000000000000000e+02,8.640000000000000000e+02,8.650000000000000000e+02,8.660000000000000000e+02,8.670000000000000000e+02,8.680000000000000000e+02,8.690000000000000000e+02,8.700000000000000000e+02,8.710000000000000000e+02,8.720000000000000000e+02,8.730000000000000000e+02,8.740000000000000000e+02,8.750000000000000000e+02,8.760000000000000000e+02,8.770000000000000000e+02,8.780000000000000000e+02,8.790000000000000000e+02,8.800000000000000000e+02,8.810000000000000000e+02,8.820000000000000000e+02,8.830000000000000000e+02,8.840000000000000000e+02,8.850000000000000000e+02,8.860000000000000000e+02,8.870000000000000000e+02,8.880000000000000000e+02,8.890000000000000000e+02,8.900000000000000000e+02,8.910000000000000000e+02,8.920000000000000000e+02,8.930000000000000000e+02,8.940000000000000000e+02,8.950000000000000000e+02,8.960000000000000000e+02,8.970000000000000000e+02,8.980000000000000000e+02,8.990000000000000000e+02,9.000000000000000000e+02,9.010000000000000000e+02,9.020000000000000000e+02,9.030000000000000000e+02,9.040000000000000000e+02,9.050000000000000000e+02,9.060000000000000000e+02,9.070000000000000000e+02,9.080000000000000000e+02,9.090000000000000000e+02,9.100000000000000000e+02,9.110000000000000000e+02,9.120000000000000000e+02,9.130000000000000000e+02,9.140000000000000000e+02,9.150000000000000000e+02,9.160000000000000000e+02,9.170000000000000000e+02,9.180000000000000000e+02,9.190000000000000000e+02,9.200000000000000000e+02,9.210000000000000000e+02,9.220000000000000000e+02,9.230000000000000000e+02,9.240000000000000000e+02,9.250000000000000000e+02,9.260000000000000000e+02,9.270000000000000000e+02,9.280000000000000000e+02,9.290000000000000000e+02,9.300000000000000000e+02,9.310000000000000000e+02,9.320000000000000000e+02,9.330000000000000000e+02,9.340000000000000000e+02,9.350000000000000000e+02,9.360000000000000000e+02,9.370000000000000000e+02,9.380000000000000000e+02,9.390000000000000000e+02,9.400000000000000000e+02,9.410000000000000000e+02,9.420000000000000000e+02,9.430000000000000000e+02,9.440000000000000000e+02,9.450000000000000000e+02,9.460000000000000000e+02,9.470000000000000000e+02,9.480000000000000000e+02,9.490000000000000000e+02,9.500000000000000000e+02,9.510000000000000000e+02,9.520000000000000000e+02,8.260000000000000000e+02,8.270000000000000000e+02,8.280000000000000000e+02,8.290000000000000000e+02,8.300000000000000000e+02,8.310000000000000000e+02,8.320000000000000000e+02,8.330000000000000000e+02,8.340000000000000000e+02,8.350000000000000000e+02,8.360000000000000000e+02,8.370000000000000000e+02,8.380000000000000000e+02,8.390000000000000000e+02,8.400000000000000000e+02,8.410000000000000000e+02,8.420000000000000000e+02,8.430000000000000000e+02,8.440000000000000000e+02,8.450000000000000000e+02,8.460000000000000000e+02,8.470000000000000000e+02,8.480000000000000000e+02,8.490000000000000000e+02,8.500000000000000000e+02,8.510000000000000000e+02,8.520000000000000000e+02,8.530000000000000000e+02,8.540000000000000000e+02,8.550000000000000000e+02,8.560000000000000000e+02,8.570000000000000000e+02,8.580000000000000000e+02,8.590000000000000000e+02,8.600000000000000000e+02,8.610000000000000000e+02,8.620000000000000000e+02,8.630000000000000000e+02,8.640000000000000000e+02,8.650000000000000000e+02,8.660000000000000000e+02,8.670000000000000000e+02,8.680000000000000000e+02,8.690000000000000000e+02,8.700000000000000000e+02,8.710000000000000000e+02,8.720000000000000000e+02,8.730000000000000000e+02,8.740000000000000000e+02,8.750000000000000000e+02,8.760000000000000000e+02,8.770000000000000000e+02,8.780000000000000000e+02,8.790000000000000000e+02,8.800000000000000000e+02,8.810000000000000000e+02,8.820000000000000000e+02,8.830000000000000000e+02,8.840000000000000000e+02,8.850000000000000000e+02,8.860000000000000000e+02,8.870000000000000000e+02,8.880000000000000000e+02,8.890000000000000000e+02,8.900000000000000000e+02,8.910000000000000000e+02,8.920000000000000000e+02,8.930000000000000000e+02,8.940000000000000000e+02,8.950000000000000000e+02,8.960000000000000000e+02,8.970000000000000000e+02,8.980000000000000000e+02,8.990000000000000000e+02,9.000000000000000000e+02,9.010000000000000000e+02,9.020000000000000000e+02,9.030000000000000000e+02,9.040000000000000000e+02,9.050000000000000000e+02,9.060000000000000000e+02,9.070000000000000000e+02,9.080000000000000000e+02,9.090000000000000000e+02,9.100000000000000000e+02,9.110000000000000000e+02,9.120000000000000000e+02,9.130000000000000000e+02,9.140000000000000000e+02,9.150000000000000000e+02,9.160000000000000000e+02,9.170000000000000000e+02,9.180000000000000000e+02,9.190000000000000000e+02,9.200000000000000000e+02,9.210000000000000000e+02,9.220000000000000000e+02,9.230000000000000000e+02,9.240000000000000000e+02,9.250000000000000000e+02,9.260000000000000000e+02,9.270000000000000000e+02,9.280000000000000000e+02,9.290000000000000000e+02,9.300000000000000000e+02,9.310000000000000000e+02,9.320000000000000000e+02,9.330000000000000000e+02,9.340000000000000000e+02,9.350000000000000000e+02,9.360000000000000000e+02,9.370000000000000000e+02,9.380000000000000000e+02,9.390000000000000000e+02,9.400000000000000000e+02,9.410000000000000000e+02,9.420000000000000000e+02,9.430000000000000000e+02,9.440000000000000000e+02,9.450000000000000000e+02,9.460000000000000000e+02,9.470000000000000000e+02,9.480000000000000000e+02,9.490000000000000000e+02,9.500000000000000000e+02,9.510000000000000000e+02,8.260000000000000000e+02,8.270000000000000000e+02,8.280000000000000000e+02,8.290000000000000000e+02,8.300000000000000000e+02,8.310000000000000000e+02,8.320000000000000000e+02,8.330000000000000000e+02,8.340000000000000000e+02,8.350000000000000000e+02,8.360000000000000000e+02,8.370000000000000000e+02,8.380000000000000000e+02,8.390000000000000000e+02,8.400000000000000000e+02,8.410000000000000000e+02,8.420000000000000000e+02,8.430000000000000000e+02,8.440000000000000000e+02,8.450000000000000000e+02,8.460000000000000000e+02,8.470000000000000000e+02,8.480000000000000000e+02,8.490000000000000000e+02,8.500000000000000000e+02,8.510000000000000000e+02,8.520000000000000000e+02,8.530000000000000000e+02,8.540000000000000000e+02,8.550000000000000000e+02,8.560000000000000000e+02,8.570000000000000000e+02,8.580000000000000000e+02,8.590000000000000000e+02,8.600000000000000000e+02,8.610000000000000000e+02,8.620000000000000000e+02,8.630000000000000000e+02,8.640000000000000000e+02,8.650000000000000000e+02,8.660000000000000000e+02,8.670000000000000000e+02,8.680000000000000000e+02,8.690000000000000000e+02,8.700000000000000000e+02,8.710000000000000000e+02,8.720000000000000000e+02,8.730000000000000000e+02,8.740000000000000000e+02,8.750000000000000000e+02,8.760000000000000000e+02,8.770000000000000000e+02,8.780000000000000000e+02,8.790000000000000000e+02,8.800000000000000000e+02,8.810000000000000000e+02,8.820000000000000000e+02,8.830000000000000000e+02,8.840000000000000000e+02,8.850000000000000000e+02,8.860000000000000000e+02,8.870000000000000000e+02,8.880000000000000000e+02,8.890000000000000000e+02,8.900000000000000000e+02,8.910000000000000000e+02,8.920000000000000000e+02,8.930000000000000000e+02,8.940000000000000000e+02,8.950000000000000000e+02,8.960000000000000000e+02,8.970000000000000000e+02,8.980000000000000000e+02,8.990000000000000000e+02,9.000000000000000000e+02,9.010000000000000000e+02,9.020000000000000000e+02,9.030000000000000000e+02,9.040000000000000000e+02,9.050000000000000000e+02,9.060000000000000000e+02,9.070000000000000000e+02,9.080000000000000000e+02,9.090000000000000000e+02,9.100000000000000000e+02,9.110000000000000000e+02,9.120000000000000000e+02,9.130000000000000000e+02,9.140000000000000000e+02,9.150000000000000000e+02,9.160000000000000000e+02,9.170000000000000000e+02,9.180000000000000000e+02,9.190000000000000000e+02,9.200000000000000000e+02,9.210000000000000000e+02,9.220000000000000000e+02,9.230000000000000000e+02,9.240000000000000000e+02,9.250000000000000000e+02,9.260000000000000000e+02,9.270000000000000000e+02,9.280000000000000000e+02,9.290000000000000000e+02,9.300000000000000000e+02,9.310000000000000000e+02,9.320000000000000000e+02,9.330000000000000000e+02,9.340000000000000000e+02,9.350000000000000000e+02,9.360000000000000000e+02,9.370000000000000000e+02,9.380000000000000000e+02,9.390000000000000000e+02,9.400000000000000000e+02,9.410000000000000000e+02,9.420000000000000000e+02,9.430000000000000000e+02,9.440000000000000000e+02,9.450000000000000000e+02,9.460000000000000000e+02,9.470000000000000000e+02,9.480000000000000000e+02,9.490000000000000000e+02,9.500000000000000000e+02,9.510000000000000000e+02,8.250000000000000000e+02,8.260000000000000000e+02,8.270000000000000000e+02,8.280000000000000000e+02,8.290000000000000000e+02,8.300000000000000000e+02,8.310000000000000000e+02,8.320000000000000000e+02,8.330000000000000000e+02,8.340000000000000000e+02,8.350000000000000000e+02,8.360000000000000000e+02,8.370000000000000000e+02,8.380000000000000000e+02,8.390000000000000000e+02,8.400000000000000000e+02,8.410000000000000000e+02,8.420000000000000000e+02,8.430000000000000000e+02,8.440000000000000000e+02,8.450000000000000000e+02,8.460000000000000000e+02,8.470000000000000000e+02,8.480000000000000000e+02,8.490000000000000000e+02,8.500000000000000000e+02,8.510000000000000000e+02,8.520000000000000000e+02,8.530000000000000000e+02,8.540000000000000000e+02,8.550000000000000000e+02,8.560000000000000000e+02,8.570000000000000000e+02,8.580000000000000000e+02,8.590000000000000000e+02,8.600000000000000000e+02,8.610000000000000000e+02,8.620000000000000000e+02,8.630000000000000000e+02,8.640000000000000000e+02,8.650000000000000000e+02,8.660000000000000000e+02,8.670000000000000000e+02,8.680000000000000000e+02,8.690000000000000000e+02,8.700000000000000000e+02,8.710000000000000000e+02,8.720000000000000000e+02,8.730000000000000000e+02,8.740000000000000000e+02,8.750000000000000000e+02,8.760000000000000000e+02,8.770000000000000000e+02,8.780000000000000000e+02,8.790000000000000000e+02,8.800000000000000000e+02,8.810000000000000000e+02,8.820000000000000000e+02,8.830000000000000000e+02,8.840000000000000000e+02,8.850000000000000000e+02,8.860000000000000000e+02,8.870000000000000000e+02,8.880000000000000000e+02,8.890000000000000000e+02,8.900000000000000000e+02,8.910000000000000000e+02,8.920000000000000000e+02,8.930000000000000000e+02,8.940000000000000000e+02,8.950000000000000000e+02,8.960000000000000000e+02,8.970000000000000000e+02,8.980000000000000000e+02,8.990000000000000000e+02,9.000000000000000000e+02,9.010000000000000000e+02,9.020000000000000000e+02,9.030000000000000000e+02,9.040000000000000000e+02,9.050000000000000000e+02,9.060000000000000000e+02,9.070000000000000000e+02,9.080000000000000000e+02,9.090000000000000000e+02,9.100000000000000000e+02,9.110000000000000000e+02,9.120000000000000000e+02,9.130000000000000000e+02,9.140000000000000000e+02,9.150000000000000000e+02,9.160000000000000000e+02,9.170000000000000000e+02,9.180000000000000000e+02,9.190000000000000000e+02,9.200000000000000000e+02,9.210000000000000000e+02,9.220000000000000000e+02,9.230000000000000000e+02,9.240000000000000000e+02,9.250000000000000000e+02,9.260000000000000000e+02,9.270000000000000000e+02,9.280000000000000000e+02,9.290000000000000000e+02,9.300000000000000000e+02,9.310000000000000000e+02,9.320000000000000000e+02,9.330000000000000000e+02,9.340000000000000000e+02,9.350000000000000000e+02,9.360000000000000000e+02,9.370000000000000000e+02,9.380000000000000000e+02,9.390000000000000000e+02,9.400000000000000000e+02,9.410000000000000000e+02,9.420000000000000000e+02,9.430000000000000000e+02,9.440000000000000000e+02,9.450000000000000000e+02,9.460000000000000000e+02,9.470000000000000000e+02,9.480000000000000000e+02,9.490000000000000000e+02,9.500000000000000000e+02,8.250000000000000000e+02,8.260000000000000000e+02,8.270000000000000000e+02,8.280000000000000000e+02,8.290000000000000000e+02,8.300000000000000000e+02,8.310000000000000000e+02,8.320000000000000000e+02,8.330000000000000000e+02,8.340000000000000000e+02,8.350000000000000000e+02,8.360000000000000000e+02,8.370000000000000000e+02,8.380000000000000000e+02,8.390000000000000000e+02,8.400000000000000000e+02,8.410000000000000000e+02,8.420000000000000000e+02,8.430000000000000000e+02,8.440000000000000000e+02,8.450000000000000000e+02,8.460000000000000000e+02,8.470000000000000000e+02,8.480000000000000000e+02,8.490000000000000000e+02,8.500000000000000000e+02,8.510000000000000000e+02,8.520000000000000000e+02,8.530000000000000000e+02,8.540000000000000000e+02,8.550000000000000000e+02,8.560000000000000000e+02,8.570000000000000000e+02,8.580000000000000000e+02,8.590000000000000000e+02,8.600000000000000000e+02,8.610000000000000000e+02,8.620000000000000000e+02,8.630000000000000000e+02,8.640000000000000000e+02,8.650000000000000000e+02,8.660000000000000000e+02,8.670000000000000000e+02,8.680000000000000000e+02,8.690000000000000000e+02,8.700000000000000000e+02,8.710000000000000000e+02,8.720000000000000000e+02,8.730000000000000000e+02,8.740000000000000000e+02,8.750000000000000000e+02,8.760000000000000000e+02,8.770000000000000000e+02,8.780000000000000000e+02,8.790000000000000000e+02,8.800000000000000000e+02,8.810000000000000000e+02,8.820000000000000000e+02,8.830000000000000000e+02,8.840000000000000000e+02,8.850000000000000000e+02,8.860000000000000000e+02,8.870000000000000000e+02,8.880000000000000000e+02,8.890000000000000000e+02,8.900000000000000000e+02,8.910000000000000000e+02,8.920000000000000000e+02,8.930000000000000000e+02,8.940000000000000000e+02,8.950000000000000000e+02,8.960000000000000000e+02,8.970000000000000000e+02,8.980000000000000000e+02,8.990000000000000000e+02,9.000000000000000000e+02,9.010000000000000000e+02,9.020000000000000000e+02,9.030000000000000000e+02,9.040000000000000000e+02,9.050000000000000000e+02,9.060000000000000000e+02,9.070000000000000000e+02,9.080000000000000000e+02,9.090000000000000000e+02,9.100000000000000000e+02,9.110000000000000000e+02,9.120000000000000000e+02,9.130000000000000000e+02,9.140000000000000000e+02,9.150000000000000000e+02,9.160000000000000000e+02,9.170000000000000000e+02,9.180000000000000000e+02,9.190000000000000000e+02,9.200000000000000000e+02,9.210000000000000000e+02,9.220000000000000000e+02,9.230000000000000000e+02,9.240000000000000000e+02,9.250000000000000000e+02,9.260000000000000000e+02,9.270000000000000000e+02,9.280000000000000000e+02,9.290000000000000000e+02,9.300000000000000000e+02,9.310000000000000000e+02,9.320000000000000000e+02,9.330000000000000000e+02,9.340000000000000000e+02,9.350000000000000000e+02,9.360000000000000000e+02,9.370000000000000000e+02,9.380000000000000000e+02,9.390000000000000000e+02,9.400000000000000000e+02,9.410000000000000000e+02,9.420000000000000000e+02,9.430000000000000000e+02,9.440000000000000000e+02,9.450000000000000000e+02,9.460000000000000000e+02,9.470000000000000000e+02,9.480000000000000000e+02,9.490000000000000000e+02,8.240000000000000000e+02,8.250000000000000000e+02,8.260000000000000000e+02,8.270000000000000000e+02,8.280000000000000000e+02,8.290000000000000000e+02,8.300000000000000000e+02,8.310000000000000000e+02,8.320000000000000000e+02,8.330000000000000000e+02,8.340000000000000000e+02,8.350000000000000000e+02,8.360000000000000000e+02,8.370000000000000000e+02,8.380000000000000000e+02,8.390000000000000000e+02,8.400000000000000000e+02,8.410000000000000000e+02,8.420000000000000000e+02,8.430000000000000000e+02,8.440000000000000000e+02,8.450000000000000000e+02,8.460000000000000000e+02,8.470000000000000000e+02,8.480000000000000000e+02,8.490000000000000000e+02,8.500000000000000000e+02,8.510000000000000000e+02,8.520000000000000000e+02,8.530000000000000000e+02,8.540000000000000000e+02,8.550000000000000000e+02,8.560000000000000000e+02,8.570000000000000000e+02,8.580000000000000000e+02,8.590000000000000000e+02,8.600000000000000000e+02,8.610000000000000000e+02,8.620000000000000000e+02,8.630000000000000000e+02,8.640000000000000000e+02,8.650000000000000000e+02,8.660000000000000000e+02,8.670000000000000000e+02,8.680000000000000000e+02,8.690000000000000000e+02,8.700000000000000000e+02,8.710000000000000000e+02,8.720000000000000000e+02,8.730000000000000000e+02,8.740000000000000000e+02,8.750000000000000000e+02,8.760000000000000000e+02,8.770000000000000000e+02,8.780000000000000000e+02,8.790000000000000000e+02,8.800000000000000000e+02,8.810000000000000000e+02,8.820000000000000000e+02,8.830000000000000000e+02,8.840000000000000000e+02,8.850000000000000000e+02,8.860000000000000000e+02,8.870000000000000000e+02,8.880000000000000000e+02,8.890000000000000000e+02,8.900000000000000000e+02,8.910000000000000000e+02,8.920000000000000000e+02,8.930000000000000000e+02,8.940000000000000000e+02,8.950000000000000000e+02,8.960000000000000000e+02,8.970000000000000000e+02,8.980000000000000000e+02,8.990000000000000000e+02,9.000000000000000000e+02,9.010000000000000000e+02,9.020000000000000000e+02,9.030000000000000000e+02,9.040000000000000000e+02,9.050000000000000000e+02,9.060000000000000000e+02,9.070000000000000000e+02,9.080000000000000000e+02,9.090000000000000000e+02,9.100000000000000000e+02,9.110000000000000000e+02,9.120000000000000000e+02,9.130000000000000000e+02,9.140000000000000000e+02,9.150000000000000000e+02,9.160000000000000000e+02,9.170000000000000000e+02,9.180000000000000000e+02,9.190000000000000000e+02,9.200000000000000000e+02,9.210000000000000000e+02,9.220000000000000000e+02,9.230000000000000000e+02,9.240000000000000000e+02,9.250000000000000000e+02,9.260000000000000000e+02,9.270000000000000000e+02,9.280000000000000000e+02,9.290000000000000000e+02,9.300000000000000000e+02,9.310000000000000000e+02,9.320000000000000000e+02,9.330000000000000000e+02,9.340000000000000000e+02,9.350000000000000000e+02,9.360000000000000000e+02,9.370000000000000000e+02,9.380000000000000000e+02,9.390000000000000000e+02,9.400000000000000000e+02,9.410000000000000000e+02,9.420000000000000000e+02,9.430000000000000000e+02,9.440000000000000000e+02,9.450000000000000000e+02,9.460000000000000000e+02,9.470000000000000000e+02,9.480000000000000000e+02,9.490000000000000000e+02,8.230000000000000000e+02,8.240000000000000000e+02,8.250000000000000000e+02,8.260000000000000000e+02,8.270000000000000000e+02,8.280000000000000000e+02,8.290000000000000000e+02,8.300000000000000000e+02,8.310000000000000000e+02,8.320000000000000000e+02,8.330000000000000000e+02,8.340000000000000000e+02,8.350000000000000000e+02,8.360000000000000000e+02,8.370000000000000000e+02,8.380000000000000000e+02,8.390000000000000000e+02,8.400000000000000000e+02,8.410000000000000000e+02,8.420000000000000000e+02,8.430000000000000000e+02,8.440000000000000000e+02,8.450000000000000000e+02,8.460000000000000000e+02,8.470000000000000000e+02,8.480000000000000000e+02,8.490000000000000000e+02,8.500000000000000000e+02,8.510000000000000000e+02,8.520000000000000000e+02,8.530000000000000000e+02,8.540000000000000000e+02,8.550000000000000000e+02,8.560000000000000000e+02,8.570000000000000000e+02,8.580000000000000000e+02,8.590000000000000000e+02,8.600000000000000000e+02,8.610000000000000000e+02,8.620000000000000000e+02,8.630000000000000000e+02,8.640000000000000000e+02,8.650000000000000000e+02,8.660000000000000000e+02,8.670000000000000000e+02,8.680000000000000000e+02,8.690000000000000000e+02,8.700000000000000000e+02,8.710000000000000000e+02,8.720000000000000000e+02,8.730000000000000000e+02,8.740000000000000000e+02,8.750000000000000000e+02,8.760000000000000000e+02,8.770000000000000000e+02,8.780000000000000000e+02,8.790000000000000000e+02,8.800000000000000000e+02,8.810000000000000000e+02,8.820000000000000000e+02,8.830000000000000000e+02,8.840000000000000000e+02,8.850000000000000000e+02,8.860000000000000000e+02,8.870000000000000000e+02,8.880000000000000000e+02,8.890000000000000000e+02,8.900000000000000000e+02,8.910000000000000000e+02,8.920000000000000000e+02,8.930000000000000000e+02,8.940000000000000000e+02,8.950000000000000000e+02,8.960000000000000000e+02,8.970000000000000000e+02,8.980000000000000000e+02,8.990000000000000000e+02,9.000000000000000000e+02,9.010000000000000000e+02,9.020000000000000000e+02,9.030000000000000000e+02,9.040000000000000000e+02,9.050000000000000000e+02,9.060000000000000000e+02,9.070000000000000000e+02,9.080000000000000000e+02,9.090000000000000000e+02,9.100000000000000000e+02,9.110000000000000000e+02,9.120000000000000000e+02,9.130000000000000000e+02,9.140000000000000000e+02,9.150000000000000000e+02,9.160000000000000000e+02,9.170000000000000000e+02,9.180000000000000000e+02,9.190000000000000000e+02,9.200000000000000000e+02,9.210000000000000000e+02,9.220000000000000000e+02,9.230000000000000000e+02,9.240000000000000000e+02,9.250000000000000000e+02,9.260000000000000000e+02,9.270000000000000000e+02,9.280000000000000000e+02,9.290000000000000000e+02,9.300000000000000000e+02,9.310000000000000000e+02,9.320000000000000000e+02,9.330000000000000000e+02,9.340000000000000000e+02,9.350000000000000000e+02,9.360000000000000000e+02,9.370000000000000000e+02,9.380000000000000000e+02,9.390000000000000000e+02,9.400000000000000000e+02,9.410000000000000000e+02,9.420000000000000000e+02,9.430000000000000000e+02,9.440000000000000000e+02,9.450000000000000000e+02,9.460000000000000000e+02,9.470000000000000000e+02,9.480000000000000000e+02,8.230000000000000000e+02,8.240000000000000000e+02,8.250000000000000000e+02,8.260000000000000000e+02,8.270000000000000000e+02,8.280000000000000000e+02,8.290000000000000000e+02,8.300000000000000000e+02,8.310000000000000000e+02,8.320000000000000000e+02,8.330000000000000000e+02,8.340000000000000000e+02,8.350000000000000000e+02,8.360000000000000000e+02,8.370000000000000000e+02,8.380000000000000000e+02,8.390000000000000000e+02,8.400000000000000000e+02,8.410000000000000000e+02,8.420000000000000000e+02,8.430000000000000000e+02,8.440000000000000000e+02,8.450000000000000000e+02,8.460000000000000000e+02,8.470000000000000000e+02,8.480000000000000000e+02,8.490000000000000000e+02,8.500000000000000000e+02,8.510000000000000000e+02,8.520000000000000000e+02,8.530000000000000000e+02,8.540000000000000000e+02,8.550000000000000000e+02,8.560000000000000000e+02,8.570000000000000000e+02,8.580000000000000000e+02,8.590000000000000000e+02,8.600000000000000000e+02,8.610000000000000000e+02,8.620000000000000000e+02,8.630000000000000000e+02,8.640000000000000000e+02,8.650000000000000000e+02,8.660000000000000000e+02,8.670000000000000000e+02,8.680000000000000000e+02,8.690000000000000000e+02,8.700000000000000000e+02,8.710000000000000000e+02,8.720000000000000000e+02,8.730000000000000000e+02,8.740000000000000000e+02,8.750000000000000000e+02,8.760000000000000000e+02,8.770000000000000000e+02,8.780000000000000000e+02,8.790000000000000000e+02,8.800000000000000000e+02,8.810000000000000000e+02,8.820000000000000000e+02,8.830000000000000000e+02,8.840000000000000000e+02,8.850000000000000000e+02,8.860000000000000000e+02,8.870000000000000000e+02,8.880000000000000000e+02,8.890000000000000000e+02,8.900000000000000000e+02,8.910000000000000000e+02,8.920000000000000000e+02,8.930000000000000000e+02,8.940000000000000000e+02,8.950000000000000000e+02,8.960000000000000000e+02,8.970000000000000000e+02,8.980000000000000000e+02,8.990000000000000000e+02,9.000000000000000000e+02,9.010000000000000000e+02,9.020000000000000000e+02,9.030000000000000000e+02,9.040000000000000000e+02,9.050000000000000000e+02,9.060000000000000000e+02,9.070000000000000000e+02,9.080000000000000000e+02,9.090000000000000000e+02,9.100000000000000000e+02,9.110000000000000000e+02,9.120000000000000000e+02,9.130000000000000000e+02,9.140000000000000000e+02,9.150000000000000000e+02,9.160000000000000000e+02,9.170000000000000000e+02,9.180000000000000000e+02,9.190000000000000000e+02,9.200000000000000000e+02,9.210000000000000000e+02,9.220000000000000000e+02,9.230000000000000000e+02,9.240000000000000000e+02,9.250000000000000000e+02,9.260000000000000000e+02,9.270000000000000000e+02,9.280000000000000000e+02,9.290000000000000000e+02,9.300000000000000000e+02,9.310000000000000000e+02,9.320000000000000000e+02,9.330000000000000000e+02,9.340000000000000000e+02,9.350000000000000000e+02,9.360000000000000000e+02,9.370000000000000000e+02,9.380000000000000000e+02,9.390000000000000000e+02,9.400000000000000000e+02,9.410000000000000000e+02,9.420000000000000000e+02,9.430000000000000000e+02,9.440000000000000000e+02,9.450000000000000000e+02,9.460000000000000000e+02,9.470000000000000000e+02,8.220000000000000000e+02,8.230000000000000000e+02,8.240000000000000000e+02,8.250000000000000000e+02,8.260000000000000000e+02,8.270000000000000000e+02,8.280000000000000000e+02,8.290000000000000000e+02,8.300000000000000000e+02,8.310000000000000000e+02,8.320000000000000000e+02,8.330000000000000000e+02,8.340000000000000000e+02,8.350000000000000000e+02,8.360000000000000000e+02,8.370000000000000000e+02,8.380000000000000000e+02,8.390000000000000000e+02,8.400000000000000000e+02,8.410000000000000000e+02,8.420000000000000000e+02,8.430000000000000000e+02,8.440000000000000000e+02,8.450000000000000000e+02,8.460000000000000000e+02,8.470000000000000000e+02,8.480000000000000000e+02,8.490000000000000000e+02,8.500000000000000000e+02,8.510000000000000000e+02,8.520000000000000000e+02,8.530000000000000000e+02,8.540000000000000000e+02,8.550000000000000000e+02,8.560000000000000000e+02,8.570000000000000000e+02,8.580000000000000000e+02,8.590000000000000000e+02,8.600000000000000000e+02,8.610000000000000000e+02,8.620000000000000000e+02,8.630000000000000000e+02,8.640000000000000000e+02,8.650000000000000000e+02,8.660000000000000000e+02,8.670000000000000000e+02,8.680000000000000000e+02,8.690000000000000000e+02,8.700000000000000000e+02,8.710000000000000000e+02,8.720000000000000000e+02,8.730000000000000000e+02,8.740000000000000000e+02,8.750000000000000000e+02,8.760000000000000000e+02,8.770000000000000000e+02,8.780000000000000000e+02,8.790000000000000000e+02,8.800000000000000000e+02,8.810000000000000000e+02,8.820000000000000000e+02,8.830000000000000000e+02,8.840000000000000000e+02,8.850000000000000000e+02,8.860000000000000000e+02,8.870000000000000000e+02,8.880000000000000000e+02,8.890000000000000000e+02,8.900000000000000000e+02,8.910000000000000000e+02,8.920000000000000000e+02,8.930000000000000000e+02,8.940000000000000000e+02,8.950000000000000000e+02,8.960000000000000000e+02,8.970000000000000000e+02,8.980000000000000000e+02,8.990000000000000000e+02,9.000000000000000000e+02,9.010000000000000000e+02,9.020000000000000000e+02,9.030000000000000000e+02,9.040000000000000000e+02,9.050000000000000000e+02,9.060000000000000000e+02,9.070000000000000000e+02,9.080000000000000000e+02,9.090000000000000000e+02,9.100000000000000000e+02,9.110000000000000000e+02,9.120000000000000000e+02,9.130000000000000000e+02,9.140000000000000000e+02,9.150000000000000000e+02,9.160000000000000000e+02,9.170000000000000000e+02,9.180000000000000000e+02,9.190000000000000000e+02,9.200000000000000000e+02,9.210000000000000000e+02,9.220000000000000000e+02,9.230000000000000000e+02,9.240000000000000000e+02,9.250000000000000000e+02,9.260000000000000000e+02,9.270000000000000000e+02,9.280000000000000000e+02,9.290000000000000000e+02,9.300000000000000000e+02,9.310000000000000000e+02,9.320000000000000000e+02,9.330000000000000000e+02,9.340000000000000000e+02,9.350000000000000000e+02,9.360000000000000000e+02,9.370000000000000000e+02,9.380000000000000000e+02,9.390000000000000000e+02,9.400000000000000000e+02,9.410000000000000000e+02,9.420000000000000000e+02,9.430000000000000000e+02,9.440000000000000000e+02,9.450000000000000000e+02,9.460000000000000000e+02,9.470000000000000000e+02,8.210000000000000000e+02,8.220000000000000000e+02,8.230000000000000000e+02,8.240000000000000000e+02,8.250000000000000000e+02,8.260000000000000000e+02,8.270000000000000000e+02,8.280000000000000000e+02,8.290000000000000000e+02,8.300000000000000000e+02,8.310000000000000000e+02,8.320000000000000000e+02,8.330000000000000000e+02,8.340000000000000000e+02,8.350000000000000000e+02,8.360000000000000000e+02,8.370000000000000000e+02,8.380000000000000000e+02,8.390000000000000000e+02,8.400000000000000000e+02,8.410000000000000000e+02,8.420000000000000000e+02,8.430000000000000000e+02,8.440000000000000000e+02,8.450000000000000000e+02,8.460000000000000000e+02,8.470000000000000000e+02,8.480000000000000000e+02,8.490000000000000000e+02,8.500000000000000000e+02,8.510000000000000000e+02,8.520000000000000000e+02,8.530000000000000000e+02,8.540000000000000000e+02,8.550000000000000000e+02,8.560000000000000000e+02,8.570000000000000000e+02,8.580000000000000000e+02,8.590000000000000000e+02,8.600000000000000000e+02,8.610000000000000000e+02,8.620000000000000000e+02,8.630000000000000000e+02,8.640000000000000000e+02,8.650000000000000000e+02,8.660000000000000000e+02,8.670000000000000000e+02,8.680000000000000000e+02,8.690000000000000000e+02,8.700000000000000000e+02,8.710000000000000000e+02,8.720000000000000000e+02,8.730000000000000000e+02,8.740000000000000000e+02,8.750000000000000000e+02,8.760000000000000000e+02,8.770000000000000000e+02,8.780000000000000000e+02,8.790000000000000000e+02,8.800000000000000000e+02,8.810000000000000000e+02,8.820000000000000000e+02,8.830000000000000000e+02,8.840000000000000000e+02,8.850000000000000000e+02,8.860000000000000000e+02,8.870000000000000000e+02,8.880000000000000000e+02,8.890000000000000000e+02,8.900000000000000000e+02,8.910000000000000000e+02,8.920000000000000000e+02,8.930000000000000000e+02,8.940000000000000000e+02,8.950000000000000000e+02,8.960000000000000000e+02,8.970000000000000000e+02,8.980000000000000000e+02,8.990000000000000000e+02,9.000000000000000000e+02,9.010000000000000000e+02,9.020000000000000000e+02,9.030000000000000000e+02,9.040000000000000000e+02,9.050000000000000000e+02,9.060000000000000000e+02,9.070000000000000000e+02,9.080000000000000000e+02,9.090000000000000000e+02,9.100000000000000000e+02,9.110000000000000000e+02,9.120000000000000000e+02,9.130000000000000000e+02,9.140000000000000000e+02,9.150000000000000000e+02,9.160000000000000000e+02,9.170000000000000000e+02,9.180000000000000000e+02,9.190000000000000000e+02,9.200000000000000000e+02,9.210000000000000000e+02,9.220000000000000000e+02,9.230000000000000000e+02,9.240000000000000000e+02,9.250000000000000000e+02,9.260000000000000000e+02,9.270000000000000000e+02,9.280000000000000000e+02,9.290000000000000000e+02,9.300000000000000000e+02,9.310000000000000000e+02,9.320000000000000000e+02,9.330000000000000000e+02,9.340000000000000000e+02,9.350000000000000000e+02,9.360000000000000000e+02,9.370000000000000000e+02,9.380000000000000000e+02,9.390000000000000000e+02,9.400000000000000000e+02,9.410000000000000000e+02,9.420000000000000000e+02,9.430000000000000000e+02,9.440000000000000000e+02,9.450000000000000000e+02,9.460000000000000000e+02,9.470000000000000000e+02,8.210000000000000000e+02,8.220000000000000000e+02,8.230000000000000000e+02,8.240000000000000000e+02,8.250000000000000000e+02,8.260000000000000000e+02,8.270000000000000000e+02,8.280000000000000000e+02,8.290000000000000000e+02,8.300000000000000000e+02,8.310000000000000000e+02,8.320000000000000000e+02,8.330000000000000000e+02,8.340000000000000000e+02,8.350000000000000000e+02,8.360000000000000000e+02,8.370000000000000000e+02,8.380000000000000000e+02,8.390000000000000000e+02,8.400000000000000000e+02,8.410000000000000000e+02,8.420000000000000000e+02,8.430000000000000000e+02,8.440000000000000000e+02,8.450000000000000000e+02,8.460000000000000000e+02,8.470000000000000000e+02,8.480000000000000000e+02,8.490000000000000000e+02,8.500000000000000000e+02,8.510000000000000000e+02,8.520000000000000000e+02,8.530000000000000000e+02,8.540000000000000000e+02,8.550000000000000000e+02,8.560000000000000000e+02,8.570000000000000000e+02,8.580000000000000000e+02,8.590000000000000000e+02,8.600000000000000000e+02,8.610000000000000000e+02,8.620000000000000000e+02,8.630000000000000000e+02,8.640000000000000000e+02,8.650000000000000000e+02,8.660000000000000000e+02,8.670000000000000000e+02,8.680000000000000000e+02,8.690000000000000000e+02,8.700000000000000000e+02,8.710000000000000000e+02,8.720000000000000000e+02,8.730000000000000000e+02,8.740000000000000000e+02,8.750000000000000000e+02,8.760000000000000000e+02,8.770000000000000000e+02,8.780000000000000000e+02,8.790000000000000000e+02,8.800000000000000000e+02,8.810000000000000000e+02,8.820000000000000000e+02,8.830000000000000000e+02,8.840000000000000000e+02,8.850000000000000000e+02,8.860000000000000000e+02,8.870000000000000000e+02,8.880000000000000000e+02,8.890000000000000000e+02,8.900000000000000000e+02,8.910000000000000000e+02,8.920000000000000000e+02,8.930000000000000000e+02,8.940000000000000000e+02,8.950000000000000000e+02,8.960000000000000000e+02,8.970000000000000000e+02,8.980000000000000000e+02,8.990000000000000000e+02,9.000000000000000000e+02,9.010000000000000000e+02,9.020000000000000000e+02,9.030000000000000000e+02,9.040000000000000000e+02,9.050000000000000000e+02,9.060000000000000000e+02,9.070000000000000000e+02,9.080000000000000000e+02,9.090000000000000000e+02,9.100000000000000000e+02,9.110000000000000000e+02,9.120000000000000000e+02,9.130000000000000000e+02,9.140000000000000000e+02,9.150000000000000000e+02,9.160000000000000000e+02,9.170000000000000000e+02,9.180000000000000000e+02,9.190000000000000000e+02,9.200000000000000000e+02,9.210000000000000000e+02,9.220000000000000000e+02,9.230000000000000000e+02,9.240000000000000000e+02,9.250000000000000000e+02,9.260000000000000000e+02,9.270000000000000000e+02,9.280000000000000000e+02,9.290000000000000000e+02,9.300000000000000000e+02,9.310000000000000000e+02,9.320000000000000000e+02,9.330000000000000000e+02,9.340000000000000000e+02,9.350000000000000000e+02,9.360000000000000000e+02,9.370000000000000000e+02,9.380000000000000000e+02,9.390000000000000000e+02,9.400000000000000000e+02,9.410000000000000000e+02,9.420000000000000000e+02,9.430000000000000000e+02,9.440000000000000000e+02,9.450000000000000000e+02,9.460000000000000000e+02,8.200000000000000000e+02,8.210000000000000000e+02,8.220000000000000000e+02,8.230000000000000000e+02,8.240000000000000000e+02,8.250000000000000000e+02,8.260000000000000000e+02,8.270000000000000000e+02,8.280000000000000000e+02,8.290000000000000000e+02,8.300000000000000000e+02,8.310000000000000000e+02,8.320000000000000000e+02,8.330000000000000000e+02,8.340000000000000000e+02,8.350000000000000000e+02,8.360000000000000000e+02,8.370000000000000000e+02,8.380000000000000000e+02,8.390000000000000000e+02,8.400000000000000000e+02,8.410000000000000000e+02,8.420000000000000000e+02,8.430000000000000000e+02,8.440000000000000000e+02,8.450000000000000000e+02,8.460000000000000000e+02,8.470000000000000000e+02,8.480000000000000000e+02,8.490000000000000000e+02,8.500000000000000000e+02,8.510000000000000000e+02,8.520000000000000000e+02,8.530000000000000000e+02,8.540000000000000000e+02,8.550000000000000000e+02,8.560000000000000000e+02,8.570000000000000000e+02,8.580000000000000000e+02,8.590000000000000000e+02,8.600000000000000000e+02,8.610000000000000000e+02,8.620000000000000000e+02,8.630000000000000000e+02,8.640000000000000000e+02,8.650000000000000000e+02,8.660000000000000000e+02,8.670000000000000000e+02,8.680000000000000000e+02,8.690000000000000000e+02,8.700000000000000000e+02,8.710000000000000000e+02,8.720000000000000000e+02,8.730000000000000000e+02,8.740000000000000000e+02,8.750000000000000000e+02,8.760000000000000000e+02,8.770000000000000000e+02,8.780000000000000000e+02,8.790000000000000000e+02,8.800000000000000000e+02,8.810000000000000000e+02,8.820000000000000000e+02,8.830000000000000000e+02,8.840000000000000000e+02,8.850000000000000000e+02,8.860000000000000000e+02,8.870000000000000000e+02,8.880000000000000000e+02,8.890000000000000000e+02,8.900000000000000000e+02,8.910000000000000000e+02,8.920000000000000000e+02,8.930000000000000000e+02,8.940000000000000000e+02,8.950000000000000000e+02,8.960000000000000000e+02,8.970000000000000000e+02,8.980000000000000000e+02,8.990000000000000000e+02,9.000000000000000000e+02,9.010000000000000000e+02,9.020000000000000000e+02,9.030000000000000000e+02,9.040000000000000000e+02,9.050000000000000000e+02,9.060000000000000000e+02,9.070000000000000000e+02,9.080000000000000000e+02,9.090000000000000000e+02,9.100000000000000000e+02,9.110000000000000000e+02,9.120000000000000000e+02,9.130000000000000000e+02,9.140000000000000000e+02,9.150000000000000000e+02,9.160000000000000000e+02,9.170000000000000000e+02,9.180000000000000000e+02,9.190000000000000000e+02,9.200000000000000000e+02,9.210000000000000000e+02,9.220000000000000000e+02,9.230000000000000000e+02,9.240000000000000000e+02,9.250000000000000000e+02,9.260000000000000000e+02,9.270000000000000000e+02,9.280000000000000000e+02,9.290000000000000000e+02,9.300000000000000000e+02,9.310000000000000000e+02,9.320000000000000000e+02,9.330000000000000000e+02,9.340000000000000000e+02,9.350000000000000000e+02,9.360000000000000000e+02,9.370000000000000000e+02,9.380000000000000000e+02,9.390000000000000000e+02,9.400000000000000000e+02,9.410000000000000000e+02,9.420000000000000000e+02,9.430000000000000000e+02,9.440000000000000000e+02,9.450000000000000000e+02,9.460000000000000000e+02,8.190000000000000000e+02,8.200000000000000000e+02,8.210000000000000000e+02,8.220000000000000000e+02,8.230000000000000000e+02,8.240000000000000000e+02,8.250000000000000000e+02,8.260000000000000000e+02,8.270000000000000000e+02,8.280000000000000000e+02,8.290000000000000000e+02,8.300000000000000000e+02,8.310000000000000000e+02,8.320000000000000000e+02,8.330000000000000000e+02,8.340000000000000000e+02,8.350000000000000000e+02,8.360000000000000000e+02,8.370000000000000000e+02,8.380000000000000000e+02,8.390000000000000000e+02,8.400000000000000000e+02,8.410000000000000000e+02,8.420000000000000000e+02,8.430000000000000000e+02,8.440000000000000000e+02,8.450000000000000000e+02,8.460000000000000000e+02,8.470000000000000000e+02,8.480000000000000000e+02,8.490000000000000000e+02,8.500000000000000000e+02,8.510000000000000000e+02,8.520000000000000000e+02,8.530000000000000000e+02,8.540000000000000000e+02,8.550000000000000000e+02,8.560000000000000000e+02,8.570000000000000000e+02,8.580000000000000000e+02,8.590000000000000000e+02,8.600000000000000000e+02,8.610000000000000000e+02,8.620000000000000000e+02,8.630000000000000000e+02,8.640000000000000000e+02,8.650000000000000000e+02,8.660000000000000000e+02,8.670000000000000000e+02,8.680000000000000000e+02,8.690000000000000000e+02,8.700000000000000000e+02,8.710000000000000000e+02,8.720000000000000000e+02,8.730000000000000000e+02,8.740000000000000000e+02,8.750000000000000000e+02,8.760000000000000000e+02,8.770000000000000000e+02,8.780000000000000000e+02,8.790000000000000000e+02,8.800000000000000000e+02,8.810000000000000000e+02,8.820000000000000000e+02,8.830000000000000000e+02,8.840000000000000000e+02,8.850000000000000000e+02,8.860000000000000000e+02,8.870000000000000000e+02,8.880000000000000000e+02,8.890000000000000000e+02,8.900000000000000000e+02,8.910000000000000000e+02,8.920000000000000000e+02,8.930000000000000000e+02,8.940000000000000000e+02,8.950000000000000000e+02,8.960000000000000000e+02,8.970000000000000000e+02,8.980000000000000000e+02,8.990000000000000000e+02,9.000000000000000000e+02,9.010000000000000000e+02,9.020000000000000000e+02,9.030000000000000000e+02,9.040000000000000000e+02,9.050000000000000000e+02,9.060000000000000000e+02,9.070000000000000000e+02,9.080000000000000000e+02,9.090000000000000000e+02,9.100000000000000000e+02,9.110000000000000000e+02,9.120000000000000000e+02,9.130000000000000000e+02,9.140000000000000000e+02,9.150000000000000000e+02,9.160000000000000000e+02,9.170000000000000000e+02,9.180000000000000000e+02,9.190000000000000000e+02,9.200000000000000000e+02,9.210000000000000000e+02,9.220000000000000000e+02,9.230000000000000000e+02,9.240000000000000000e+02,9.250000000000000000e+02,9.260000000000000000e+02,9.270000000000000000e+02,9.280000000000000000e+02,9.290000000000000000e+02,9.300000000000000000e+02,9.310000000000000000e+02,9.320000000000000000e+02,9.330000000000000000e+02,9.340000000000000000e+02,9.350000000000000000e+02,9.360000000000000000e+02,9.370000000000000000e+02,9.380000000000000000e+02,9.390000000000000000e+02,9.400000000000000000e+02,9.410000000000000000e+02,9.420000000000000000e+02,9.430000000000000000e+02,9.440000000000000000e+02,9.450000000000000000e+02,8.190000000000000000e+02,8.200000000000000000e+02,8.210000000000000000e+02,8.220000000000000000e+02,8.230000000000000000e+02,8.240000000000000000e+02,8.250000000000000000e+02,8.260000000000000000e+02,8.270000000000000000e+02,8.280000000000000000e+02,8.290000000000000000e+02,8.300000000000000000e+02,8.310000000000000000e+02,8.320000000000000000e+02,8.330000000000000000e+02,8.340000000000000000e+02,8.350000000000000000e+02,8.360000000000000000e+02,8.370000000000000000e+02,8.380000000000000000e+02,8.390000000000000000e+02,8.400000000000000000e+02,8.410000000000000000e+02,8.420000000000000000e+02,8.430000000000000000e+02,8.440000000000000000e+02,8.450000000000000000e+02,8.460000000000000000e+02,8.470000000000000000e+02,8.480000000000000000e+02,8.490000000000000000e+02,8.500000000000000000e+02,8.510000000000000000e+02,8.520000000000000000e+02,8.530000000000000000e+02,8.540000000000000000e+02,8.550000000000000000e+02,8.560000000000000000e+02,8.570000000000000000e+02,8.580000000000000000e+02,8.590000000000000000e+02,8.600000000000000000e+02,8.610000000000000000e+02,8.620000000000000000e+02,8.630000000000000000e+02,8.640000000000000000e+02,8.650000000000000000e+02,8.660000000000000000e+02,8.670000000000000000e+02,8.680000000000000000e+02,8.690000000000000000e+02,8.700000000000000000e+02,8.710000000000000000e+02,8.720000000000000000e+02,8.730000000000000000e+02,8.740000000000000000e+02,8.750000000000000000e+02,8.760000000000000000e+02,8.770000000000000000e+02,8.780000000000000000e+02,8.790000000000000000e+02,8.800000000000000000e+02,8.810000000000000000e+02,8.820000000000000000e+02,8.830000000000000000e+02,8.840000000000000000e+02,8.850000000000000000e+02,8.860000000000000000e+02,8.870000000000000000e+02,8.880000000000000000e+02,8.890000000000000000e+02,8.900000000000000000e+02,8.910000000000000000e+02,8.920000000000000000e+02,8.930000000000000000e+02,8.940000000000000000e+02,8.950000000000000000e+02,8.960000000000000000e+02,8.970000000000000000e+02,8.980000000000000000e+02,8.990000000000000000e+02,9.000000000000000000e+02,9.010000000000000000e+02,9.020000000000000000e+02,9.030000000000000000e+02,9.040000000000000000e+02,9.050000000000000000e+02,9.060000000000000000e+02,9.070000000000000000e+02,9.080000000000000000e+02,9.090000000000000000e+02,9.100000000000000000e+02,9.110000000000000000e+02,9.120000000000000000e+02,9.130000000000000000e+02,9.140000000000000000e+02,9.150000000000000000e+02,9.160000000000000000e+02,9.170000000000000000e+02,9.180000000000000000e+02,9.190000000000000000e+02,9.200000000000000000e+02,9.210000000000000000e+02,9.220000000000000000e+02,9.230000000000000000e+02,9.240000000000000000e+02,9.250000000000000000e+02,9.260000000000000000e+02,9.270000000000000000e+02,9.280000000000000000e+02,9.290000000000000000e+02,9.300000000000000000e+02,9.310000000000000000e+02,9.320000000000000000e+02,9.330000000000000000e+02,9.340000000000000000e+02,9.350000000000000000e+02,9.360000000000000000e+02,9.370000000000000000e+02,9.380000000000000000e+02,9.390000000000000000e+02,9.400000000000000000e+02,9.410000000000000000e+02,9.420000000000000000e+02,9.430000000000000000e+02,9.440000000000000000e+02,9.450000000000000000e+02,8.190000000000000000e+02,8.200000000000000000e+02,8.210000000000000000e+02,8.220000000000000000e+02,8.230000000000000000e+02,8.240000000000000000e+02,8.250000000000000000e+02,8.260000000000000000e+02,8.270000000000000000e+02,8.280000000000000000e+02,8.290000000000000000e+02,8.300000000000000000e+02,8.310000000000000000e+02,8.320000000000000000e+02,8.330000000000000000e+02,8.340000000000000000e+02,8.350000000000000000e+02,8.360000000000000000e+02,8.370000000000000000e+02,8.380000000000000000e+02,8.390000000000000000e+02,8.400000000000000000e+02,8.410000000000000000e+02,8.420000000000000000e+02,8.430000000000000000e+02,8.440000000000000000e+02,8.450000000000000000e+02,8.460000000000000000e+02,8.470000000000000000e+02,8.480000000000000000e+02,8.490000000000000000e+02,8.500000000000000000e+02,8.510000000000000000e+02,8.520000000000000000e+02,8.530000000000000000e+02,8.540000000000000000e+02,8.550000000000000000e+02,8.560000000000000000e+02,8.570000000000000000e+02,8.580000000000000000e+02,8.590000000000000000e+02,8.600000000000000000e+02,8.610000000000000000e+02,8.620000000000000000e+02,8.630000000000000000e+02,8.640000000000000000e+02,8.650000000000000000e+02,8.660000000000000000e+02,8.670000000000000000e+02,8.680000000000000000e+02,8.690000000000000000e+02,8.700000000000000000e+02,8.710000000000000000e+02,8.720000000000000000e+02,8.730000000000000000e+02,8.740000000000000000e+02,8.750000000000000000e+02,8.760000000000000000e+02,8.770000000000000000e+02,8.780000000000000000e+02,8.790000000000000000e+02,8.800000000000000000e+02,8.810000000000000000e+02,8.820000000000000000e+02,8.830000000000000000e+02,8.840000000000000000e+02,8.850000000000000000e+02,8.860000000000000000e+02,8.870000000000000000e+02,8.880000000000000000e+02,8.890000000000000000e+02,8.900000000000000000e+02,8.910000000000000000e+02,8.920000000000000000e+02,8.930000000000000000e+02,8.940000000000000000e+02,8.950000000000000000e+02,8.960000000000000000e+02,8.970000000000000000e+02,8.980000000000000000e+02,8.990000000000000000e+02,9.000000000000000000e+02,9.010000000000000000e+02,9.020000000000000000e+02,9.030000000000000000e+02,9.040000000000000000e+02,9.050000000000000000e+02,9.060000000000000000e+02,9.070000000000000000e+02,9.080000000000000000e+02,9.090000000000000000e+02,9.100000000000000000e+02,9.110000000000000000e+02,9.120000000000000000e+02,9.130000000000000000e+02,9.140000000000000000e+02,9.150000000000000000e+02,9.160000000000000000e+02,9.170000000000000000e+02,9.180000000000000000e+02,9.190000000000000000e+02,9.200000000000000000e+02,9.210000000000000000e+02,9.220000000000000000e+02,9.230000000000000000e+02,9.240000000000000000e+02,9.250000000000000000e+02,9.260000000000000000e+02,9.270000000000000000e+02,9.280000000000000000e+02,9.290000000000000000e+02,9.300000000000000000e+02,9.310000000000000000e+02,9.320000000000000000e+02,9.330000000000000000e+02,9.340000000000000000e+02,9.350000000000000000e+02,9.360000000000000000e+02,9.370000000000000000e+02,9.380000000000000000e+02,9.390000000000000000e+02,9.400000000000000000e+02,9.410000000000000000e+02,9.420000000000000000e+02,9.430000000000000000e+02,9.440000000000000000e+02,9.450000000000000000e+02,8.190000000000000000e+02,8.200000000000000000e+02,8.210000000000000000e+02,8.220000000000000000e+02,8.230000000000000000e+02,8.240000000000000000e+02,8.250000000000000000e+02,8.260000000000000000e+02,8.270000000000000000e+02,8.280000000000000000e+02,8.290000000000000000e+02,8.300000000000000000e+02,8.310000000000000000e+02,8.320000000000000000e+02,8.330000000000000000e+02,8.340000000000000000e+02,8.350000000000000000e+02,8.360000000000000000e+02,8.370000000000000000e+02,8.380000000000000000e+02,8.390000000000000000e+02,8.400000000000000000e+02,8.410000000000000000e+02,8.420000000000000000e+02,8.430000000000000000e+02,8.440000000000000000e+02,8.450000000000000000e+02,8.460000000000000000e+02,8.470000000000000000e+02,8.480000000000000000e+02,8.490000000000000000e+02,8.500000000000000000e+02,8.510000000000000000e+02,8.520000000000000000e+02,8.530000000000000000e+02,8.540000000000000000e+02,8.550000000000000000e+02,8.560000000000000000e+02,8.570000000000000000e+02,8.580000000000000000e+02,8.590000000000000000e+02,8.600000000000000000e+02,8.610000000000000000e+02,8.620000000000000000e+02,8.630000000000000000e+02,8.640000000000000000e+02,8.650000000000000000e+02,8.660000000000000000e+02,8.670000000000000000e+02,8.680000000000000000e+02,8.690000000000000000e+02,8.700000000000000000e+02,8.710000000000000000e+02,8.720000000000000000e+02,8.730000000000000000e+02,8.740000000000000000e+02,8.750000000000000000e+02,8.760000000000000000e+02,8.770000000000000000e+02,8.780000000000000000e+02,8.790000000000000000e+02,8.800000000000000000e+02,8.810000000000000000e+02,8.820000000000000000e+02,8.830000000000000000e+02,8.840000000000000000e+02,8.850000000000000000e+02,8.860000000000000000e+02,8.870000000000000000e+02,8.880000000000000000e+02,8.890000000000000000e+02,8.900000000000000000e+02,8.910000000000000000e+02,8.920000000000000000e+02,8.930000000000000000e+02,8.940000000000000000e+02,8.950000000000000000e+02,8.960000000000000000e+02,8.970000000000000000e+02,8.980000000000000000e+02,8.990000000000000000e+02,9.000000000000000000e+02,9.010000000000000000e+02,9.020000000000000000e+02,9.030000000000000000e+02,9.040000000000000000e+02,9.050000000000000000e+02,9.060000000000000000e+02,9.070000000000000000e+02,9.080000000000000000e+02,9.090000000000000000e+02,9.100000000000000000e+02,9.110000000000000000e+02,9.120000000000000000e+02,9.130000000000000000e+02,9.140000000000000000e+02,9.150000000000000000e+02,9.160000000000000000e+02,9.170000000000000000e+02,9.180000000000000000e+02,9.190000000000000000e+02,9.200000000000000000e+02,9.210000000000000000e+02,9.220000000000000000e+02,9.230000000000000000e+02,9.240000000000000000e+02,9.250000000000000000e+02,9.260000000000000000e+02,9.270000000000000000e+02,9.280000000000000000e+02,9.290000000000000000e+02,9.300000000000000000e+02,9.310000000000000000e+02,9.320000000000000000e+02,9.330000000000000000e+02,9.340000000000000000e+02,9.350000000000000000e+02,9.360000000000000000e+02,9.370000000000000000e+02,9.380000000000000000e+02,9.390000000000000000e+02,9.400000000000000000e+02,9.410000000000000000e+02,9.420000000000000000e+02,9.430000000000000000e+02,9.440000000000000000e+02,8.190000000000000000e+02,8.200000000000000000e+02,8.210000000000000000e+02,8.220000000000000000e+02,8.230000000000000000e+02,8.240000000000000000e+02,8.250000000000000000e+02,8.260000000000000000e+02,8.270000000000000000e+02,8.280000000000000000e+02,8.290000000000000000e+02,8.300000000000000000e+02,8.310000000000000000e+02,8.320000000000000000e+02,8.330000000000000000e+02,8.340000000000000000e+02,8.350000000000000000e+02,8.360000000000000000e+02,8.370000000000000000e+02,8.380000000000000000e+02,8.390000000000000000e+02,8.400000000000000000e+02,8.410000000000000000e+02,8.420000000000000000e+02,8.430000000000000000e+02,8.440000000000000000e+02,8.450000000000000000e+02,8.460000000000000000e+02,8.470000000000000000e+02,8.480000000000000000e+02,8.490000000000000000e+02,8.500000000000000000e+02,8.510000000000000000e+02,8.520000000000000000e+02,8.530000000000000000e+02,8.540000000000000000e+02,8.550000000000000000e+02,8.560000000000000000e+02,8.570000000000000000e+02,8.580000000000000000e+02,8.590000000000000000e+02,8.600000000000000000e+02,8.610000000000000000e+02,8.620000000000000000e+02,8.630000000000000000e+02,8.640000000000000000e+02,8.650000000000000000e+02,8.660000000000000000e+02,8.670000000000000000e+02,8.680000000000000000e+02,8.690000000000000000e+02,8.700000000000000000e+02,8.710000000000000000e+02,8.720000000000000000e+02,8.730000000000000000e+02,8.740000000000000000e+02,8.750000000000000000e+02,8.760000000000000000e+02,8.770000000000000000e+02,8.780000000000000000e+02,8.790000000000000000e+02,8.800000000000000000e+02,8.810000000000000000e+02,8.820000000000000000e+02,8.830000000000000000e+02,8.840000000000000000e+02,8.850000000000000000e+02,8.860000000000000000e+02,8.870000000000000000e+02,8.880000000000000000e+02,8.890000000000000000e+02,8.900000000000000000e+02,8.910000000000000000e+02,8.920000000000000000e+02,8.930000000000000000e+02,8.940000000000000000e+02,8.950000000000000000e+02,8.960000000000000000e+02,8.970000000000000000e+02,8.980000000000000000e+02,8.990000000000000000e+02,9.000000000000000000e+02,9.010000000000000000e+02,9.020000000000000000e+02,9.030000000000000000e+02,9.040000000000000000e+02,9.050000000000000000e+02,9.060000000000000000e+02,9.070000000000000000e+02,9.080000000000000000e+02,9.090000000000000000e+02,9.100000000000000000e+02,9.110000000000000000e+02,9.120000000000000000e+02,9.130000000000000000e+02,9.140000000000000000e+02,9.150000000000000000e+02,9.160000000000000000e+02,9.170000000000000000e+02,9.180000000000000000e+02,9.190000000000000000e+02,9.200000000000000000e+02,9.210000000000000000e+02,9.220000000000000000e+02,9.230000000000000000e+02,9.240000000000000000e+02,9.250000000000000000e+02,9.260000000000000000e+02,9.270000000000000000e+02,9.280000000000000000e+02,9.290000000000000000e+02,9.300000000000000000e+02,9.310000000000000000e+02,9.320000000000000000e+02,9.330000000000000000e+02,9.340000000000000000e+02,9.350000000000000000e+02,9.360000000000000000e+02,9.370000000000000000e+02,9.380000000000000000e+02,9.390000000000000000e+02,9.400000000000000000e+02,9.410000000000000000e+02,9.420000000000000000e+02,9.430000000000000000e+02,9.440000000000000000e+02,8.190000000000000000e+02,8.200000000000000000e+02,8.210000000000000000e+02,8.220000000000000000e+02,8.230000000000000000e+02,8.240000000000000000e+02,8.250000000000000000e+02,8.260000000000000000e+02,8.270000000000000000e+02,8.280000000000000000e+02,8.290000000000000000e+02,8.300000000000000000e+02,8.310000000000000000e+02,8.320000000000000000e+02,8.330000000000000000e+02,8.340000000000000000e+02,8.350000000000000000e+02,8.360000000000000000e+02,8.370000000000000000e+02,8.380000000000000000e+02,8.390000000000000000e+02,8.400000000000000000e+02,8.410000000000000000e+02,8.420000000000000000e+02,8.430000000000000000e+02,8.440000000000000000e+02,8.450000000000000000e+02,8.460000000000000000e+02,8.470000000000000000e+02,8.480000000000000000e+02,8.490000000000000000e+02,8.500000000000000000e+02,8.510000000000000000e+02,8.520000000000000000e+02,8.530000000000000000e+02,8.540000000000000000e+02,8.550000000000000000e+02,8.560000000000000000e+02,8.570000000000000000e+02,8.580000000000000000e+02,8.590000000000000000e+02,8.600000000000000000e+02,8.610000000000000000e+02,8.620000000000000000e+02,8.630000000000000000e+02,8.640000000000000000e+02,8.650000000000000000e+02,8.660000000000000000e+02,8.670000000000000000e+02,8.680000000000000000e+02,8.690000000000000000e+02,8.700000000000000000e+02,8.710000000000000000e+02,8.720000000000000000e+02,8.730000000000000000e+02,8.740000000000000000e+02,8.750000000000000000e+02,8.760000000000000000e+02,8.770000000000000000e+02,8.780000000000000000e+02,8.790000000000000000e+02,8.800000000000000000e+02,8.810000000000000000e+02,8.820000000000000000e+02,8.830000000000000000e+02,8.840000000000000000e+02,8.850000000000000000e+02,8.860000000000000000e+02,8.870000000000000000e+02,8.880000000000000000e+02,8.890000000000000000e+02,8.900000000000000000e+02,8.910000000000000000e+02,8.920000000000000000e+02,8.930000000000000000e+02,8.940000000000000000e+02,8.950000000000000000e+02,8.960000000000000000e+02,8.970000000000000000e+02,8.980000000000000000e+02,8.990000000000000000e+02,9.000000000000000000e+02,9.010000000000000000e+02,9.020000000000000000e+02,9.030000000000000000e+02,9.040000000000000000e+02,9.050000000000000000e+02,9.060000000000000000e+02,9.070000000000000000e+02,9.080000000000000000e+02,9.090000000000000000e+02,9.100000000000000000e+02,9.110000000000000000e+02,9.120000000000000000e+02,9.130000000000000000e+02,9.140000000000000000e+02,9.150000000000000000e+02,9.160000000000000000e+02,9.170000000000000000e+02,9.180000000000000000e+02,9.190000000000000000e+02,9.200000000000000000e+02,9.210000000000000000e+02,9.220000000000000000e+02,9.230000000000000000e+02,9.240000000000000000e+02,9.250000000000000000e+02,9.260000000000000000e+02,9.270000000000000000e+02,9.280000000000000000e+02,9.290000000000000000e+02,9.300000000000000000e+02,9.310000000000000000e+02,9.320000000000000000e+02,9.330000000000000000e+02,9.340000000000000000e+02,9.350000000000000000e+02,9.360000000000000000e+02,9.370000000000000000e+02,9.380000000000000000e+02,9.390000000000000000e+02,9.400000000000000000e+02,9.410000000000000000e+02,9.420000000000000000e+02,9.430000000000000000e+02,8.190000000000000000e+02,8.200000000000000000e+02,8.210000000000000000e+02,8.220000000000000000e+02,8.230000000000000000e+02,8.240000000000000000e+02,8.250000000000000000e+02,8.260000000000000000e+02,8.270000000000000000e+02,8.280000000000000000e+02,8.290000000000000000e+02,8.300000000000000000e+02,8.310000000000000000e+02,8.320000000000000000e+02,8.330000000000000000e+02,8.340000000000000000e+02,8.350000000000000000e+02,8.360000000000000000e+02,8.370000000000000000e+02,8.380000000000000000e+02,8.390000000000000000e+02,8.400000000000000000e+02,8.410000000000000000e+02,8.420000000000000000e+02,8.430000000000000000e+02,8.440000000000000000e+02,8.450000000000000000e+02,8.460000000000000000e+02,8.470000000000000000e+02,8.480000000000000000e+02,8.490000000000000000e+02,8.500000000000000000e+02,8.510000000000000000e+02,8.520000000000000000e+02,8.530000000000000000e+02,8.540000000000000000e+02,8.550000000000000000e+02,8.560000000000000000e+02,8.570000000000000000e+02,8.580000000000000000e+02,8.590000000000000000e+02,8.600000000000000000e+02,8.610000000000000000e+02,8.620000000000000000e+02,8.630000000000000000e+02,8.640000000000000000e+02,8.650000000000000000e+02,8.660000000000000000e+02,8.670000000000000000e+02,8.680000000000000000e+02,8.690000000000000000e+02,8.700000000000000000e+02,8.710000000000000000e+02,8.720000000000000000e+02,8.730000000000000000e+02,8.740000000000000000e+02,8.750000000000000000e+02,8.760000000000000000e+02,8.770000000000000000e+02,8.780000000000000000e+02,8.790000000000000000e+02,8.800000000000000000e+02,8.810000000000000000e+02,8.820000000000000000e+02,8.830000000000000000e+02,8.840000000000000000e+02,8.850000000000000000e+02,8.860000000000000000e+02,8.870000000000000000e+02,8.880000000000000000e+02,8.890000000000000000e+02,8.900000000000000000e+02,8.910000000000000000e+02,8.920000000000000000e+02,8.930000000000000000e+02,8.940000000000000000e+02,8.950000000000000000e+02,8.960000000000000000e+02,8.970000000000000000e+02,8.980000000000000000e+02,8.990000000000000000e+02,9.000000000000000000e+02,9.010000000000000000e+02,9.020000000000000000e+02,9.030000000000000000e+02,9.040000000000000000e+02,9.050000000000000000e+02,9.060000000000000000e+02,9.070000000000000000e+02,9.080000000000000000e+02,9.090000000000000000e+02,9.100000000000000000e+02,9.110000000000000000e+02,9.120000000000000000e+02,9.130000000000000000e+02,9.140000000000000000e+02,9.150000000000000000e+02,9.160000000000000000e+02,9.170000000000000000e+02,9.180000000000000000e+02,9.190000000000000000e+02,9.200000000000000000e+02,9.210000000000000000e+02,9.220000000000000000e+02,9.230000000000000000e+02,9.240000000000000000e+02,9.250000000000000000e+02,9.260000000000000000e+02,9.270000000000000000e+02,9.280000000000000000e+02,9.290000000000000000e+02,9.300000000000000000e+02,9.310000000000000000e+02,9.320000000000000000e+02,9.330000000000000000e+02,9.340000000000000000e+02,9.350000000000000000e+02,9.360000000000000000e+02,9.370000000000000000e+02,9.380000000000000000e+02,9.390000000000000000e+02,9.400000000000000000e+02,9.410000000000000000e+02,9.420000000000000000e+02,8.190000000000000000e+02,8.200000000000000000e+02,8.210000000000000000e+02,8.220000000000000000e+02,8.230000000000000000e+02,8.240000000000000000e+02,8.250000000000000000e+02,8.260000000000000000e+02,8.270000000000000000e+02,8.280000000000000000e+02,8.290000000000000000e+02,8.300000000000000000e+02,8.310000000000000000e+02,8.320000000000000000e+02,8.330000000000000000e+02,8.340000000000000000e+02,8.350000000000000000e+02,8.360000000000000000e+02,8.370000000000000000e+02,8.380000000000000000e+02,8.390000000000000000e+02,8.400000000000000000e+02,8.410000000000000000e+02,8.420000000000000000e+02,8.430000000000000000e+02,8.440000000000000000e+02,8.450000000000000000e+02,8.460000000000000000e+02,8.470000000000000000e+02,8.480000000000000000e+02,8.490000000000000000e+02,8.500000000000000000e+02,8.510000000000000000e+02,8.520000000000000000e+02,8.530000000000000000e+02,8.540000000000000000e+02,8.550000000000000000e+02,8.560000000000000000e+02,8.570000000000000000e+02,8.580000000000000000e+02,8.590000000000000000e+02,8.600000000000000000e+02,8.610000000000000000e+02,8.620000000000000000e+02,8.630000000000000000e+02,8.640000000000000000e+02,8.650000000000000000e+02,8.660000000000000000e+02,8.670000000000000000e+02,8.680000000000000000e+02,8.690000000000000000e+02,8.700000000000000000e+02,8.710000000000000000e+02,8.720000000000000000e+02,8.730000000000000000e+02,8.740000000000000000e+02,8.750000000000000000e+02,8.760000000000000000e+02,8.770000000000000000e+02,8.780000000000000000e+02,8.790000000000000000e+02,8.800000000000000000e+02,8.810000000000000000e+02,8.820000000000000000e+02,8.830000000000000000e+02,8.840000000000000000e+02,8.850000000000000000e+02,8.860000000000000000e+02,8.870000000000000000e+02,8.880000000000000000e+02,8.890000000000000000e+02,8.900000000000000000e+02,8.910000000000000000e+02,8.920000000000000000e+02,8.930000000000000000e+02,8.940000000000000000e+02,8.950000000000000000e+02,8.960000000000000000e+02,8.970000000000000000e+02,8.980000000000000000e+02,8.990000000000000000e+02,9.000000000000000000e+02,9.010000000000000000e+02,9.020000000000000000e+02,9.030000000000000000e+02,9.040000000000000000e+02,9.050000000000000000e+02,9.060000000000000000e+02,9.070000000000000000e+02,9.080000000000000000e+02,9.090000000000000000e+02,9.100000000000000000e+02,9.110000000000000000e+02,9.120000000000000000e+02,9.130000000000000000e+02,9.140000000000000000e+02,9.150000000000000000e+02,9.160000000000000000e+02,9.170000000000000000e+02,9.180000000000000000e+02,9.190000000000000000e+02,9.200000000000000000e+02,9.210000000000000000e+02,9.220000000000000000e+02,9.230000000000000000e+02,9.240000000000000000e+02,9.250000000000000000e+02,9.260000000000000000e+02,9.270000000000000000e+02,9.280000000000000000e+02,9.290000000000000000e+02,9.300000000000000000e+02,9.310000000000000000e+02,9.320000000000000000e+02,9.330000000000000000e+02,9.340000000000000000e+02,9.350000000000000000e+02,9.360000000000000000e+02,9.370000000000000000e+02,9.380000000000000000e+02,9.390000000000000000e+02,9.400000000000000000e+02,9.410000000000000000e+02,8.190000000000000000e+02,8.200000000000000000e+02,8.210000000000000000e+02,8.220000000000000000e+02,8.230000000000000000e+02,8.240000000000000000e+02,8.250000000000000000e+02,8.260000000000000000e+02,8.270000000000000000e+02,8.280000000000000000e+02,8.290000000000000000e+02,8.300000000000000000e+02,8.310000000000000000e+02,8.320000000000000000e+02,8.330000000000000000e+02,8.340000000000000000e+02,8.350000000000000000e+02,8.360000000000000000e+02,8.370000000000000000e+02,8.380000000000000000e+02,8.390000000000000000e+02,8.400000000000000000e+02,8.410000000000000000e+02,8.420000000000000000e+02,8.430000000000000000e+02,8.440000000000000000e+02,8.450000000000000000e+02,8.460000000000000000e+02,8.470000000000000000e+02,8.480000000000000000e+02,8.490000000000000000e+02,8.500000000000000000e+02,8.510000000000000000e+02,8.520000000000000000e+02,8.530000000000000000e+02,8.540000000000000000e+02,8.550000000000000000e+02,8.560000000000000000e+02,8.570000000000000000e+02,8.580000000000000000e+02,8.590000000000000000e+02,8.600000000000000000e+02,8.610000000000000000e+02,8.620000000000000000e+02,8.630000000000000000e+02,8.640000000000000000e+02,8.650000000000000000e+02,8.660000000000000000e+02,8.670000000000000000e+02,8.680000000000000000e+02,8.690000000000000000e+02,8.700000000000000000e+02,8.710000000000000000e+02,8.720000000000000000e+02,8.730000000000000000e+02,8.740000000000000000e+02,8.750000000000000000e+02,8.760000000000000000e+02,8.770000000000000000e+02,8.780000000000000000e+02,8.790000000000000000e+02,8.800000000000000000e+02,8.810000000000000000e+02,8.820000000000000000e+02,8.830000000000000000e+02,8.840000000000000000e+02,8.850000000000000000e+02,8.860000000000000000e+02,8.870000000000000000e+02,8.880000000000000000e+02,8.890000000000000000e+02,8.900000000000000000e+02,8.910000000000000000e+02,8.920000000000000000e+02,8.930000000000000000e+02,8.940000000000000000e+02,8.950000000000000000e+02,8.960000000000000000e+02,8.970000000000000000e+02,8.980000000000000000e+02,8.990000000000000000e+02,9.000000000000000000e+02,9.010000000000000000e+02,9.020000000000000000e+02,9.030000000000000000e+02,9.040000000000000000e+02,9.050000000000000000e+02,9.060000000000000000e+02,9.070000000000000000e+02,9.080000000000000000e+02,9.090000000000000000e+02,9.100000000000000000e+02,9.110000000000000000e+02,9.120000000000000000e+02,9.130000000000000000e+02,9.140000000000000000e+02,9.150000000000000000e+02,9.160000000000000000e+02,9.170000000000000000e+02,9.180000000000000000e+02,9.190000000000000000e+02,9.200000000000000000e+02,9.210000000000000000e+02,9.220000000000000000e+02,9.230000000000000000e+02,9.240000000000000000e+02,9.250000000000000000e+02,9.260000000000000000e+02,9.270000000000000000e+02,9.280000000000000000e+02,9.290000000000000000e+02,9.300000000000000000e+02,9.310000000000000000e+02,9.320000000000000000e+02,9.330000000000000000e+02,9.340000000000000000e+02,9.350000000000000000e+02,9.360000000000000000e+02,9.370000000000000000e+02,9.380000000000000000e+02,9.390000000000000000e+02,9.400000000000000000e+02,8.190000000000000000e+02,8.200000000000000000e+02,8.210000000000000000e+02,8.220000000000000000e+02,8.230000000000000000e+02,8.240000000000000000e+02,8.250000000000000000e+02,8.260000000000000000e+02,8.270000000000000000e+02,8.280000000000000000e+02,8.290000000000000000e+02,8.300000000000000000e+02,8.310000000000000000e+02,8.320000000000000000e+02,8.330000000000000000e+02,8.340000000000000000e+02,8.350000000000000000e+02,8.360000000000000000e+02,8.370000000000000000e+02,8.380000000000000000e+02,8.390000000000000000e+02,8.400000000000000000e+02,8.410000000000000000e+02,8.420000000000000000e+02,8.430000000000000000e+02,8.440000000000000000e+02,8.450000000000000000e+02,8.460000000000000000e+02,8.470000000000000000e+02,8.480000000000000000e+02,8.490000000000000000e+02,8.500000000000000000e+02,8.510000000000000000e+02,8.520000000000000000e+02,8.530000000000000000e+02,8.540000000000000000e+02,8.550000000000000000e+02,8.560000000000000000e+02,8.570000000000000000e+02,8.580000000000000000e+02,8.590000000000000000e+02,8.600000000000000000e+02,8.610000000000000000e+02,8.620000000000000000e+02,8.630000000000000000e+02,8.640000000000000000e+02,8.650000000000000000e+02,8.660000000000000000e+02,8.670000000000000000e+02,8.680000000000000000e+02,8.690000000000000000e+02,8.700000000000000000e+02,8.710000000000000000e+02,8.720000000000000000e+02,8.730000000000000000e+02,8.740000000000000000e+02,8.750000000000000000e+02,8.760000000000000000e+02,8.770000000000000000e+02,8.780000000000000000e+02,8.790000000000000000e+02,8.800000000000000000e+02,8.810000000000000000e+02,8.820000000000000000e+02,8.830000000000000000e+02,8.840000000000000000e+02,8.850000000000000000e+02,8.860000000000000000e+02,8.870000000000000000e+02,8.880000000000000000e+02,8.890000000000000000e+02,8.900000000000000000e+02,8.910000000000000000e+02,8.920000000000000000e+02,8.930000000000000000e+02,8.940000000000000000e+02,8.950000000000000000e+02,8.960000000000000000e+02,8.970000000000000000e+02,8.980000000000000000e+02,8.990000000000000000e+02,9.000000000000000000e+02,9.010000000000000000e+02,9.020000000000000000e+02,9.030000000000000000e+02,9.040000000000000000e+02,9.050000000000000000e+02,9.060000000000000000e+02,9.070000000000000000e+02,9.080000000000000000e+02,9.090000000000000000e+02,9.100000000000000000e+02,9.110000000000000000e+02,9.120000000000000000e+02,9.130000000000000000e+02,9.140000000000000000e+02,9.150000000000000000e+02,9.160000000000000000e+02,9.170000000000000000e+02,9.180000000000000000e+02,9.190000000000000000e+02,9.200000000000000000e+02,9.210000000000000000e+02,9.220000000000000000e+02,9.230000000000000000e+02,9.240000000000000000e+02,9.250000000000000000e+02,9.260000000000000000e+02,9.270000000000000000e+02,9.280000000000000000e+02,9.290000000000000000e+02,9.300000000000000000e+02,9.310000000000000000e+02,9.320000000000000000e+02,9.330000000000000000e+02,9.340000000000000000e+02,9.350000000000000000e+02,9.360000000000000000e+02,9.370000000000000000e+02,9.380000000000000000e+02,9.390000000000000000e+02,8.190000000000000000e+02,8.200000000000000000e+02,8.210000000000000000e+02,8.220000000000000000e+02,8.230000000000000000e+02,8.240000000000000000e+02,8.250000000000000000e+02,8.260000000000000000e+02,8.270000000000000000e+02,8.280000000000000000e+02,8.290000000000000000e+02,8.300000000000000000e+02,8.310000000000000000e+02,8.320000000000000000e+02,8.330000000000000000e+02,8.340000000000000000e+02,8.350000000000000000e+02,8.360000000000000000e+02,8.370000000000000000e+02,8.380000000000000000e+02,8.390000000000000000e+02,8.400000000000000000e+02,8.410000000000000000e+02,8.420000000000000000e+02,8.430000000000000000e+02,8.440000000000000000e+02,8.450000000000000000e+02,8.460000000000000000e+02,8.470000000000000000e+02,8.480000000000000000e+02,8.490000000000000000e+02,8.500000000000000000e+02,8.510000000000000000e+02,8.520000000000000000e+02,8.530000000000000000e+02,8.540000000000000000e+02,8.550000000000000000e+02,8.560000000000000000e+02,8.570000000000000000e+02,8.580000000000000000e+02,8.590000000000000000e+02,8.600000000000000000e+02,8.610000000000000000e+02,8.620000000000000000e+02,8.630000000000000000e+02,8.640000000000000000e+02,8.650000000000000000e+02,8.660000000000000000e+02,8.670000000000000000e+02,8.680000000000000000e+02,8.690000000000000000e+02,8.700000000000000000e+02,8.710000000000000000e+02,8.720000000000000000e+02,8.730000000000000000e+02,8.740000000000000000e+02,8.750000000000000000e+02,8.760000000000000000e+02,8.770000000000000000e+02,8.780000000000000000e+02,8.790000000000000000e+02,8.800000000000000000e+02,8.810000000000000000e+02,8.820000000000000000e+02,8.830000000000000000e+02,8.840000000000000000e+02,8.850000000000000000e+02,8.860000000000000000e+02,8.870000000000000000e+02,8.880000000000000000e+02,8.890000000000000000e+02,8.900000000000000000e+02,8.910000000000000000e+02,8.920000000000000000e+02,8.930000000000000000e+02,8.940000000000000000e+02,8.950000000000000000e+02,8.960000000000000000e+02,8.970000000000000000e+02,8.980000000000000000e+02,8.990000000000000000e+02,9.000000000000000000e+02,9.010000000000000000e+02,9.020000000000000000e+02,9.030000000000000000e+02,9.040000000000000000e+02,9.050000000000000000e+02,9.060000000000000000e+02,9.070000000000000000e+02,9.080000000000000000e+02,9.090000000000000000e+02,9.100000000000000000e+02,9.110000000000000000e+02,9.120000000000000000e+02,9.130000000000000000e+02,9.140000000000000000e+02,9.150000000000000000e+02,9.160000000000000000e+02,9.170000000000000000e+02,9.180000000000000000e+02,9.190000000000000000e+02,9.200000000000000000e+02,9.210000000000000000e+02,9.220000000000000000e+02,9.230000000000000000e+02,9.240000000000000000e+02,9.250000000000000000e+02,9.260000000000000000e+02,9.270000000000000000e+02,9.280000000000000000e+02,9.290000000000000000e+02,9.300000000000000000e+02,9.310000000000000000e+02,9.320000000000000000e+02,9.330000000000000000e+02,9.340000000000000000e+02,9.350000000000000000e+02,9.360000000000000000e+02,9.370000000000000000e+02,9.380000000000000000e+02,8.190000000000000000e+02,8.200000000000000000e+02,8.210000000000000000e+02,8.220000000000000000e+02,8.230000000000000000e+02,8.240000000000000000e+02,8.250000000000000000e+02,8.260000000000000000e+02,8.270000000000000000e+02,8.280000000000000000e+02,8.290000000000000000e+02,8.300000000000000000e+02,8.310000000000000000e+02,8.320000000000000000e+02,8.330000000000000000e+02,8.340000000000000000e+02,8.350000000000000000e+02,8.360000000000000000e+02,8.370000000000000000e+02,8.380000000000000000e+02,8.390000000000000000e+02,8.400000000000000000e+02,8.410000000000000000e+02,8.420000000000000000e+02,8.430000000000000000e+02,8.440000000000000000e+02,8.450000000000000000e+02,8.460000000000000000e+02,8.470000000000000000e+02,8.480000000000000000e+02,8.490000000000000000e+02,8.500000000000000000e+02,8.510000000000000000e+02,8.520000000000000000e+02,8.530000000000000000e+02,8.540000000000000000e+02,8.550000000000000000e+02,8.560000000000000000e+02,8.570000000000000000e+02,8.580000000000000000e+02,8.590000000000000000e+02,8.600000000000000000e+02,8.610000000000000000e+02,8.620000000000000000e+02,8.630000000000000000e+02,8.640000000000000000e+02,8.650000000000000000e+02,8.660000000000000000e+02,8.670000000000000000e+02,8.680000000000000000e+02,8.690000000000000000e+02,8.700000000000000000e+02,8.710000000000000000e+02,8.720000000000000000e+02,8.730000000000000000e+02,8.740000000000000000e+02,8.750000000000000000e+02,8.760000000000000000e+02,8.770000000000000000e+02,8.780000000000000000e+02,8.790000000000000000e+02,8.800000000000000000e+02,8.810000000000000000e+02,8.820000000000000000e+02,8.830000000000000000e+02,8.840000000000000000e+02,8.850000000000000000e+02,8.860000000000000000e+02,8.870000000000000000e+02,8.880000000000000000e+02,8.890000000000000000e+02,8.900000000000000000e+02,8.910000000000000000e+02,8.920000000000000000e+02,8.930000000000000000e+02,8.940000000000000000e+02,8.950000000000000000e+02,8.960000000000000000e+02,8.970000000000000000e+02,8.980000000000000000e+02,8.990000000000000000e+02,9.000000000000000000e+02,9.010000000000000000e+02,9.020000000000000000e+02,9.030000000000000000e+02,9.040000000000000000e+02,9.050000000000000000e+02,9.060000000000000000e+02,9.070000000000000000e+02,9.080000000000000000e+02,9.090000000000000000e+02,9.100000000000000000e+02,9.110000000000000000e+02,9.120000000000000000e+02,9.130000000000000000e+02,9.140000000000000000e+02,9.150000000000000000e+02,9.160000000000000000e+02,9.170000000000000000e+02,9.180000000000000000e+02,9.190000000000000000e+02,9.200000000000000000e+02,9.210000000000000000e+02,9.220000000000000000e+02,9.230000000000000000e+02,9.240000000000000000e+02,9.250000000000000000e+02,9.260000000000000000e+02,9.270000000000000000e+02,9.280000000000000000e+02,9.290000000000000000e+02,9.300000000000000000e+02,9.310000000000000000e+02,9.320000000000000000e+02,9.330000000000000000e+02,9.340000000000000000e+02,9.350000000000000000e+02,9.360000000000000000e+02,9.370000000000000000e+02,8.190000000000000000e+02,8.200000000000000000e+02,8.210000000000000000e+02,8.220000000000000000e+02,8.230000000000000000e+02,8.240000000000000000e+02,8.250000000000000000e+02,8.260000000000000000e+02,8.270000000000000000e+02,8.280000000000000000e+02,8.290000000000000000e+02,8.300000000000000000e+02,8.310000000000000000e+02,8.320000000000000000e+02,8.330000000000000000e+02,8.340000000000000000e+02,8.350000000000000000e+02,8.360000000000000000e+02,8.370000000000000000e+02,8.380000000000000000e+02,8.390000000000000000e+02,8.400000000000000000e+02,8.410000000000000000e+02,8.420000000000000000e+02,8.430000000000000000e+02,8.440000000000000000e+02,8.450000000000000000e+02,8.460000000000000000e+02,8.470000000000000000e+02,8.480000000000000000e+02,8.490000000000000000e+02,8.500000000000000000e+02,8.510000000000000000e+02,8.520000000000000000e+02,8.530000000000000000e+02,8.540000000000000000e+02,8.550000000000000000e+02,8.560000000000000000e+02,8.570000000000000000e+02,8.580000000000000000e+02,8.590000000000000000e+02,8.600000000000000000e+02,8.610000000000000000e+02,8.620000000000000000e+02,8.630000000000000000e+02,8.640000000000000000e+02,8.650000000000000000e+02,8.660000000000000000e+02,8.670000000000000000e+02,8.680000000000000000e+02,8.690000000000000000e+02,8.700000000000000000e+02,8.710000000000000000e+02,8.720000000000000000e+02,8.730000000000000000e+02,8.740000000000000000e+02,8.750000000000000000e+02,8.760000000000000000e+02,8.770000000000000000e+02,8.780000000000000000e+02,8.790000000000000000e+02,8.800000000000000000e+02,8.810000000000000000e+02,8.820000000000000000e+02,8.830000000000000000e+02,8.840000000000000000e+02,8.850000000000000000e+02,8.860000000000000000e+02,8.870000000000000000e+02,8.880000000000000000e+02,8.890000000000000000e+02,8.900000000000000000e+02,8.910000000000000000e+02,8.920000000000000000e+02,8.930000000000000000e+02,8.940000000000000000e+02,8.950000000000000000e+02,8.960000000000000000e+02,8.970000000000000000e+02,8.980000000000000000e+02,8.990000000000000000e+02,9.000000000000000000e+02,9.010000000000000000e+02,9.020000000000000000e+02,9.030000000000000000e+02,9.040000000000000000e+02,9.050000000000000000e+02,9.060000000000000000e+02,9.070000000000000000e+02,9.080000000000000000e+02,9.090000000000000000e+02,9.100000000000000000e+02,9.110000000000000000e+02,9.120000000000000000e+02,9.130000000000000000e+02,9.140000000000000000e+02,9.150000000000000000e+02,9.160000000000000000e+02,9.170000000000000000e+02,9.180000000000000000e+02,9.190000000000000000e+02,9.200000000000000000e+02,9.210000000000000000e+02,9.220000000000000000e+02,9.230000000000000000e+02,9.240000000000000000e+02,9.250000000000000000e+02,9.260000000000000000e+02,9.270000000000000000e+02,9.280000000000000000e+02,9.290000000000000000e+02,9.300000000000000000e+02,9.310000000000000000e+02,9.320000000000000000e+02,9.330000000000000000e+02,9.340000000000000000e+02,9.350000000000000000e+02,9.360000000000000000e+02,8.190000000000000000e+02,8.200000000000000000e+02,8.210000000000000000e+02,8.220000000000000000e+02,8.230000000000000000e+02,8.240000000000000000e+02,8.250000000000000000e+02,8.260000000000000000e+02,8.270000000000000000e+02,8.280000000000000000e+02,8.290000000000000000e+02,8.300000000000000000e+02,8.310000000000000000e+02,8.320000000000000000e+02,8.330000000000000000e+02,8.340000000000000000e+02,8.350000000000000000e+02,8.360000000000000000e+02,8.370000000000000000e+02,8.380000000000000000e+02,8.390000000000000000e+02,8.400000000000000000e+02,8.410000000000000000e+02,8.420000000000000000e+02,8.430000000000000000e+02,8.440000000000000000e+02,8.450000000000000000e+02,8.460000000000000000e+02,8.470000000000000000e+02,8.480000000000000000e+02,8.490000000000000000e+02,8.500000000000000000e+02,8.510000000000000000e+02,8.520000000000000000e+02,8.530000000000000000e+02,8.540000000000000000e+02,8.550000000000000000e+02,8.560000000000000000e+02,8.570000000000000000e+02,8.580000000000000000e+02,8.590000000000000000e+02,8.600000000000000000e+02,8.610000000000000000e+02,8.620000000000000000e+02,8.630000000000000000e+02,8.640000000000000000e+02,8.650000000000000000e+02,8.660000000000000000e+02,8.670000000000000000e+02,8.680000000000000000e+02,8.690000000000000000e+02,8.700000000000000000e+02,8.710000000000000000e+02,8.720000000000000000e+02,8.730000000000000000e+02,8.740000000000000000e+02,8.750000000000000000e+02,8.760000000000000000e+02,8.770000000000000000e+02,8.780000000000000000e+02,8.790000000000000000e+02,8.800000000000000000e+02,8.810000000000000000e+02,8.820000000000000000e+02,8.830000000000000000e+02,8.840000000000000000e+02,8.850000000000000000e+02,8.860000000000000000e+02,8.870000000000000000e+02,8.880000000000000000e+02,8.890000000000000000e+02,8.900000000000000000e+02,8.910000000000000000e+02,8.920000000000000000e+02,8.930000000000000000e+02,8.940000000000000000e+02,8.950000000000000000e+02,8.960000000000000000e+02,8.970000000000000000e+02,8.980000000000000000e+02,8.990000000000000000e+02,9.000000000000000000e+02,9.010000000000000000e+02,9.020000000000000000e+02,9.030000000000000000e+02,9.040000000000000000e+02,9.050000000000000000e+02,9.060000000000000000e+02,9.070000000000000000e+02,9.080000000000000000e+02,9.090000000000000000e+02,9.100000000000000000e+02,9.110000000000000000e+02,9.120000000000000000e+02,9.130000000000000000e+02,9.140000000000000000e+02,9.150000000000000000e+02,9.160000000000000000e+02,9.170000000000000000e+02,9.180000000000000000e+02,9.190000000000000000e+02,9.200000000000000000e+02,9.210000000000000000e+02,9.220000000000000000e+02,9.230000000000000000e+02,9.240000000000000000e+02,9.250000000000000000e+02,9.260000000000000000e+02,9.270000000000000000e+02,9.280000000000000000e+02,9.290000000000000000e+02,9.300000000000000000e+02,9.310000000000000000e+02,9.320000000000000000e+02,9.330000000000000000e+02,9.340000000000000000e+02,9.350000000000000000e+02,8.190000000000000000e+02,8.200000000000000000e+02,8.210000000000000000e+02,8.220000000000000000e+02,8.230000000000000000e+02,8.240000000000000000e+02,8.250000000000000000e+02,8.260000000000000000e+02,8.270000000000000000e+02,8.280000000000000000e+02,8.290000000000000000e+02,8.300000000000000000e+02,8.310000000000000000e+02,8.320000000000000000e+02,8.330000000000000000e+02,8.340000000000000000e+02,8.350000000000000000e+02,8.360000000000000000e+02,8.370000000000000000e+02,8.380000000000000000e+02,8.390000000000000000e+02,8.400000000000000000e+02,8.410000000000000000e+02,8.420000000000000000e+02,8.430000000000000000e+02,8.440000000000000000e+02,8.450000000000000000e+02,8.460000000000000000e+02,8.470000000000000000e+02,8.480000000000000000e+02,8.490000000000000000e+02,8.500000000000000000e+02,8.510000000000000000e+02,8.520000000000000000e+02,8.530000000000000000e+02,8.540000000000000000e+02,8.550000000000000000e+02,8.560000000000000000e+02,8.570000000000000000e+02,8.580000000000000000e+02,8.590000000000000000e+02,8.600000000000000000e+02,8.610000000000000000e+02,8.620000000000000000e+02,8.630000000000000000e+02,8.640000000000000000e+02,8.650000000000000000e+02,8.660000000000000000e+02,8.670000000000000000e+02,8.680000000000000000e+02,8.690000000000000000e+02,8.700000000000000000e+02,8.710000000000000000e+02,8.720000000000000000e+02,8.730000000000000000e+02,8.740000000000000000e+02,8.750000000000000000e+02,8.760000000000000000e+02,8.770000000000000000e+02,8.780000000000000000e+02,8.790000000000000000e+02,8.800000000000000000e+02,8.810000000000000000e+02,8.820000000000000000e+02,8.830000000000000000e+02,8.840000000000000000e+02,8.850000000000000000e+02,8.860000000000000000e+02,8.870000000000000000e+02,8.880000000000000000e+02,8.890000000000000000e+02,8.900000000000000000e+02,8.910000000000000000e+02,8.920000000000000000e+02,8.930000000000000000e+02,8.940000000000000000e+02,8.950000000000000000e+02,8.960000000000000000e+02,8.970000000000000000e+02,8.980000000000000000e+02,8.990000000000000000e+02,9.000000000000000000e+02,9.010000000000000000e+02,9.020000000000000000e+02,9.030000000000000000e+02,9.040000000000000000e+02,9.050000000000000000e+02,9.060000000000000000e+02,9.070000000000000000e+02,9.080000000000000000e+02,9.090000000000000000e+02,9.100000000000000000e+02,9.110000000000000000e+02,9.120000000000000000e+02,9.130000000000000000e+02,9.140000000000000000e+02,9.150000000000000000e+02,9.160000000000000000e+02,9.170000000000000000e+02,9.180000000000000000e+02,9.190000000000000000e+02,9.200000000000000000e+02,9.210000000000000000e+02,9.220000000000000000e+02,9.230000000000000000e+02,9.240000000000000000e+02,9.250000000000000000e+02,9.260000000000000000e+02,9.270000000000000000e+02,9.280000000000000000e+02,9.290000000000000000e+02,9.300000000000000000e+02,9.310000000000000000e+02,9.320000000000000000e+02,9.330000000000000000e+02,9.340000000000000000e+02,9.350000000000000000e+02,8.190000000000000000e+02,8.200000000000000000e+02,8.210000000000000000e+02,8.220000000000000000e+02,8.230000000000000000e+02,8.240000000000000000e+02,8.250000000000000000e+02,8.260000000000000000e+02,8.270000000000000000e+02,8.280000000000000000e+02,8.290000000000000000e+02,8.300000000000000000e+02,8.310000000000000000e+02,8.320000000000000000e+02,8.330000000000000000e+02,8.340000000000000000e+02,8.350000000000000000e+02,8.360000000000000000e+02,8.370000000000000000e+02,8.380000000000000000e+02,8.390000000000000000e+02,8.400000000000000000e+02,8.410000000000000000e+02,8.420000000000000000e+02,8.430000000000000000e+02,8.440000000000000000e+02,8.450000000000000000e+02,8.460000000000000000e+02,8.470000000000000000e+02,8.480000000000000000e+02,8.490000000000000000e+02,8.500000000000000000e+02,8.510000000000000000e+02,8.520000000000000000e+02,8.530000000000000000e+02,8.540000000000000000e+02,8.550000000000000000e+02,8.560000000000000000e+02,8.570000000000000000e+02,8.580000000000000000e+02,8.590000000000000000e+02,8.600000000000000000e+02,8.610000000000000000e+02,8.620000000000000000e+02,8.630000000000000000e+02,8.640000000000000000e+02,8.650000000000000000e+02,8.660000000000000000e+02,8.670000000000000000e+02,8.680000000000000000e+02,8.690000000000000000e+02,8.700000000000000000e+02,8.710000000000000000e+02,8.720000000000000000e+02,8.730000000000000000e+02,8.740000000000000000e+02,8.750000000000000000e+02,8.760000000000000000e+02,8.770000000000000000e+02,8.780000000000000000e+02,8.790000000000000000e+02,8.800000000000000000e+02,8.810000000000000000e+02,8.820000000000000000e+02,8.830000000000000000e+02,8.840000000000000000e+02,8.850000000000000000e+02,8.860000000000000000e+02,8.870000000000000000e+02,8.880000000000000000e+02,8.890000000000000000e+02,8.900000000000000000e+02,8.910000000000000000e+02,8.920000000000000000e+02,8.930000000000000000e+02,8.940000000000000000e+02,8.950000000000000000e+02,8.960000000000000000e+02,8.970000000000000000e+02,8.980000000000000000e+02,8.990000000000000000e+02,9.000000000000000000e+02,9.010000000000000000e+02,9.020000000000000000e+02,9.030000000000000000e+02,9.040000000000000000e+02,9.050000000000000000e+02,9.060000000000000000e+02,9.070000000000000000e+02,9.080000000000000000e+02,9.090000000000000000e+02,9.100000000000000000e+02,9.110000000000000000e+02,9.120000000000000000e+02,9.130000000000000000e+02,9.140000000000000000e+02,9.150000000000000000e+02,9.160000000000000000e+02,9.170000000000000000e+02,9.180000000000000000e+02,9.190000000000000000e+02,9.200000000000000000e+02,9.210000000000000000e+02,9.220000000000000000e+02,9.230000000000000000e+02,9.240000000000000000e+02,9.250000000000000000e+02,9.260000000000000000e+02,9.270000000000000000e+02,9.280000000000000000e+02,9.290000000000000000e+02,9.300000000000000000e+02,9.310000000000000000e+02,9.320000000000000000e+02,9.330000000000000000e+02,9.340000000000000000e+02,8.190000000000000000e+02,8.200000000000000000e+02,8.210000000000000000e+02,8.220000000000000000e+02,8.230000000000000000e+02,8.240000000000000000e+02,8.250000000000000000e+02,8.260000000000000000e+02,8.270000000000000000e+02,8.280000000000000000e+02,8.290000000000000000e+02,8.300000000000000000e+02,8.310000000000000000e+02,8.320000000000000000e+02,8.330000000000000000e+02,8.340000000000000000e+02,8.350000000000000000e+02,8.360000000000000000e+02,8.370000000000000000e+02,8.380000000000000000e+02,8.390000000000000000e+02,8.400000000000000000e+02,8.410000000000000000e+02,8.420000000000000000e+02,8.430000000000000000e+02,8.440000000000000000e+02,8.450000000000000000e+02,8.460000000000000000e+02,8.470000000000000000e+02,8.480000000000000000e+02,8.490000000000000000e+02,8.500000000000000000e+02,8.510000000000000000e+02,8.520000000000000000e+02,8.530000000000000000e+02,8.540000000000000000e+02,8.550000000000000000e+02,8.560000000000000000e+02,8.570000000000000000e+02,8.580000000000000000e+02,8.590000000000000000e+02,8.600000000000000000e+02,8.610000000000000000e+02,8.620000000000000000e+02,8.630000000000000000e+02,8.640000000000000000e+02,8.650000000000000000e+02,8.660000000000000000e+02,8.670000000000000000e+02,8.680000000000000000e+02,8.690000000000000000e+02,8.700000000000000000e+02,8.710000000000000000e+02,8.720000000000000000e+02,8.730000000000000000e+02,8.740000000000000000e+02,8.750000000000000000e+02,8.760000000000000000e+02,8.770000000000000000e+02,8.780000000000000000e+02,8.790000000000000000e+02,8.800000000000000000e+02,8.810000000000000000e+02,8.820000000000000000e+02,8.830000000000000000e+02,8.840000000000000000e+02,8.850000000000000000e+02,8.860000000000000000e+02,8.870000000000000000e+02,8.880000000000000000e+02,8.890000000000000000e+02,8.900000000000000000e+02,8.910000000000000000e+02,8.920000000000000000e+02,8.930000000000000000e+02,8.940000000000000000e+02,8.950000000000000000e+02,8.960000000000000000e+02,8.970000000000000000e+02,8.980000000000000000e+02,8.990000000000000000e+02,9.000000000000000000e+02,9.010000000000000000e+02,9.020000000000000000e+02,9.030000000000000000e+02,9.040000000000000000e+02,9.050000000000000000e+02,9.060000000000000000e+02,9.070000000000000000e+02,9.080000000000000000e+02,9.090000000000000000e+02,9.100000000000000000e+02,9.110000000000000000e+02,9.120000000000000000e+02,9.130000000000000000e+02,9.140000000000000000e+02,9.150000000000000000e+02,9.160000000000000000e+02,9.170000000000000000e+02,9.180000000000000000e+02,9.190000000000000000e+02,9.200000000000000000e+02,9.210000000000000000e+02,9.220000000000000000e+02,9.230000000000000000e+02,9.240000000000000000e+02,9.250000000000000000e+02,9.260000000000000000e+02,9.270000000000000000e+02,9.280000000000000000e+02,9.290000000000000000e+02,9.300000000000000000e+02,9.310000000000000000e+02,9.320000000000000000e+02,9.330000000000000000e+02,9.340000000000000000e+02,8.190000000000000000e+02,8.200000000000000000e+02,8.210000000000000000e+02,8.220000000000000000e+02,8.230000000000000000e+02,8.240000000000000000e+02,8.250000000000000000e+02,8.260000000000000000e+02,8.270000000000000000e+02,8.280000000000000000e+02,8.290000000000000000e+02,8.300000000000000000e+02,8.310000000000000000e+02,8.320000000000000000e+02,8.330000000000000000e+02,8.340000000000000000e+02,8.350000000000000000e+02,8.360000000000000000e+02,8.370000000000000000e+02,8.380000000000000000e+02,8.390000000000000000e+02,8.400000000000000000e+02,8.410000000000000000e+02,8.420000000000000000e+02,8.430000000000000000e+02,8.440000000000000000e+02,8.450000000000000000e+02,8.460000000000000000e+02,8.470000000000000000e+02,8.480000000000000000e+02,8.490000000000000000e+02,8.500000000000000000e+02,8.510000000000000000e+02,8.520000000000000000e+02,8.530000000000000000e+02,8.540000000000000000e+02,8.550000000000000000e+02,8.560000000000000000e+02,8.570000000000000000e+02,8.580000000000000000e+02,8.590000000000000000e+02,8.600000000000000000e+02,8.610000000000000000e+02,8.620000000000000000e+02,8.630000000000000000e+02,8.640000000000000000e+02,8.650000000000000000e+02,8.660000000000000000e+02,8.670000000000000000e+02,8.680000000000000000e+02,8.690000000000000000e+02,8.700000000000000000e+02,8.710000000000000000e+02,8.720000000000000000e+02,8.730000000000000000e+02,8.740000000000000000e+02,8.750000000000000000e+02,8.760000000000000000e+02,8.770000000000000000e+02,8.780000000000000000e+02,8.790000000000000000e+02,8.800000000000000000e+02,8.810000000000000000e+02,8.820000000000000000e+02,8.830000000000000000e+02,8.840000000000000000e+02,8.850000000000000000e+02,8.860000000000000000e+02,8.870000000000000000e+02,8.880000000000000000e+02,8.890000000000000000e+02,8.900000000000000000e+02,8.910000000000000000e+02,8.920000000000000000e+02,8.930000000000000000e+02,8.940000000000000000e+02,8.950000000000000000e+02,8.960000000000000000e+02,8.970000000000000000e+02,8.980000000000000000e+02,8.990000000000000000e+02,9.000000000000000000e+02,9.010000000000000000e+02,9.020000000000000000e+02,9.030000000000000000e+02,9.040000000000000000e+02,9.050000000000000000e+02,9.060000000000000000e+02,9.070000000000000000e+02,9.080000000000000000e+02,9.090000000000000000e+02,9.100000000000000000e+02,9.110000000000000000e+02,9.120000000000000000e+02,9.130000000000000000e+02,9.140000000000000000e+02,9.150000000000000000e+02,9.160000000000000000e+02,9.170000000000000000e+02,9.180000000000000000e+02,9.190000000000000000e+02,9.200000000000000000e+02,9.210000000000000000e+02,9.220000000000000000e+02,9.230000000000000000e+02,9.240000000000000000e+02,9.250000000000000000e+02,9.260000000000000000e+02,9.270000000000000000e+02,9.280000000000000000e+02,9.290000000000000000e+02,9.300000000000000000e+02,9.310000000000000000e+02,9.320000000000000000e+02,9.330000000000000000e+02,8.180000000000000000e+02,8.190000000000000000e+02,8.200000000000000000e+02,8.210000000000000000e+02,8.220000000000000000e+02,8.230000000000000000e+02,8.240000000000000000e+02,8.250000000000000000e+02,8.260000000000000000e+02,8.270000000000000000e+02,8.280000000000000000e+02,8.290000000000000000e+02,8.300000000000000000e+02,8.310000000000000000e+02,8.320000000000000000e+02,8.330000000000000000e+02,8.340000000000000000e+02,8.350000000000000000e+02,8.360000000000000000e+02,8.370000000000000000e+02,8.380000000000000000e+02,8.390000000000000000e+02,8.400000000000000000e+02,8.410000000000000000e+02,8.420000000000000000e+02,8.430000000000000000e+02,8.440000000000000000e+02,8.450000000000000000e+02,8.460000000000000000e+02,8.470000000000000000e+02,8.480000000000000000e+02,8.490000000000000000e+02,8.500000000000000000e+02,8.510000000000000000e+02,8.520000000000000000e+02,8.530000000000000000e+02,8.540000000000000000e+02,8.550000000000000000e+02,8.560000000000000000e+02,8.570000000000000000e+02,8.580000000000000000e+02,8.590000000000000000e+02,8.600000000000000000e+02,8.610000000000000000e+02,8.620000000000000000e+02,8.630000000000000000e+02,8.640000000000000000e+02,8.650000000000000000e+02,8.660000000000000000e+02,8.670000000000000000e+02,8.680000000000000000e+02,8.690000000000000000e+02,8.700000000000000000e+02,8.710000000000000000e+02,8.720000000000000000e+02,8.730000000000000000e+02,8.740000000000000000e+02,8.750000000000000000e+02,8.760000000000000000e+02,8.770000000000000000e+02,8.780000000000000000e+02,8.790000000000000000e+02,8.800000000000000000e+02,8.810000000000000000e+02,8.820000000000000000e+02,8.830000000000000000e+02,8.840000000000000000e+02,8.850000000000000000e+02,8.860000000000000000e+02,8.870000000000000000e+02,8.880000000000000000e+02,8.890000000000000000e+02,8.900000000000000000e+02,8.910000000000000000e+02,8.920000000000000000e+02,8.930000000000000000e+02,8.940000000000000000e+02,8.950000000000000000e+02,8.960000000000000000e+02,8.970000000000000000e+02,8.980000000000000000e+02,8.990000000000000000e+02,9.000000000000000000e+02,9.010000000000000000e+02,9.020000000000000000e+02,9.030000000000000000e+02,9.040000000000000000e+02,9.050000000000000000e+02,9.060000000000000000e+02,9.070000000000000000e+02,9.080000000000000000e+02,9.090000000000000000e+02,9.100000000000000000e+02,9.110000000000000000e+02,9.120000000000000000e+02,9.130000000000000000e+02,9.140000000000000000e+02,9.150000000000000000e+02,9.160000000000000000e+02,9.170000000000000000e+02,9.180000000000000000e+02,9.190000000000000000e+02,9.200000000000000000e+02,9.210000000000000000e+02,9.220000000000000000e+02,9.230000000000000000e+02,9.240000000000000000e+02,9.250000000000000000e+02,9.260000000000000000e+02,9.270000000000000000e+02,9.280000000000000000e+02,9.290000000000000000e+02,9.300000000000000000e+02,9.310000000000000000e+02,9.320000000000000000e+02,9.330000000000000000e+02,8.170000000000000000e+02,8.180000000000000000e+02,8.190000000000000000e+02,8.200000000000000000e+02,8.210000000000000000e+02,8.220000000000000000e+02,8.230000000000000000e+02,8.240000000000000000e+02,8.250000000000000000e+02,8.260000000000000000e+02,8.270000000000000000e+02,8.280000000000000000e+02,8.290000000000000000e+02,8.300000000000000000e+02,8.310000000000000000e+02,8.320000000000000000e+02,8.330000000000000000e+02,8.340000000000000000e+02,8.350000000000000000e+02,8.360000000000000000e+02,8.370000000000000000e+02,8.380000000000000000e+02,8.390000000000000000e+02,8.400000000000000000e+02,8.410000000000000000e+02,8.420000000000000000e+02,8.430000000000000000e+02,8.440000000000000000e+02,8.450000000000000000e+02,8.460000000000000000e+02,8.470000000000000000e+02,8.480000000000000000e+02,8.490000000000000000e+02,8.500000000000000000e+02,8.510000000000000000e+02,8.520000000000000000e+02,8.530000000000000000e+02,8.540000000000000000e+02,8.550000000000000000e+02,8.560000000000000000e+02,8.570000000000000000e+02,8.580000000000000000e+02,8.590000000000000000e+02,8.600000000000000000e+02,8.610000000000000000e+02,8.620000000000000000e+02,8.630000000000000000e+02,8.640000000000000000e+02,8.650000000000000000e+02,8.660000000000000000e+02,8.670000000000000000e+02,8.680000000000000000e+02,8.690000000000000000e+02,8.700000000000000000e+02,8.710000000000000000e+02,8.720000000000000000e+02,8.730000000000000000e+02,8.740000000000000000e+02,8.750000000000000000e+02,8.760000000000000000e+02,8.770000000000000000e+02,8.780000000000000000e+02,8.790000000000000000e+02,8.800000000000000000e+02,8.810000000000000000e+02,8.820000000000000000e+02,8.830000000000000000e+02,8.840000000000000000e+02,8.850000000000000000e+02,8.860000000000000000e+02,8.870000000000000000e+02,8.880000000000000000e+02,8.890000000000000000e+02,8.900000000000000000e+02,8.910000000000000000e+02,8.920000000000000000e+02,8.930000000000000000e+02,8.940000000000000000e+02,8.950000000000000000e+02,8.960000000000000000e+02,8.970000000000000000e+02,8.980000000000000000e+02,8.990000000000000000e+02,9.000000000000000000e+02,9.010000000000000000e+02,9.020000000000000000e+02,9.030000000000000000e+02,9.040000000000000000e+02,9.050000000000000000e+02,9.060000000000000000e+02,9.070000000000000000e+02,9.080000000000000000e+02,9.090000000000000000e+02,9.100000000000000000e+02,9.110000000000000000e+02,9.120000000000000000e+02,9.130000000000000000e+02,9.140000000000000000e+02,9.150000000000000000e+02,9.160000000000000000e+02,9.170000000000000000e+02,9.180000000000000000e+02,9.190000000000000000e+02,9.200000000000000000e+02,9.210000000000000000e+02,9.220000000000000000e+02,9.230000000000000000e+02,9.240000000000000000e+02,9.250000000000000000e+02,9.260000000000000000e+02,9.270000000000000000e+02,9.280000000000000000e+02,9.290000000000000000e+02,9.300000000000000000e+02,9.310000000000000000e+02,9.320000000000000000e+02,8.160000000000000000e+02,8.170000000000000000e+02,8.180000000000000000e+02,8.190000000000000000e+02,8.200000000000000000e+02,8.210000000000000000e+02,8.220000000000000000e+02,8.230000000000000000e+02,8.240000000000000000e+02,8.250000000000000000e+02,8.260000000000000000e+02,8.270000000000000000e+02,8.280000000000000000e+02,8.290000000000000000e+02,8.300000000000000000e+02,8.310000000000000000e+02,8.320000000000000000e+02,8.330000000000000000e+02,8.340000000000000000e+02,8.350000000000000000e+02,8.360000000000000000e+02,8.370000000000000000e+02,8.380000000000000000e+02,8.390000000000000000e+02,8.400000000000000000e+02,8.410000000000000000e+02,8.420000000000000000e+02,8.430000000000000000e+02,8.440000000000000000e+02,8.450000000000000000e+02,8.460000000000000000e+02,8.470000000000000000e+02,8.480000000000000000e+02,8.490000000000000000e+02,8.500000000000000000e+02,8.510000000000000000e+02,8.520000000000000000e+02,8.530000000000000000e+02,8.540000000000000000e+02,8.550000000000000000e+02,8.560000000000000000e+02,8.570000000000000000e+02,8.580000000000000000e+02,8.590000000000000000e+02,8.600000000000000000e+02,8.610000000000000000e+02,8.620000000000000000e+02,8.630000000000000000e+02,8.640000000000000000e+02,8.650000000000000000e+02,8.660000000000000000e+02,8.670000000000000000e+02,8.680000000000000000e+02,8.690000000000000000e+02,8.700000000000000000e+02,8.710000000000000000e+02,8.720000000000000000e+02,8.730000000000000000e+02,8.740000000000000000e+02,8.750000000000000000e+02,8.760000000000000000e+02,8.770000000000000000e+02,8.780000000000000000e+02,8.790000000000000000e+02,8.800000000000000000e+02,8.810000000000000000e+02,8.820000000000000000e+02,8.830000000000000000e+02,8.840000000000000000e+02,8.850000000000000000e+02,8.860000000000000000e+02,8.870000000000000000e+02,8.880000000000000000e+02,8.890000000000000000e+02,8.900000000000000000e+02,8.910000000000000000e+02,8.920000000000000000e+02,8.930000000000000000e+02,8.940000000000000000e+02,8.950000000000000000e+02,8.960000000000000000e+02,8.970000000000000000e+02,8.980000000000000000e+02,8.990000000000000000e+02,9.000000000000000000e+02,9.010000000000000000e+02,9.020000000000000000e+02,9.030000000000000000e+02,9.040000000000000000e+02,9.050000000000000000e+02,9.060000000000000000e+02,9.070000000000000000e+02,9.080000000000000000e+02,9.090000000000000000e+02,9.100000000000000000e+02,9.110000000000000000e+02,9.120000000000000000e+02,9.130000000000000000e+02,9.140000000000000000e+02,9.150000000000000000e+02,9.160000000000000000e+02,9.170000000000000000e+02,9.180000000000000000e+02,9.190000000000000000e+02,9.200000000000000000e+02,9.210000000000000000e+02,9.220000000000000000e+02,9.230000000000000000e+02,9.240000000000000000e+02,9.250000000000000000e+02,9.260000000000000000e+02,9.270000000000000000e+02,9.280000000000000000e+02,9.290000000000000000e+02,9.300000000000000000e+02,9.310000000000000000e+02,9.320000000000000000e+02,8.160000000000000000e+02,8.170000000000000000e+02,8.180000000000000000e+02,8.190000000000000000e+02,8.200000000000000000e+02,8.210000000000000000e+02,8.220000000000000000e+02,8.230000000000000000e+02,8.240000000000000000e+02,8.250000000000000000e+02,8.260000000000000000e+02,8.270000000000000000e+02,8.280000000000000000e+02,8.290000000000000000e+02,8.300000000000000000e+02,8.310000000000000000e+02,8.320000000000000000e+02,8.330000000000000000e+02,8.340000000000000000e+02,8.350000000000000000e+02,8.360000000000000000e+02,8.370000000000000000e+02,8.380000000000000000e+02,8.390000000000000000e+02,8.400000000000000000e+02,8.410000000000000000e+02,8.420000000000000000e+02,8.430000000000000000e+02,8.440000000000000000e+02,8.450000000000000000e+02,8.460000000000000000e+02,8.470000000000000000e+02,8.480000000000000000e+02,8.490000000000000000e+02,8.500000000000000000e+02,8.510000000000000000e+02,8.520000000000000000e+02,8.530000000000000000e+02,8.540000000000000000e+02,8.550000000000000000e+02,8.560000000000000000e+02,8.570000000000000000e+02,8.580000000000000000e+02,8.590000000000000000e+02,8.600000000000000000e+02,8.610000000000000000e+02,8.620000000000000000e+02,8.630000000000000000e+02,8.640000000000000000e+02,8.650000000000000000e+02,8.660000000000000000e+02,8.670000000000000000e+02,8.680000000000000000e+02,8.690000000000000000e+02,8.700000000000000000e+02,8.710000000000000000e+02,8.720000000000000000e+02,8.730000000000000000e+02,8.740000000000000000e+02,8.750000000000000000e+02,8.760000000000000000e+02,8.770000000000000000e+02,8.780000000000000000e+02,8.790000000000000000e+02,8.800000000000000000e+02,8.810000000000000000e+02,8.820000000000000000e+02,8.830000000000000000e+02,8.840000000000000000e+02,8.850000000000000000e+02,8.860000000000000000e+02,8.870000000000000000e+02,8.880000000000000000e+02,8.890000000000000000e+02,8.900000000000000000e+02,8.910000000000000000e+02,8.920000000000000000e+02,8.930000000000000000e+02,8.940000000000000000e+02,8.950000000000000000e+02,8.960000000000000000e+02,8.970000000000000000e+02,8.980000000000000000e+02,8.990000000000000000e+02,9.000000000000000000e+02,9.010000000000000000e+02,9.020000000000000000e+02,9.030000000000000000e+02,9.040000000000000000e+02,9.050000000000000000e+02,9.060000000000000000e+02,9.070000000000000000e+02,9.080000000000000000e+02,9.090000000000000000e+02,9.100000000000000000e+02,9.110000000000000000e+02,9.120000000000000000e+02,9.130000000000000000e+02,9.140000000000000000e+02,9.150000000000000000e+02,9.160000000000000000e+02,9.170000000000000000e+02,9.180000000000000000e+02,9.190000000000000000e+02,9.200000000000000000e+02,9.210000000000000000e+02,9.220000000000000000e+02,9.230000000000000000e+02,9.240000000000000000e+02,9.250000000000000000e+02,9.260000000000000000e+02,9.270000000000000000e+02,9.280000000000000000e+02,9.290000000000000000e+02,9.300000000000000000e+02,9.310000000000000000e+02,9.320000000000000000e+02,8.160000000000000000e+02,8.170000000000000000e+02,8.180000000000000000e+02,8.190000000000000000e+02,8.200000000000000000e+02,8.230000000000000000e+02,8.240000000000000000e+02,8.250000000000000000e+02,8.260000000000000000e+02,8.270000000000000000e+02,8.280000000000000000e+02,8.290000000000000000e+02,8.300000000000000000e+02,8.310000000000000000e+02,8.320000000000000000e+02,8.330000000000000000e+02,8.340000000000000000e+02,8.350000000000000000e+02,8.360000000000000000e+02,8.370000000000000000e+02,8.380000000000000000e+02,8.390000000000000000e+02,8.400000000000000000e+02,8.410000000000000000e+02,8.420000000000000000e+02,8.430000000000000000e+02,8.440000000000000000e+02,8.450000000000000000e+02,8.460000000000000000e+02,8.470000000000000000e+02,8.480000000000000000e+02,8.490000000000000000e+02,8.500000000000000000e+02,8.510000000000000000e+02,8.520000000000000000e+02,8.530000000000000000e+02,8.540000000000000000e+02,8.550000000000000000e+02,8.560000000000000000e+02,8.570000000000000000e+02,8.580000000000000000e+02,8.590000000000000000e+02,8.600000000000000000e+02,8.610000000000000000e+02,8.620000000000000000e+02,8.630000000000000000e+02,8.640000000000000000e+02,8.650000000000000000e+02,8.660000000000000000e+02,8.670000000000000000e+02,8.680000000000000000e+02,8.690000000000000000e+02,8.700000000000000000e+02,8.710000000000000000e+02,8.720000000000000000e+02,8.730000000000000000e+02,8.740000000000000000e+02,8.750000000000000000e+02,8.760000000000000000e+02,8.770000000000000000e+02,8.780000000000000000e+02,8.790000000000000000e+02,8.800000000000000000e+02,8.810000000000000000e+02,8.820000000000000000e+02,8.830000000000000000e+02,8.840000000000000000e+02,8.850000000000000000e+02,8.860000000000000000e+02,8.870000000000000000e+02,8.880000000000000000e+02,8.890000000000000000e+02,8.900000000000000000e+02,8.910000000000000000e+02,8.920000000000000000e+02,8.930000000000000000e+02,8.940000000000000000e+02,8.950000000000000000e+02,8.960000000000000000e+02,8.970000000000000000e+02,8.980000000000000000e+02,8.990000000000000000e+02,9.000000000000000000e+02,9.010000000000000000e+02,9.020000000000000000e+02,9.030000000000000000e+02,9.040000000000000000e+02,9.050000000000000000e+02,9.060000000000000000e+02,9.070000000000000000e+02,9.080000000000000000e+02,9.090000000000000000e+02,9.100000000000000000e+02,9.110000000000000000e+02,9.120000000000000000e+02,9.130000000000000000e+02,9.140000000000000000e+02,9.150000000000000000e+02,9.160000000000000000e+02,9.170000000000000000e+02,9.180000000000000000e+02,9.190000000000000000e+02,9.200000000000000000e+02,9.210000000000000000e+02,9.220000000000000000e+02,9.230000000000000000e+02,9.240000000000000000e+02,9.250000000000000000e+02,9.260000000000000000e+02,9.270000000000000000e+02,9.280000000000000000e+02,9.290000000000000000e+02,9.300000000000000000e+02,9.310000000000000000e+02,8.160000000000000000e+02,8.170000000000000000e+02,8.180000000000000000e+02,8.190000000000000000e+02,8.240000000000000000e+02,8.250000000000000000e+02,8.260000000000000000e+02,8.270000000000000000e+02,8.280000000000000000e+02,8.290000000000000000e+02,8.300000000000000000e+02,8.310000000000000000e+02,8.320000000000000000e+02,8.330000000000000000e+02,8.340000000000000000e+02,8.350000000000000000e+02,8.360000000000000000e+02,8.370000000000000000e+02,8.380000000000000000e+02,8.390000000000000000e+02,8.400000000000000000e+02,8.410000000000000000e+02,8.420000000000000000e+02,8.430000000000000000e+02,8.440000000000000000e+02,8.450000000000000000e+02,8.460000000000000000e+02,8.470000000000000000e+02,8.480000000000000000e+02,8.490000000000000000e+02,8.500000000000000000e+02,8.510000000000000000e+02,8.520000000000000000e+02,8.530000000000000000e+02,8.540000000000000000e+02,8.550000000000000000e+02,8.560000000000000000e+02,8.570000000000000000e+02,8.580000000000000000e+02,8.590000000000000000e+02,8.600000000000000000e+02,8.610000000000000000e+02,8.620000000000000000e+02,8.630000000000000000e+02,8.640000000000000000e+02,8.650000000000000000e+02,8.660000000000000000e+02,8.670000000000000000e+02,8.680000000000000000e+02,8.690000000000000000e+02,8.700000000000000000e+02,8.710000000000000000e+02,8.720000000000000000e+02,8.730000000000000000e+02,8.740000000000000000e+02,8.750000000000000000e+02,8.760000000000000000e+02,8.770000000000000000e+02,8.780000000000000000e+02,8.790000000000000000e+02,8.800000000000000000e+02,8.810000000000000000e+02,8.820000000000000000e+02,8.830000000000000000e+02,8.840000000000000000e+02,8.850000000000000000e+02,8.860000000000000000e+02,8.870000000000000000e+02,8.880000000000000000e+02,8.890000000000000000e+02,8.900000000000000000e+02,8.910000000000000000e+02,8.920000000000000000e+02,8.930000000000000000e+02,8.940000000000000000e+02,8.950000000000000000e+02,8.960000000000000000e+02,8.970000000000000000e+02,8.980000000000000000e+02,8.990000000000000000e+02,9.000000000000000000e+02,9.010000000000000000e+02,9.020000000000000000e+02,9.030000000000000000e+02,9.040000000000000000e+02,9.050000000000000000e+02,9.060000000000000000e+02,9.070000000000000000e+02,9.080000000000000000e+02,9.090000000000000000e+02,9.100000000000000000e+02,9.110000000000000000e+02,9.120000000000000000e+02,9.130000000000000000e+02,9.140000000000000000e+02,9.150000000000000000e+02,9.160000000000000000e+02,9.170000000000000000e+02,9.180000000000000000e+02,9.190000000000000000e+02,9.200000000000000000e+02,9.210000000000000000e+02,9.220000000000000000e+02,9.230000000000000000e+02,9.240000000000000000e+02,9.250000000000000000e+02,9.260000000000000000e+02,9.270000000000000000e+02,9.280000000000000000e+02,9.290000000000000000e+02,9.300000000000000000e+02,9.310000000000000000e+02,8.150000000000000000e+02,8.160000000000000000e+02,8.170000000000000000e+02,8.180000000000000000e+02,8.190000000000000000e+02,8.240000000000000000e+02,8.250000000000000000e+02,8.260000000000000000e+02,8.270000000000000000e+02,8.280000000000000000e+02,8.290000000000000000e+02,8.300000000000000000e+02,8.310000000000000000e+02,8.320000000000000000e+02,8.330000000000000000e+02,8.340000000000000000e+02,8.350000000000000000e+02,8.360000000000000000e+02,8.370000000000000000e+02,8.380000000000000000e+02,8.390000000000000000e+02,8.400000000000000000e+02,8.410000000000000000e+02,8.420000000000000000e+02,8.430000000000000000e+02,8.440000000000000000e+02,8.450000000000000000e+02,8.460000000000000000e+02,8.470000000000000000e+02,8.480000000000000000e+02,8.490000000000000000e+02,8.500000000000000000e+02,8.510000000000000000e+02,8.520000000000000000e+02,8.530000000000000000e+02,8.540000000000000000e+02,8.550000000000000000e+02,8.560000000000000000e+02,8.570000000000000000e+02,8.580000000000000000e+02,8.590000000000000000e+02,8.600000000000000000e+02,8.610000000000000000e+02,8.620000000000000000e+02,8.630000000000000000e+02,8.640000000000000000e+02,8.650000000000000000e+02,8.660000000000000000e+02,8.670000000000000000e+02,8.680000000000000000e+02,8.690000000000000000e+02,8.700000000000000000e+02,8.710000000000000000e+02,8.720000000000000000e+02,8.730000000000000000e+02,8.740000000000000000e+02,8.750000000000000000e+02,8.760000000000000000e+02,8.770000000000000000e+02,8.780000000000000000e+02,8.790000000000000000e+02,8.800000000000000000e+02,8.810000000000000000e+02,8.820000000000000000e+02,8.830000000000000000e+02,8.840000000000000000e+02,8.850000000000000000e+02,8.860000000000000000e+02,8.870000000000000000e+02,8.880000000000000000e+02,8.890000000000000000e+02,8.900000000000000000e+02,8.910000000000000000e+02,8.920000000000000000e+02,8.930000000000000000e+02,8.940000000000000000e+02,8.950000000000000000e+02,8.960000000000000000e+02,8.970000000000000000e+02,8.980000000000000000e+02,8.990000000000000000e+02,9.000000000000000000e+02,9.010000000000000000e+02,9.020000000000000000e+02,9.030000000000000000e+02,9.040000000000000000e+02,9.050000000000000000e+02,9.060000000000000000e+02,9.070000000000000000e+02,9.080000000000000000e+02,9.090000000000000000e+02,9.100000000000000000e+02,9.110000000000000000e+02,9.120000000000000000e+02,9.130000000000000000e+02,9.140000000000000000e+02,9.150000000000000000e+02,9.160000000000000000e+02,9.170000000000000000e+02,9.180000000000000000e+02,9.190000000000000000e+02,9.200000000000000000e+02,9.210000000000000000e+02,9.220000000000000000e+02,9.230000000000000000e+02,9.240000000000000000e+02,9.250000000000000000e+02,9.260000000000000000e+02,9.270000000000000000e+02,9.280000000000000000e+02,9.290000000000000000e+02,9.300000000000000000e+02,9.310000000000000000e+02,8.150000000000000000e+02,8.160000000000000000e+02,8.170000000000000000e+02,8.180000000000000000e+02,8.190000000000000000e+02,8.240000000000000000e+02,8.250000000000000000e+02,8.260000000000000000e+02,8.270000000000000000e+02,8.280000000000000000e+02,8.290000000000000000e+02,8.300000000000000000e+02,8.310000000000000000e+02,8.320000000000000000e+02,8.330000000000000000e+02,8.340000000000000000e+02,8.350000000000000000e+02,8.360000000000000000e+02,8.370000000000000000e+02,8.380000000000000000e+02,8.390000000000000000e+02,8.400000000000000000e+02,8.410000000000000000e+02,8.420000000000000000e+02,8.430000000000000000e+02,8.440000000000000000e+02,8.450000000000000000e+02,8.460000000000000000e+02,8.470000000000000000e+02,8.480000000000000000e+02,8.490000000000000000e+02,8.500000000000000000e+02,8.510000000000000000e+02,8.520000000000000000e+02,8.530000000000000000e+02,8.540000000000000000e+02,8.550000000000000000e+02,8.560000000000000000e+02,8.570000000000000000e+02,8.580000000000000000e+02,8.590000000000000000e+02,8.600000000000000000e+02,8.610000000000000000e+02,8.620000000000000000e+02,8.630000000000000000e+02,8.640000000000000000e+02,8.650000000000000000e+02,8.660000000000000000e+02,8.670000000000000000e+02,8.680000000000000000e+02,8.690000000000000000e+02,8.700000000000000000e+02,8.710000000000000000e+02,8.720000000000000000e+02,8.730000000000000000e+02,8.740000000000000000e+02,8.750000000000000000e+02,8.760000000000000000e+02,8.770000000000000000e+02,8.780000000000000000e+02,8.790000000000000000e+02,8.800000000000000000e+02,8.810000000000000000e+02,8.820000000000000000e+02,8.830000000000000000e+02,8.840000000000000000e+02,8.850000000000000000e+02,8.860000000000000000e+02,8.870000000000000000e+02,8.880000000000000000e+02,8.890000000000000000e+02,8.900000000000000000e+02,8.910000000000000000e+02,8.920000000000000000e+02,8.930000000000000000e+02,8.940000000000000000e+02,8.950000000000000000e+02,8.960000000000000000e+02,8.970000000000000000e+02,8.980000000000000000e+02,8.990000000000000000e+02,9.000000000000000000e+02,9.010000000000000000e+02,9.020000000000000000e+02,9.030000000000000000e+02,9.040000000000000000e+02,9.050000000000000000e+02,9.060000000000000000e+02,9.070000000000000000e+02,9.080000000000000000e+02,9.090000000000000000e+02,9.100000000000000000e+02,9.110000000000000000e+02,9.120000000000000000e+02,9.130000000000000000e+02,9.140000000000000000e+02,9.150000000000000000e+02,9.160000000000000000e+02,9.170000000000000000e+02,9.180000000000000000e+02,9.190000000000000000e+02,9.200000000000000000e+02,9.210000000000000000e+02,9.220000000000000000e+02,9.230000000000000000e+02,9.240000000000000000e+02,9.250000000000000000e+02,9.260000000000000000e+02,9.270000000000000000e+02,9.280000000000000000e+02,9.290000000000000000e+02,9.300000000000000000e+02,8.150000000000000000e+02,8.160000000000000000e+02,8.170000000000000000e+02,8.180000000000000000e+02,8.190000000000000000e+02,8.240000000000000000e+02,8.250000000000000000e+02,8.260000000000000000e+02,8.270000000000000000e+02,8.280000000000000000e+02,8.290000000000000000e+02,8.300000000000000000e+02,8.310000000000000000e+02,8.320000000000000000e+02,8.330000000000000000e+02,8.340000000000000000e+02,8.350000000000000000e+02,8.360000000000000000e+02,8.370000000000000000e+02,8.380000000000000000e+02,8.390000000000000000e+02,8.400000000000000000e+02,8.410000000000000000e+02,8.420000000000000000e+02,8.430000000000000000e+02,8.440000000000000000e+02,8.450000000000000000e+02,8.460000000000000000e+02,8.470000000000000000e+02,8.480000000000000000e+02,8.490000000000000000e+02,8.500000000000000000e+02,8.510000000000000000e+02,8.520000000000000000e+02,8.530000000000000000e+02,8.540000000000000000e+02,8.550000000000000000e+02,8.560000000000000000e+02,8.570000000000000000e+02,8.580000000000000000e+02,8.590000000000000000e+02,8.600000000000000000e+02,8.610000000000000000e+02,8.620000000000000000e+02,8.630000000000000000e+02,8.640000000000000000e+02,8.650000000000000000e+02,8.660000000000000000e+02,8.670000000000000000e+02,8.680000000000000000e+02,8.690000000000000000e+02,8.700000000000000000e+02,8.710000000000000000e+02,8.720000000000000000e+02,8.730000000000000000e+02,8.740000000000000000e+02,8.750000000000000000e+02,8.760000000000000000e+02,8.770000000000000000e+02,8.780000000000000000e+02,8.790000000000000000e+02,8.800000000000000000e+02,8.810000000000000000e+02,8.820000000000000000e+02,8.830000000000000000e+02,8.840000000000000000e+02,8.850000000000000000e+02,8.860000000000000000e+02,8.870000000000000000e+02,8.880000000000000000e+02,8.890000000000000000e+02,8.900000000000000000e+02,8.910000000000000000e+02,8.920000000000000000e+02,8.930000000000000000e+02,8.940000000000000000e+02,8.950000000000000000e+02,8.960000000000000000e+02,8.970000000000000000e+02,8.980000000000000000e+02,8.990000000000000000e+02,9.000000000000000000e+02,9.010000000000000000e+02,9.020000000000000000e+02,9.030000000000000000e+02,9.040000000000000000e+02,9.050000000000000000e+02,9.060000000000000000e+02,9.070000000000000000e+02,9.080000000000000000e+02,9.090000000000000000e+02,9.100000000000000000e+02,9.110000000000000000e+02,9.120000000000000000e+02,9.130000000000000000e+02,9.140000000000000000e+02,9.150000000000000000e+02,9.160000000000000000e+02,9.170000000000000000e+02,9.180000000000000000e+02,9.190000000000000000e+02,9.200000000000000000e+02,9.210000000000000000e+02,9.220000000000000000e+02,9.230000000000000000e+02,9.240000000000000000e+02,9.250000000000000000e+02,9.260000000000000000e+02,9.270000000000000000e+02,9.280000000000000000e+02,9.290000000000000000e+02,9.300000000000000000e+02,8.150000000000000000e+02,8.160000000000000000e+02,8.170000000000000000e+02,8.180000000000000000e+02,8.190000000000000000e+02,8.240000000000000000e+02,8.250000000000000000e+02,8.260000000000000000e+02,8.270000000000000000e+02,8.280000000000000000e+02,8.290000000000000000e+02,8.300000000000000000e+02,8.310000000000000000e+02,8.320000000000000000e+02,8.330000000000000000e+02,8.340000000000000000e+02,8.350000000000000000e+02,8.360000000000000000e+02,8.370000000000000000e+02,8.380000000000000000e+02,8.390000000000000000e+02,8.400000000000000000e+02,8.410000000000000000e+02,8.420000000000000000e+02,8.430000000000000000e+02,8.440000000000000000e+02,8.450000000000000000e+02,8.460000000000000000e+02,8.470000000000000000e+02,8.480000000000000000e+02,8.490000000000000000e+02,8.500000000000000000e+02,8.510000000000000000e+02,8.520000000000000000e+02,8.530000000000000000e+02,8.540000000000000000e+02,8.550000000000000000e+02,8.560000000000000000e+02,8.570000000000000000e+02,8.580000000000000000e+02,8.590000000000000000e+02,8.600000000000000000e+02,8.610000000000000000e+02,8.620000000000000000e+02,8.630000000000000000e+02,8.640000000000000000e+02,8.650000000000000000e+02,8.660000000000000000e+02,8.670000000000000000e+02,8.680000000000000000e+02,8.690000000000000000e+02,8.700000000000000000e+02,8.710000000000000000e+02,8.720000000000000000e+02,8.730000000000000000e+02,8.740000000000000000e+02,8.750000000000000000e+02,8.760000000000000000e+02,8.770000000000000000e+02,8.780000000000000000e+02,8.790000000000000000e+02,8.800000000000000000e+02,8.810000000000000000e+02,8.820000000000000000e+02,8.830000000000000000e+02,8.840000000000000000e+02,8.850000000000000000e+02,8.860000000000000000e+02,8.870000000000000000e+02,8.880000000000000000e+02,8.890000000000000000e+02,8.900000000000000000e+02,8.910000000000000000e+02,8.920000000000000000e+02,8.930000000000000000e+02,8.940000000000000000e+02,8.950000000000000000e+02,8.960000000000000000e+02,8.970000000000000000e+02,8.980000000000000000e+02,8.990000000000000000e+02,9.000000000000000000e+02,9.010000000000000000e+02,9.020000000000000000e+02,9.030000000000000000e+02,9.040000000000000000e+02,9.050000000000000000e+02,9.060000000000000000e+02,9.070000000000000000e+02,9.080000000000000000e+02,9.090000000000000000e+02,9.100000000000000000e+02,9.110000000000000000e+02,9.120000000000000000e+02,9.130000000000000000e+02,9.140000000000000000e+02,9.150000000000000000e+02,9.160000000000000000e+02,9.170000000000000000e+02,9.180000000000000000e+02,9.190000000000000000e+02,9.200000000000000000e+02,9.210000000000000000e+02,9.220000000000000000e+02,9.230000000000000000e+02,9.240000000000000000e+02,9.250000000000000000e+02,9.260000000000000000e+02,9.270000000000000000e+02,9.280000000000000000e+02,9.290000000000000000e+02,9.300000000000000000e+02,8.150000000000000000e+02,8.160000000000000000e+02,8.170000000000000000e+02,8.180000000000000000e+02,8.190000000000000000e+02,8.240000000000000000e+02,8.250000000000000000e+02,8.260000000000000000e+02,8.270000000000000000e+02,8.280000000000000000e+02,8.290000000000000000e+02,8.300000000000000000e+02,8.310000000000000000e+02,8.320000000000000000e+02,8.330000000000000000e+02,8.340000000000000000e+02,8.350000000000000000e+02,8.360000000000000000e+02,8.370000000000000000e+02,8.380000000000000000e+02,8.390000000000000000e+02,8.400000000000000000e+02,8.410000000000000000e+02,8.420000000000000000e+02,8.430000000000000000e+02,8.440000000000000000e+02,8.450000000000000000e+02,8.460000000000000000e+02,8.470000000000000000e+02,8.480000000000000000e+02,8.490000000000000000e+02,8.500000000000000000e+02,8.510000000000000000e+02,8.520000000000000000e+02,8.530000000000000000e+02,8.540000000000000000e+02,8.550000000000000000e+02,8.560000000000000000e+02,8.570000000000000000e+02,8.580000000000000000e+02,8.590000000000000000e+02,8.600000000000000000e+02,8.610000000000000000e+02,8.620000000000000000e+02,8.630000000000000000e+02,8.640000000000000000e+02,8.650000000000000000e+02,8.660000000000000000e+02,8.670000000000000000e+02,8.680000000000000000e+02,8.690000000000000000e+02,8.700000000000000000e+02,8.710000000000000000e+02,8.720000000000000000e+02,8.730000000000000000e+02,8.740000000000000000e+02,8.750000000000000000e+02,8.760000000000000000e+02,8.770000000000000000e+02,8.780000000000000000e+02,8.790000000000000000e+02,8.800000000000000000e+02,8.810000000000000000e+02,8.820000000000000000e+02,8.830000000000000000e+02,8.840000000000000000e+02,8.850000000000000000e+02,8.860000000000000000e+02,8.870000000000000000e+02,8.880000000000000000e+02,8.890000000000000000e+02,8.900000000000000000e+02,8.910000000000000000e+02,8.920000000000000000e+02,8.930000000000000000e+02,8.940000000000000000e+02,8.950000000000000000e+02,8.960000000000000000e+02,8.970000000000000000e+02,8.980000000000000000e+02,8.990000000000000000e+02,9.000000000000000000e+02,9.010000000000000000e+02,9.020000000000000000e+02,9.030000000000000000e+02,9.040000000000000000e+02,9.050000000000000000e+02,9.060000000000000000e+02,9.070000000000000000e+02,9.080000000000000000e+02,9.090000000000000000e+02,9.100000000000000000e+02,9.110000000000000000e+02,9.120000000000000000e+02,9.130000000000000000e+02,9.140000000000000000e+02,9.150000000000000000e+02,9.160000000000000000e+02,9.170000000000000000e+02,9.180000000000000000e+02,9.190000000000000000e+02,9.200000000000000000e+02,9.210000000000000000e+02,9.220000000000000000e+02,9.230000000000000000e+02,9.240000000000000000e+02,9.250000000000000000e+02,9.260000000000000000e+02,9.270000000000000000e+02,9.280000000000000000e+02,9.290000000000000000e+02,8.150000000000000000e+02,8.160000000000000000e+02,8.170000000000000000e+02,8.180000000000000000e+02,8.190000000000000000e+02,8.250000000000000000e+02,8.260000000000000000e+02,8.270000000000000000e+02,8.280000000000000000e+02,8.290000000000000000e+02,8.300000000000000000e+02,8.310000000000000000e+02,8.320000000000000000e+02,8.330000000000000000e+02,8.340000000000000000e+02,8.350000000000000000e+02,8.360000000000000000e+02,8.370000000000000000e+02,8.380000000000000000e+02,8.390000000000000000e+02,8.400000000000000000e+02,8.410000000000000000e+02,8.420000000000000000e+02,8.430000000000000000e+02,8.440000000000000000e+02,8.450000000000000000e+02,8.460000000000000000e+02,8.470000000000000000e+02,8.480000000000000000e+02,8.490000000000000000e+02,8.500000000000000000e+02,8.510000000000000000e+02,8.520000000000000000e+02,8.530000000000000000e+02,8.540000000000000000e+02,8.550000000000000000e+02,8.560000000000000000e+02,8.570000000000000000e+02,8.580000000000000000e+02,8.590000000000000000e+02,8.600000000000000000e+02,8.610000000000000000e+02,8.620000000000000000e+02,8.630000000000000000e+02,8.640000000000000000e+02,8.650000000000000000e+02,8.660000000000000000e+02,8.670000000000000000e+02,8.680000000000000000e+02,8.690000000000000000e+02,8.700000000000000000e+02,8.710000000000000000e+02,8.720000000000000000e+02,8.730000000000000000e+02,8.740000000000000000e+02,8.750000000000000000e+02,8.760000000000000000e+02,8.770000000000000000e+02,8.780000000000000000e+02,8.790000000000000000e+02,8.800000000000000000e+02,8.810000000000000000e+02,8.820000000000000000e+02,8.830000000000000000e+02,8.840000000000000000e+02,8.850000000000000000e+02,8.860000000000000000e+02,8.870000000000000000e+02,8.880000000000000000e+02,8.890000000000000000e+02,8.900000000000000000e+02,8.910000000000000000e+02,8.920000000000000000e+02,8.930000000000000000e+02,8.940000000000000000e+02,8.950000000000000000e+02,8.960000000000000000e+02,8.970000000000000000e+02,8.980000000000000000e+02,8.990000000000000000e+02,9.000000000000000000e+02,9.010000000000000000e+02,9.020000000000000000e+02,9.030000000000000000e+02,9.040000000000000000e+02,9.050000000000000000e+02,9.060000000000000000e+02,9.070000000000000000e+02,9.080000000000000000e+02,9.090000000000000000e+02,9.100000000000000000e+02,9.110000000000000000e+02,9.120000000000000000e+02,9.130000000000000000e+02,9.140000000000000000e+02,9.150000000000000000e+02,9.160000000000000000e+02,9.170000000000000000e+02,9.180000000000000000e+02,9.190000000000000000e+02,9.200000000000000000e+02,9.210000000000000000e+02,9.220000000000000000e+02,9.230000000000000000e+02,9.240000000000000000e+02,9.250000000000000000e+02,9.260000000000000000e+02,9.270000000000000000e+02,9.280000000000000000e+02,9.290000000000000000e+02,8.150000000000000000e+02,8.160000000000000000e+02,8.170000000000000000e+02,8.250000000000000000e+02,8.260000000000000000e+02,8.270000000000000000e+02,8.280000000000000000e+02,8.290000000000000000e+02,8.300000000000000000e+02,8.310000000000000000e+02,8.320000000000000000e+02,8.330000000000000000e+02,8.340000000000000000e+02,8.350000000000000000e+02,8.360000000000000000e+02,8.370000000000000000e+02,8.380000000000000000e+02,8.390000000000000000e+02,8.400000000000000000e+02,8.410000000000000000e+02,8.420000000000000000e+02,8.430000000000000000e+02,8.440000000000000000e+02,8.450000000000000000e+02,8.460000000000000000e+02,8.470000000000000000e+02,8.480000000000000000e+02,8.490000000000000000e+02,8.500000000000000000e+02,8.510000000000000000e+02,8.520000000000000000e+02,8.530000000000000000e+02,8.540000000000000000e+02,8.550000000000000000e+02,8.560000000000000000e+02,8.570000000000000000e+02,8.580000000000000000e+02,8.590000000000000000e+02,8.600000000000000000e+02,8.610000000000000000e+02,8.620000000000000000e+02,8.630000000000000000e+02,8.640000000000000000e+02,8.650000000000000000e+02,8.660000000000000000e+02,8.670000000000000000e+02,8.680000000000000000e+02,8.690000000000000000e+02,8.700000000000000000e+02,8.710000000000000000e+02,8.720000000000000000e+02,8.730000000000000000e+02,8.740000000000000000e+02,8.750000000000000000e+02,8.760000000000000000e+02,8.770000000000000000e+02,8.780000000000000000e+02,8.790000000000000000e+02,8.800000000000000000e+02,8.810000000000000000e+02,8.820000000000000000e+02,8.830000000000000000e+02,8.840000000000000000e+02,8.850000000000000000e+02,8.860000000000000000e+02,8.870000000000000000e+02,8.880000000000000000e+02,8.890000000000000000e+02,8.900000000000000000e+02,8.910000000000000000e+02,8.920000000000000000e+02,8.930000000000000000e+02,8.940000000000000000e+02,8.950000000000000000e+02,8.960000000000000000e+02,8.970000000000000000e+02,8.980000000000000000e+02,8.990000000000000000e+02,9.000000000000000000e+02,9.010000000000000000e+02,9.020000000000000000e+02,9.030000000000000000e+02,9.040000000000000000e+02,9.050000000000000000e+02,9.060000000000000000e+02,9.070000000000000000e+02,9.080000000000000000e+02,9.090000000000000000e+02,9.100000000000000000e+02,9.110000000000000000e+02,9.120000000000000000e+02,9.130000000000000000e+02,9.140000000000000000e+02,9.150000000000000000e+02,9.160000000000000000e+02,9.170000000000000000e+02,9.180000000000000000e+02,9.190000000000000000e+02,9.200000000000000000e+02,9.210000000000000000e+02,9.220000000000000000e+02,9.230000000000000000e+02,9.240000000000000000e+02,9.250000000000000000e+02,9.260000000000000000e+02,9.270000000000000000e+02,9.280000000000000000e+02,9.290000000000000000e+02,8.270000000000000000e+02,8.280000000000000000e+02,8.290000000000000000e+02,8.300000000000000000e+02,8.310000000000000000e+02,8.320000000000000000e+02,8.330000000000000000e+02,8.340000000000000000e+02,8.350000000000000000e+02,8.360000000000000000e+02,8.370000000000000000e+02,8.380000000000000000e+02,8.390000000000000000e+02,8.400000000000000000e+02,8.410000000000000000e+02,8.420000000000000000e+02,8.430000000000000000e+02,8.440000000000000000e+02,8.450000000000000000e+02,8.460000000000000000e+02,8.470000000000000000e+02,8.480000000000000000e+02,8.490000000000000000e+02,8.500000000000000000e+02,8.510000000000000000e+02,8.520000000000000000e+02,8.530000000000000000e+02,8.540000000000000000e+02,8.550000000000000000e+02,8.560000000000000000e+02,8.570000000000000000e+02,8.580000000000000000e+02,8.590000000000000000e+02,8.600000000000000000e+02,8.610000000000000000e+02,8.620000000000000000e+02,8.630000000000000000e+02,8.640000000000000000e+02,8.650000000000000000e+02,8.660000000000000000e+02,8.670000000000000000e+02,8.680000000000000000e+02,8.690000000000000000e+02,8.700000000000000000e+02,8.710000000000000000e+02,8.720000000000000000e+02,8.730000000000000000e+02,8.740000000000000000e+02,8.750000000000000000e+02,8.760000000000000000e+02,8.770000000000000000e+02,8.780000000000000000e+02,8.790000000000000000e+02,8.800000000000000000e+02,8.810000000000000000e+02,8.820000000000000000e+02,8.830000000000000000e+02,8.840000000000000000e+02,8.850000000000000000e+02,8.860000000000000000e+02,8.870000000000000000e+02,8.880000000000000000e+02,8.890000000000000000e+02,8.900000000000000000e+02,8.910000000000000000e+02,8.920000000000000000e+02,8.930000000000000000e+02,8.940000000000000000e+02,8.950000000000000000e+02,8.960000000000000000e+02,8.970000000000000000e+02,8.980000000000000000e+02,8.990000000000000000e+02,9.000000000000000000e+02,9.010000000000000000e+02,9.020000000000000000e+02,9.030000000000000000e+02,9.040000000000000000e+02,9.050000000000000000e+02,9.060000000000000000e+02,9.070000000000000000e+02,9.080000000000000000e+02,9.090000000000000000e+02,9.100000000000000000e+02,9.110000000000000000e+02,9.120000000000000000e+02,9.130000000000000000e+02,9.140000000000000000e+02,9.150000000000000000e+02,9.160000000000000000e+02,9.170000000000000000e+02,9.180000000000000000e+02,9.190000000000000000e+02,9.200000000000000000e+02,9.210000000000000000e+02,9.220000000000000000e+02,9.230000000000000000e+02,9.240000000000000000e+02,9.250000000000000000e+02,9.260000000000000000e+02,9.270000000000000000e+02,9.280000000000000000e+02,8.280000000000000000e+02,8.290000000000000000e+02,8.300000000000000000e+02,8.310000000000000000e+02,8.320000000000000000e+02,8.330000000000000000e+02,8.340000000000000000e+02,8.350000000000000000e+02,8.360000000000000000e+02,8.370000000000000000e+02,8.380000000000000000e+02,8.390000000000000000e+02,8.400000000000000000e+02,8.410000000000000000e+02,8.420000000000000000e+02,8.430000000000000000e+02,8.440000000000000000e+02,8.450000000000000000e+02,8.460000000000000000e+02,8.470000000000000000e+02,8.480000000000000000e+02,8.490000000000000000e+02,8.500000000000000000e+02,8.510000000000000000e+02,8.520000000000000000e+02,8.530000000000000000e+02,8.540000000000000000e+02,8.550000000000000000e+02,8.560000000000000000e+02,8.570000000000000000e+02,8.580000000000000000e+02,8.590000000000000000e+02,8.600000000000000000e+02,8.610000000000000000e+02,8.620000000000000000e+02,8.630000000000000000e+02,8.640000000000000000e+02,8.650000000000000000e+02,8.660000000000000000e+02,8.670000000000000000e+02,8.680000000000000000e+02,8.690000000000000000e+02,8.700000000000000000e+02,8.710000000000000000e+02,8.720000000000000000e+02,8.730000000000000000e+02,8.740000000000000000e+02,8.750000000000000000e+02,8.760000000000000000e+02,8.770000000000000000e+02,8.780000000000000000e+02,8.790000000000000000e+02,8.800000000000000000e+02,8.810000000000000000e+02,8.820000000000000000e+02,8.830000000000000000e+02,8.840000000000000000e+02,8.850000000000000000e+02,8.860000000000000000e+02,8.870000000000000000e+02,8.880000000000000000e+02,8.890000000000000000e+02,8.900000000000000000e+02,8.910000000000000000e+02,8.920000000000000000e+02,8.930000000000000000e+02,8.940000000000000000e+02,8.950000000000000000e+02,8.960000000000000000e+02,8.970000000000000000e+02,8.980000000000000000e+02,8.990000000000000000e+02,9.000000000000000000e+02,9.010000000000000000e+02,9.020000000000000000e+02,9.030000000000000000e+02,9.040000000000000000e+02,9.050000000000000000e+02,9.060000000000000000e+02,9.070000000000000000e+02,9.080000000000000000e+02,9.090000000000000000e+02,9.100000000000000000e+02,9.110000000000000000e+02,9.120000000000000000e+02,9.130000000000000000e+02,9.140000000000000000e+02,9.150000000000000000e+02,9.160000000000000000e+02,9.170000000000000000e+02,9.180000000000000000e+02,9.190000000000000000e+02,9.200000000000000000e+02,9.210000000000000000e+02,9.220000000000000000e+02,9.230000000000000000e+02,9.240000000000000000e+02,9.250000000000000000e+02,9.260000000000000000e+02,9.270000000000000000e+02,8.300000000000000000e+02,8.310000000000000000e+02,8.320000000000000000e+02,8.330000000000000000e+02,8.340000000000000000e+02,8.350000000000000000e+02,8.360000000000000000e+02,8.370000000000000000e+02,8.380000000000000000e+02,8.390000000000000000e+02,8.400000000000000000e+02,8.410000000000000000e+02,8.420000000000000000e+02,8.430000000000000000e+02,8.440000000000000000e+02,8.450000000000000000e+02,8.460000000000000000e+02,8.470000000000000000e+02,8.480000000000000000e+02,8.490000000000000000e+02,8.500000000000000000e+02,8.510000000000000000e+02,8.520000000000000000e+02,8.530000000000000000e+02,8.540000000000000000e+02,8.550000000000000000e+02,8.560000000000000000e+02,8.570000000000000000e+02,8.580000000000000000e+02,8.590000000000000000e+02,8.600000000000000000e+02,8.610000000000000000e+02,8.620000000000000000e+02,8.630000000000000000e+02,8.640000000000000000e+02,8.650000000000000000e+02,8.660000000000000000e+02,8.670000000000000000e+02,8.680000000000000000e+02,8.690000000000000000e+02,8.700000000000000000e+02,8.710000000000000000e+02,8.720000000000000000e+02,8.730000000000000000e+02,8.740000000000000000e+02,8.750000000000000000e+02,8.760000000000000000e+02,8.770000000000000000e+02,8.780000000000000000e+02,8.790000000000000000e+02,8.800000000000000000e+02,8.810000000000000000e+02,8.820000000000000000e+02,8.830000000000000000e+02,8.840000000000000000e+02,8.850000000000000000e+02,8.860000000000000000e+02,8.870000000000000000e+02,8.880000000000000000e+02,8.890000000000000000e+02,8.900000000000000000e+02,8.910000000000000000e+02,8.920000000000000000e+02,8.930000000000000000e+02,8.940000000000000000e+02,8.950000000000000000e+02,8.960000000000000000e+02,8.970000000000000000e+02,8.980000000000000000e+02,8.990000000000000000e+02,9.000000000000000000e+02,9.010000000000000000e+02,9.020000000000000000e+02,9.030000000000000000e+02,9.040000000000000000e+02,9.050000000000000000e+02,9.060000000000000000e+02,9.070000000000000000e+02,9.080000000000000000e+02,9.090000000000000000e+02,9.100000000000000000e+02,9.110000000000000000e+02,9.120000000000000000e+02,9.130000000000000000e+02,9.140000000000000000e+02,9.150000000000000000e+02,9.160000000000000000e+02,9.170000000000000000e+02,9.180000000000000000e+02,9.190000000000000000e+02,9.200000000000000000e+02,9.210000000000000000e+02,9.220000000000000000e+02,9.230000000000000000e+02,9.240000000000000000e+02,9.250000000000000000e+02,9.260000000000000000e+02,9.270000000000000000e+02,8.350000000000000000e+02,8.360000000000000000e+02,8.370000000000000000e+02,8.380000000000000000e+02,8.390000000000000000e+02,8.400000000000000000e+02,8.410000000000000000e+02,8.420000000000000000e+02,8.430000000000000000e+02,8.440000000000000000e+02,8.450000000000000000e+02,8.460000000000000000e+02,8.470000000000000000e+02,8.480000000000000000e+02,8.490000000000000000e+02,8.500000000000000000e+02,8.510000000000000000e+02,8.520000000000000000e+02,8.530000000000000000e+02,8.540000000000000000e+02,8.550000000000000000e+02,8.560000000000000000e+02,8.570000000000000000e+02,8.580000000000000000e+02,8.590000000000000000e+02,8.600000000000000000e+02,8.610000000000000000e+02,8.620000000000000000e+02,8.630000000000000000e+02,8.640000000000000000e+02,8.650000000000000000e+02,8.660000000000000000e+02,8.670000000000000000e+02,8.680000000000000000e+02,8.690000000000000000e+02,8.700000000000000000e+02,8.710000000000000000e+02,8.720000000000000000e+02,8.730000000000000000e+02,8.740000000000000000e+02,8.750000000000000000e+02,8.760000000000000000e+02,8.770000000000000000e+02,8.780000000000000000e+02,8.790000000000000000e+02,8.800000000000000000e+02,8.810000000000000000e+02,8.820000000000000000e+02,8.830000000000000000e+02,8.840000000000000000e+02,8.850000000000000000e+02,8.860000000000000000e+02,8.870000000000000000e+02,8.880000000000000000e+02,8.890000000000000000e+02,8.900000000000000000e+02,8.910000000000000000e+02,8.920000000000000000e+02,8.930000000000000000e+02,8.940000000000000000e+02,8.950000000000000000e+02,8.960000000000000000e+02,8.970000000000000000e+02,8.980000000000000000e+02,8.990000000000000000e+02,9.000000000000000000e+02,9.010000000000000000e+02,9.020000000000000000e+02,9.030000000000000000e+02,9.040000000000000000e+02,9.050000000000000000e+02,9.060000000000000000e+02,9.070000000000000000e+02,9.080000000000000000e+02,9.090000000000000000e+02,9.100000000000000000e+02,9.110000000000000000e+02,9.120000000000000000e+02,9.130000000000000000e+02,9.140000000000000000e+02,9.150000000000000000e+02,9.160000000000000000e+02,9.170000000000000000e+02,9.180000000000000000e+02,9.190000000000000000e+02,9.200000000000000000e+02,9.210000000000000000e+02,9.220000000000000000e+02,9.230000000000000000e+02,9.240000000000000000e+02,9.250000000000000000e+02,9.260000000000000000e+02,8.390000000000000000e+02,8.400000000000000000e+02,8.410000000000000000e+02,8.420000000000000000e+02,8.430000000000000000e+02,8.440000000000000000e+02,8.450000000000000000e+02,8.460000000000000000e+02,8.470000000000000000e+02,8.480000000000000000e+02,8.490000000000000000e+02,8.500000000000000000e+02,8.510000000000000000e+02,8.520000000000000000e+02,8.530000000000000000e+02,8.540000000000000000e+02,8.550000000000000000e+02,8.560000000000000000e+02,8.570000000000000000e+02,8.580000000000000000e+02,8.590000000000000000e+02,8.600000000000000000e+02,8.610000000000000000e+02,8.620000000000000000e+02,8.630000000000000000e+02,8.640000000000000000e+02,8.650000000000000000e+02,8.660000000000000000e+02,8.670000000000000000e+02,8.680000000000000000e+02,8.690000000000000000e+02,8.700000000000000000e+02,8.710000000000000000e+02,8.720000000000000000e+02,8.730000000000000000e+02,8.740000000000000000e+02,8.750000000000000000e+02,8.760000000000000000e+02,8.770000000000000000e+02,8.780000000000000000e+02,8.790000000000000000e+02,8.800000000000000000e+02,8.810000000000000000e+02,8.820000000000000000e+02,8.830000000000000000e+02,8.840000000000000000e+02,8.850000000000000000e+02,8.860000000000000000e+02,8.870000000000000000e+02,8.880000000000000000e+02,8.890000000000000000e+02,8.900000000000000000e+02,8.910000000000000000e+02,8.920000000000000000e+02,8.930000000000000000e+02,8.940000000000000000e+02,8.950000000000000000e+02,8.960000000000000000e+02,8.970000000000000000e+02,8.980000000000000000e+02,8.990000000000000000e+02,9.000000000000000000e+02,9.010000000000000000e+02,9.020000000000000000e+02,9.030000000000000000e+02,9.040000000000000000e+02,9.050000000000000000e+02,9.060000000000000000e+02,9.070000000000000000e+02,9.080000000000000000e+02,9.090000000000000000e+02,9.100000000000000000e+02,9.110000000000000000e+02,9.120000000000000000e+02,9.130000000000000000e+02,9.140000000000000000e+02,9.150000000000000000e+02,9.160000000000000000e+02,9.170000000000000000e+02,9.180000000000000000e+02,9.190000000000000000e+02,9.200000000000000000e+02,9.210000000000000000e+02,9.220000000000000000e+02,9.230000000000000000e+02,9.240000000000000000e+02,9.250000000000000000e+02,8.390000000000000000e+02,8.400000000000000000e+02,8.410000000000000000e+02,8.420000000000000000e+02,8.430000000000000000e+02,8.440000000000000000e+02,8.450000000000000000e+02,8.460000000000000000e+02,8.470000000000000000e+02,8.480000000000000000e+02,8.490000000000000000e+02,8.500000000000000000e+02,8.510000000000000000e+02,8.520000000000000000e+02,8.530000000000000000e+02,8.540000000000000000e+02,8.550000000000000000e+02,8.560000000000000000e+02,8.570000000000000000e+02,8.580000000000000000e+02,8.590000000000000000e+02,8.600000000000000000e+02,8.610000000000000000e+02,8.620000000000000000e+02,8.630000000000000000e+02,8.640000000000000000e+02,8.650000000000000000e+02,8.660000000000000000e+02,8.670000000000000000e+02,8.680000000000000000e+02,8.690000000000000000e+02,8.700000000000000000e+02,8.710000000000000000e+02,8.720000000000000000e+02,8.730000000000000000e+02,8.740000000000000000e+02,8.750000000000000000e+02,8.760000000000000000e+02,8.770000000000000000e+02,8.780000000000000000e+02,8.790000000000000000e+02,8.800000000000000000e+02,8.810000000000000000e+02,8.820000000000000000e+02,8.830000000000000000e+02,8.840000000000000000e+02,8.850000000000000000e+02,8.860000000000000000e+02,8.870000000000000000e+02,8.880000000000000000e+02,8.890000000000000000e+02,8.900000000000000000e+02,8.910000000000000000e+02,8.920000000000000000e+02,8.930000000000000000e+02,8.940000000000000000e+02,8.950000000000000000e+02,8.960000000000000000e+02,8.970000000000000000e+02,8.980000000000000000e+02,8.990000000000000000e+02,9.000000000000000000e+02,9.010000000000000000e+02,9.020000000000000000e+02,9.030000000000000000e+02,9.040000000000000000e+02,9.050000000000000000e+02,9.060000000000000000e+02,9.070000000000000000e+02,9.080000000000000000e+02,9.090000000000000000e+02,9.100000000000000000e+02,9.110000000000000000e+02,9.120000000000000000e+02,9.130000000000000000e+02,9.140000000000000000e+02,9.150000000000000000e+02,9.160000000000000000e+02,9.170000000000000000e+02,9.180000000000000000e+02,9.190000000000000000e+02,9.200000000000000000e+02,9.210000000000000000e+02,9.220000000000000000e+02,9.230000000000000000e+02,9.240000000000000000e+02,8.400000000000000000e+02,8.410000000000000000e+02,8.420000000000000000e+02,8.430000000000000000e+02,8.440000000000000000e+02,8.450000000000000000e+02,8.460000000000000000e+02,8.470000000000000000e+02,8.480000000000000000e+02,8.490000000000000000e+02,8.500000000000000000e+02,8.510000000000000000e+02,8.520000000000000000e+02,8.530000000000000000e+02,8.540000000000000000e+02,8.550000000000000000e+02,8.560000000000000000e+02,8.570000000000000000e+02,8.580000000000000000e+02,8.590000000000000000e+02,8.600000000000000000e+02,8.610000000000000000e+02,8.620000000000000000e+02,8.630000000000000000e+02,8.640000000000000000e+02,8.650000000000000000e+02,8.660000000000000000e+02,8.670000000000000000e+02,8.680000000000000000e+02,8.690000000000000000e+02,8.700000000000000000e+02,8.710000000000000000e+02,8.720000000000000000e+02,8.730000000000000000e+02,8.740000000000000000e+02,8.750000000000000000e+02,8.760000000000000000e+02,8.770000000000000000e+02,8.780000000000000000e+02,8.790000000000000000e+02,8.800000000000000000e+02,8.810000000000000000e+02,8.820000000000000000e+02,8.830000000000000000e+02,8.840000000000000000e+02,8.850000000000000000e+02,8.860000000000000000e+02,8.870000000000000000e+02,8.880000000000000000e+02,8.890000000000000000e+02,8.900000000000000000e+02,8.910000000000000000e+02,8.920000000000000000e+02,8.930000000000000000e+02,8.940000000000000000e+02,8.950000000000000000e+02,8.960000000000000000e+02,8.970000000000000000e+02,8.980000000000000000e+02,8.990000000000000000e+02,9.000000000000000000e+02,9.010000000000000000e+02,9.020000000000000000e+02,9.030000000000000000e+02,9.040000000000000000e+02,9.050000000000000000e+02,9.060000000000000000e+02,9.070000000000000000e+02,9.080000000000000000e+02,9.090000000000000000e+02,9.100000000000000000e+02,9.110000000000000000e+02,9.120000000000000000e+02,9.130000000000000000e+02,9.140000000000000000e+02,9.150000000000000000e+02,9.160000000000000000e+02,9.170000000000000000e+02,9.180000000000000000e+02,9.190000000000000000e+02,9.200000000000000000e+02,9.210000000000000000e+02,9.220000000000000000e+02,9.230000000000000000e+02,8.400000000000000000e+02,8.410000000000000000e+02,8.420000000000000000e+02,8.430000000000000000e+02,8.440000000000000000e+02,8.450000000000000000e+02,8.460000000000000000e+02,8.470000000000000000e+02,8.480000000000000000e+02,8.490000000000000000e+02,8.500000000000000000e+02,8.510000000000000000e+02,8.520000000000000000e+02,8.530000000000000000e+02,8.540000000000000000e+02,8.550000000000000000e+02,8.560000000000000000e+02,8.570000000000000000e+02,8.580000000000000000e+02,8.590000000000000000e+02,8.600000000000000000e+02,8.610000000000000000e+02,8.620000000000000000e+02,8.630000000000000000e+02,8.640000000000000000e+02,8.650000000000000000e+02,8.660000000000000000e+02,8.670000000000000000e+02,8.680000000000000000e+02,8.690000000000000000e+02,8.700000000000000000e+02,8.710000000000000000e+02,8.720000000000000000e+02,8.730000000000000000e+02,8.740000000000000000e+02,8.750000000000000000e+02,8.760000000000000000e+02,8.770000000000000000e+02,8.780000000000000000e+02,8.790000000000000000e+02,8.800000000000000000e+02,8.810000000000000000e+02,8.820000000000000000e+02,8.830000000000000000e+02,8.840000000000000000e+02,8.850000000000000000e+02,8.860000000000000000e+02,8.870000000000000000e+02,8.880000000000000000e+02,8.890000000000000000e+02,8.900000000000000000e+02,8.910000000000000000e+02,8.920000000000000000e+02,8.930000000000000000e+02,8.940000000000000000e+02,8.950000000000000000e+02,8.960000000000000000e+02,8.970000000000000000e+02,8.980000000000000000e+02,8.990000000000000000e+02,9.000000000000000000e+02,9.010000000000000000e+02,9.020000000000000000e+02,9.030000000000000000e+02,9.040000000000000000e+02,9.050000000000000000e+02,9.060000000000000000e+02,9.070000000000000000e+02,9.080000000000000000e+02,9.090000000000000000e+02,9.100000000000000000e+02,9.110000000000000000e+02,9.120000000000000000e+02,9.130000000000000000e+02,9.140000000000000000e+02,9.150000000000000000e+02,9.160000000000000000e+02,9.170000000000000000e+02,9.180000000000000000e+02,9.190000000000000000e+02,9.200000000000000000e+02,9.210000000000000000e+02,9.220000000000000000e+02,9.230000000000000000e+02,8.410000000000000000e+02,8.420000000000000000e+02,8.430000000000000000e+02,8.440000000000000000e+02,8.450000000000000000e+02,8.460000000000000000e+02,8.470000000000000000e+02,8.480000000000000000e+02,8.490000000000000000e+02,8.500000000000000000e+02,8.510000000000000000e+02,8.520000000000000000e+02,8.530000000000000000e+02,8.540000000000000000e+02,8.550000000000000000e+02,8.560000000000000000e+02,8.570000000000000000e+02,8.580000000000000000e+02,8.590000000000000000e+02,8.600000000000000000e+02,8.610000000000000000e+02,8.620000000000000000e+02,8.630000000000000000e+02,8.640000000000000000e+02,8.650000000000000000e+02,8.660000000000000000e+02,8.670000000000000000e+02,8.680000000000000000e+02,8.690000000000000000e+02,8.700000000000000000e+02,8.710000000000000000e+02,8.720000000000000000e+02,8.730000000000000000e+02,8.740000000000000000e+02,8.750000000000000000e+02,8.760000000000000000e+02,8.770000000000000000e+02,8.780000000000000000e+02,8.790000000000000000e+02,8.800000000000000000e+02,8.810000000000000000e+02,8.820000000000000000e+02,8.830000000000000000e+02,8.840000000000000000e+02,8.850000000000000000e+02,8.860000000000000000e+02,8.870000000000000000e+02,8.880000000000000000e+02,8.890000000000000000e+02,8.900000000000000000e+02,8.910000000000000000e+02,8.920000000000000000e+02,8.930000000000000000e+02,8.940000000000000000e+02,8.950000000000000000e+02,8.960000000000000000e+02,8.970000000000000000e+02,8.980000000000000000e+02,8.990000000000000000e+02,9.000000000000000000e+02,9.010000000000000000e+02,9.020000000000000000e+02,9.030000000000000000e+02,9.040000000000000000e+02,9.050000000000000000e+02,9.060000000000000000e+02,9.070000000000000000e+02,9.080000000000000000e+02,9.090000000000000000e+02,9.100000000000000000e+02,9.110000000000000000e+02,9.120000000000000000e+02,9.130000000000000000e+02,9.140000000000000000e+02,9.150000000000000000e+02,9.160000000000000000e+02,9.170000000000000000e+02,9.180000000000000000e+02,9.190000000000000000e+02,9.200000000000000000e+02,9.210000000000000000e+02,9.220000000000000000e+02,8.410000000000000000e+02,8.420000000000000000e+02,8.430000000000000000e+02,8.440000000000000000e+02,8.450000000000000000e+02,8.460000000000000000e+02,8.470000000000000000e+02,8.480000000000000000e+02,8.490000000000000000e+02,8.500000000000000000e+02,8.510000000000000000e+02,8.520000000000000000e+02,8.530000000000000000e+02,8.540000000000000000e+02,8.550000000000000000e+02,8.560000000000000000e+02,8.570000000000000000e+02,8.580000000000000000e+02,8.590000000000000000e+02,8.600000000000000000e+02,8.610000000000000000e+02,8.620000000000000000e+02,8.630000000000000000e+02,8.640000000000000000e+02,8.650000000000000000e+02,8.660000000000000000e+02,8.670000000000000000e+02,8.680000000000000000e+02,8.690000000000000000e+02,8.700000000000000000e+02,8.710000000000000000e+02,8.720000000000000000e+02,8.730000000000000000e+02,8.740000000000000000e+02,8.750000000000000000e+02,8.760000000000000000e+02,8.770000000000000000e+02,8.780000000000000000e+02,8.790000000000000000e+02,8.800000000000000000e+02,8.810000000000000000e+02,8.820000000000000000e+02,8.830000000000000000e+02,8.840000000000000000e+02,8.850000000000000000e+02,8.860000000000000000e+02,8.870000000000000000e+02,8.880000000000000000e+02,8.890000000000000000e+02,8.900000000000000000e+02,8.910000000000000000e+02,8.920000000000000000e+02,8.930000000000000000e+02,8.940000000000000000e+02,8.950000000000000000e+02,8.960000000000000000e+02,8.970000000000000000e+02,8.980000000000000000e+02,8.990000000000000000e+02,9.000000000000000000e+02,9.010000000000000000e+02,9.020000000000000000e+02,9.030000000000000000e+02,9.040000000000000000e+02,9.050000000000000000e+02,9.060000000000000000e+02,9.070000000000000000e+02,9.080000000000000000e+02,9.090000000000000000e+02,9.100000000000000000e+02,9.110000000000000000e+02,9.120000000000000000e+02,9.130000000000000000e+02,9.140000000000000000e+02,9.150000000000000000e+02,9.160000000000000000e+02,9.170000000000000000e+02,9.180000000000000000e+02,9.190000000000000000e+02,9.200000000000000000e+02,9.210000000000000000e+02,8.420000000000000000e+02,8.430000000000000000e+02,8.440000000000000000e+02,8.450000000000000000e+02,8.460000000000000000e+02,8.470000000000000000e+02,8.480000000000000000e+02,8.490000000000000000e+02,8.500000000000000000e+02,8.510000000000000000e+02,8.520000000000000000e+02,8.530000000000000000e+02,8.540000000000000000e+02,8.550000000000000000e+02,8.560000000000000000e+02,8.570000000000000000e+02,8.580000000000000000e+02,8.590000000000000000e+02,8.600000000000000000e+02,8.610000000000000000e+02,8.620000000000000000e+02,8.630000000000000000e+02,8.640000000000000000e+02,8.650000000000000000e+02,8.660000000000000000e+02,8.670000000000000000e+02,8.680000000000000000e+02,8.690000000000000000e+02,8.700000000000000000e+02,8.710000000000000000e+02,8.720000000000000000e+02,8.730000000000000000e+02,8.740000000000000000e+02,8.750000000000000000e+02,8.760000000000000000e+02,8.770000000000000000e+02,8.780000000000000000e+02,8.790000000000000000e+02,8.800000000000000000e+02,8.810000000000000000e+02,8.820000000000000000e+02,8.830000000000000000e+02,8.840000000000000000e+02,8.850000000000000000e+02,8.860000000000000000e+02,8.870000000000000000e+02,8.880000000000000000e+02,8.890000000000000000e+02,8.900000000000000000e+02,8.910000000000000000e+02,8.920000000000000000e+02,8.930000000000000000e+02,8.940000000000000000e+02,8.950000000000000000e+02,8.960000000000000000e+02,8.970000000000000000e+02,8.980000000000000000e+02,8.990000000000000000e+02,9.000000000000000000e+02,9.010000000000000000e+02,9.020000000000000000e+02,9.030000000000000000e+02,9.040000000000000000e+02,9.050000000000000000e+02,9.060000000000000000e+02,9.070000000000000000e+02,9.080000000000000000e+02,9.090000000000000000e+02,9.100000000000000000e+02,9.110000000000000000e+02,9.120000000000000000e+02,9.130000000000000000e+02,9.140000000000000000e+02,9.150000000000000000e+02,9.160000000000000000e+02,9.170000000000000000e+02,9.180000000000000000e+02,9.190000000000000000e+02,9.200000000000000000e+02,8.420000000000000000e+02,8.430000000000000000e+02,8.440000000000000000e+02,8.450000000000000000e+02,8.460000000000000000e+02,8.470000000000000000e+02,8.480000000000000000e+02,8.490000000000000000e+02,8.500000000000000000e+02,8.510000000000000000e+02,8.520000000000000000e+02,8.530000000000000000e+02,8.540000000000000000e+02,8.550000000000000000e+02,8.560000000000000000e+02,8.570000000000000000e+02,8.580000000000000000e+02,8.590000000000000000e+02,8.600000000000000000e+02,8.610000000000000000e+02,8.620000000000000000e+02,8.630000000000000000e+02,8.640000000000000000e+02,8.650000000000000000e+02,8.660000000000000000e+02,8.670000000000000000e+02,8.680000000000000000e+02,8.690000000000000000e+02,8.700000000000000000e+02,8.710000000000000000e+02,8.720000000000000000e+02,8.730000000000000000e+02,8.740000000000000000e+02,8.750000000000000000e+02,8.760000000000000000e+02,8.770000000000000000e+02,8.780000000000000000e+02,8.790000000000000000e+02,8.800000000000000000e+02,8.810000000000000000e+02,8.820000000000000000e+02,8.830000000000000000e+02,8.840000000000000000e+02,8.850000000000000000e+02,8.860000000000000000e+02,8.870000000000000000e+02,8.880000000000000000e+02,8.890000000000000000e+02,8.900000000000000000e+02,8.910000000000000000e+02,8.920000000000000000e+02,8.930000000000000000e+02,8.940000000000000000e+02,8.950000000000000000e+02,8.960000000000000000e+02,8.970000000000000000e+02,8.980000000000000000e+02,8.990000000000000000e+02,9.000000000000000000e+02,9.010000000000000000e+02,9.020000000000000000e+02,9.030000000000000000e+02,9.040000000000000000e+02,9.050000000000000000e+02,9.060000000000000000e+02,9.070000000000000000e+02,9.080000000000000000e+02,9.090000000000000000e+02,9.100000000000000000e+02,9.110000000000000000e+02,9.120000000000000000e+02,9.130000000000000000e+02,9.140000000000000000e+02,9.150000000000000000e+02,9.160000000000000000e+02,9.170000000000000000e+02,9.180000000000000000e+02,9.190000000000000000e+02,9.200000000000000000e+02,8.430000000000000000e+02,8.440000000000000000e+02,8.450000000000000000e+02,8.460000000000000000e+02,8.470000000000000000e+02,8.480000000000000000e+02,8.490000000000000000e+02,8.500000000000000000e+02,8.510000000000000000e+02,8.520000000000000000e+02,8.530000000000000000e+02,8.540000000000000000e+02,8.550000000000000000e+02,8.560000000000000000e+02,8.570000000000000000e+02,8.580000000000000000e+02,8.590000000000000000e+02,8.600000000000000000e+02,8.610000000000000000e+02,8.620000000000000000e+02,8.630000000000000000e+02,8.640000000000000000e+02,8.650000000000000000e+02,8.660000000000000000e+02,8.670000000000000000e+02,8.680000000000000000e+02,8.690000000000000000e+02,8.700000000000000000e+02,8.710000000000000000e+02,8.720000000000000000e+02,8.730000000000000000e+02,8.740000000000000000e+02,8.750000000000000000e+02,8.760000000000000000e+02,8.770000000000000000e+02,8.780000000000000000e+02,8.790000000000000000e+02,8.800000000000000000e+02,8.810000000000000000e+02,8.820000000000000000e+02,8.830000000000000000e+02,8.840000000000000000e+02,8.850000000000000000e+02,8.860000000000000000e+02,8.870000000000000000e+02,8.880000000000000000e+02,8.890000000000000000e+02,8.900000000000000000e+02,8.910000000000000000e+02,8.920000000000000000e+02,8.930000000000000000e+02,8.940000000000000000e+02,8.950000000000000000e+02,8.960000000000000000e+02,8.970000000000000000e+02,8.980000000000000000e+02,8.990000000000000000e+02,9.000000000000000000e+02,9.010000000000000000e+02,9.020000000000000000e+02,9.030000000000000000e+02,9.040000000000000000e+02,9.050000000000000000e+02,9.060000000000000000e+02,9.070000000000000000e+02,9.080000000000000000e+02,9.090000000000000000e+02,9.100000000000000000e+02,9.110000000000000000e+02,9.120000000000000000e+02,9.130000000000000000e+02,9.140000000000000000e+02,9.150000000000000000e+02,9.160000000000000000e+02,9.170000000000000000e+02,9.180000000000000000e+02,9.190000000000000000e+02,8.430000000000000000e+02,8.440000000000000000e+02,8.450000000000000000e+02,8.460000000000000000e+02,8.470000000000000000e+02,8.480000000000000000e+02,8.490000000000000000e+02,8.500000000000000000e+02,8.510000000000000000e+02,8.520000000000000000e+02,8.530000000000000000e+02,8.540000000000000000e+02,8.550000000000000000e+02,8.560000000000000000e+02,8.570000000000000000e+02,8.580000000000000000e+02,8.590000000000000000e+02,8.600000000000000000e+02,8.610000000000000000e+02,8.620000000000000000e+02,8.630000000000000000e+02,8.640000000000000000e+02,8.650000000000000000e+02,8.660000000000000000e+02,8.670000000000000000e+02,8.680000000000000000e+02,8.690000000000000000e+02,8.700000000000000000e+02,8.710000000000000000e+02,8.720000000000000000e+02,8.730000000000000000e+02,8.740000000000000000e+02,8.750000000000000000e+02,8.760000000000000000e+02,8.770000000000000000e+02,8.780000000000000000e+02,8.790000000000000000e+02,8.800000000000000000e+02,8.810000000000000000e+02,8.820000000000000000e+02,8.830000000000000000e+02,8.840000000000000000e+02,8.850000000000000000e+02,8.860000000000000000e+02,8.870000000000000000e+02,8.880000000000000000e+02,8.890000000000000000e+02,8.900000000000000000e+02,8.910000000000000000e+02,8.920000000000000000e+02,8.930000000000000000e+02,8.940000000000000000e+02,8.950000000000000000e+02,8.960000000000000000e+02,8.970000000000000000e+02,8.980000000000000000e+02,8.990000000000000000e+02,9.000000000000000000e+02,9.010000000000000000e+02,9.020000000000000000e+02,9.030000000000000000e+02,9.040000000000000000e+02,9.050000000000000000e+02,9.060000000000000000e+02,9.070000000000000000e+02,9.080000000000000000e+02,9.090000000000000000e+02,9.100000000000000000e+02,9.110000000000000000e+02,9.120000000000000000e+02,9.130000000000000000e+02,9.140000000000000000e+02,9.150000000000000000e+02,9.160000000000000000e+02,9.170000000000000000e+02,9.180000000000000000e+02,9.190000000000000000e+02,8.430000000000000000e+02,8.440000000000000000e+02,8.450000000000000000e+02,8.460000000000000000e+02,8.470000000000000000e+02,8.480000000000000000e+02,8.490000000000000000e+02,8.500000000000000000e+02,8.510000000000000000e+02,8.520000000000000000e+02,8.530000000000000000e+02,8.540000000000000000e+02,8.550000000000000000e+02,8.560000000000000000e+02,8.570000000000000000e+02,8.580000000000000000e+02,8.590000000000000000e+02,8.600000000000000000e+02,8.610000000000000000e+02,8.620000000000000000e+02,8.630000000000000000e+02,8.640000000000000000e+02,8.650000000000000000e+02,8.660000000000000000e+02,8.670000000000000000e+02,8.680000000000000000e+02,8.690000000000000000e+02,8.700000000000000000e+02,8.710000000000000000e+02,8.720000000000000000e+02,8.730000000000000000e+02,8.740000000000000000e+02,8.750000000000000000e+02,8.760000000000000000e+02,8.770000000000000000e+02,8.780000000000000000e+02,8.790000000000000000e+02,8.800000000000000000e+02,8.810000000000000000e+02,8.820000000000000000e+02,8.830000000000000000e+02,8.840000000000000000e+02,8.850000000000000000e+02,8.860000000000000000e+02,8.870000000000000000e+02,8.880000000000000000e+02,8.890000000000000000e+02,8.900000000000000000e+02,8.910000000000000000e+02,8.920000000000000000e+02,8.930000000000000000e+02,8.940000000000000000e+02,8.950000000000000000e+02,8.960000000000000000e+02,8.970000000000000000e+02,8.980000000000000000e+02,8.990000000000000000e+02,9.000000000000000000e+02,9.010000000000000000e+02,9.020000000000000000e+02,9.030000000000000000e+02,9.040000000000000000e+02,9.050000000000000000e+02,9.060000000000000000e+02,9.070000000000000000e+02,9.080000000000000000e+02,9.090000000000000000e+02,9.100000000000000000e+02,9.110000000000000000e+02,9.120000000000000000e+02,9.130000000000000000e+02,9.140000000000000000e+02,9.150000000000000000e+02,9.160000000000000000e+02,9.170000000000000000e+02,9.180000000000000000e+02,8.430000000000000000e+02,8.440000000000000000e+02,8.450000000000000000e+02,8.460000000000000000e+02,8.470000000000000000e+02,8.480000000000000000e+02,8.490000000000000000e+02,8.500000000000000000e+02,8.510000000000000000e+02,8.520000000000000000e+02,8.530000000000000000e+02,8.540000000000000000e+02,8.550000000000000000e+02,8.560000000000000000e+02,8.570000000000000000e+02,8.580000000000000000e+02,8.590000000000000000e+02,8.600000000000000000e+02,8.610000000000000000e+02,8.620000000000000000e+02,8.630000000000000000e+02,8.640000000000000000e+02,8.650000000000000000e+02,8.660000000000000000e+02,8.670000000000000000e+02,8.680000000000000000e+02,8.690000000000000000e+02,8.700000000000000000e+02,8.710000000000000000e+02,8.720000000000000000e+02,8.730000000000000000e+02,8.740000000000000000e+02,8.750000000000000000e+02,8.760000000000000000e+02,8.770000000000000000e+02,8.780000000000000000e+02,8.790000000000000000e+02,8.800000000000000000e+02,8.810000000000000000e+02,8.820000000000000000e+02,8.830000000000000000e+02,8.840000000000000000e+02,8.850000000000000000e+02,8.860000000000000000e+02,8.870000000000000000e+02,8.880000000000000000e+02,8.890000000000000000e+02,8.900000000000000000e+02,8.910000000000000000e+02,8.920000000000000000e+02,8.930000000000000000e+02,8.940000000000000000e+02,8.950000000000000000e+02,8.960000000000000000e+02,8.970000000000000000e+02,8.980000000000000000e+02,8.990000000000000000e+02,9.000000000000000000e+02,9.010000000000000000e+02,9.020000000000000000e+02,9.030000000000000000e+02,9.040000000000000000e+02,9.050000000000000000e+02,9.060000000000000000e+02,9.070000000000000000e+02,9.080000000000000000e+02,9.090000000000000000e+02,9.100000000000000000e+02,9.110000000000000000e+02,9.120000000000000000e+02,9.130000000000000000e+02,9.140000000000000000e+02,9.150000000000000000e+02,9.160000000000000000e+02,9.170000000000000000e+02,9.180000000000000000e+02,8.430000000000000000e+02,8.440000000000000000e+02,8.450000000000000000e+02,8.460000000000000000e+02,8.470000000000000000e+02,8.480000000000000000e+02,8.490000000000000000e+02,8.500000000000000000e+02,8.510000000000000000e+02,8.520000000000000000e+02,8.530000000000000000e+02,8.540000000000000000e+02,8.550000000000000000e+02,8.560000000000000000e+02,8.570000000000000000e+02,8.580000000000000000e+02,8.590000000000000000e+02,8.600000000000000000e+02,8.610000000000000000e+02,8.620000000000000000e+02,8.630000000000000000e+02,8.640000000000000000e+02,8.650000000000000000e+02,8.660000000000000000e+02,8.670000000000000000e+02,8.680000000000000000e+02,8.690000000000000000e+02,8.700000000000000000e+02,8.710000000000000000e+02,8.720000000000000000e+02,8.730000000000000000e+02,8.740000000000000000e+02,8.750000000000000000e+02,8.760000000000000000e+02,8.770000000000000000e+02,8.780000000000000000e+02,8.790000000000000000e+02,8.800000000000000000e+02,8.810000000000000000e+02,8.820000000000000000e+02,8.830000000000000000e+02,8.840000000000000000e+02,8.850000000000000000e+02,8.860000000000000000e+02,8.870000000000000000e+02,8.880000000000000000e+02,8.890000000000000000e+02,8.900000000000000000e+02,8.910000000000000000e+02,8.920000000000000000e+02,8.930000000000000000e+02,8.940000000000000000e+02,8.950000000000000000e+02,8.960000000000000000e+02,8.970000000000000000e+02,8.980000000000000000e+02,8.990000000000000000e+02,9.000000000000000000e+02,9.010000000000000000e+02,9.020000000000000000e+02,9.030000000000000000e+02,9.040000000000000000e+02,9.050000000000000000e+02,9.060000000000000000e+02,9.070000000000000000e+02,9.080000000000000000e+02,9.090000000000000000e+02,9.100000000000000000e+02,9.110000000000000000e+02,9.120000000000000000e+02,9.130000000000000000e+02,9.140000000000000000e+02,9.150000000000000000e+02,9.160000000000000000e+02,9.170000000000000000e+02,8.430000000000000000e+02,8.440000000000000000e+02,8.450000000000000000e+02,8.460000000000000000e+02,8.470000000000000000e+02,8.480000000000000000e+02,8.490000000000000000e+02,8.500000000000000000e+02,8.510000000000000000e+02,8.520000000000000000e+02,8.530000000000000000e+02,8.540000000000000000e+02,8.550000000000000000e+02,8.560000000000000000e+02,8.570000000000000000e+02,8.580000000000000000e+02,8.590000000000000000e+02,8.600000000000000000e+02,8.610000000000000000e+02,8.620000000000000000e+02,8.630000000000000000e+02,8.640000000000000000e+02,8.650000000000000000e+02,8.660000000000000000e+02,8.670000000000000000e+02,8.680000000000000000e+02,8.690000000000000000e+02,8.700000000000000000e+02,8.710000000000000000e+02,8.720000000000000000e+02,8.730000000000000000e+02,8.740000000000000000e+02,8.750000000000000000e+02,8.760000000000000000e+02,8.770000000000000000e+02,8.780000000000000000e+02,8.790000000000000000e+02,8.800000000000000000e+02,8.810000000000000000e+02,8.820000000000000000e+02,8.830000000000000000e+02,8.840000000000000000e+02,8.850000000000000000e+02,8.860000000000000000e+02,8.870000000000000000e+02,8.880000000000000000e+02,8.890000000000000000e+02,8.900000000000000000e+02,8.910000000000000000e+02,8.920000000000000000e+02,8.930000000000000000e+02,8.940000000000000000e+02,8.950000000000000000e+02,8.960000000000000000e+02,8.970000000000000000e+02,8.980000000000000000e+02,8.990000000000000000e+02,9.000000000000000000e+02,9.010000000000000000e+02,9.020000000000000000e+02,9.030000000000000000e+02,9.040000000000000000e+02,9.050000000000000000e+02,9.060000000000000000e+02,9.070000000000000000e+02,9.080000000000000000e+02,9.090000000000000000e+02,9.100000000000000000e+02,9.110000000000000000e+02,9.120000000000000000e+02,9.130000000000000000e+02,9.140000000000000000e+02,9.150000000000000000e+02,9.160000000000000000e+02,9.170000000000000000e+02,8.430000000000000000e+02,8.440000000000000000e+02,8.450000000000000000e+02,8.460000000000000000e+02,8.470000000000000000e+02,8.480000000000000000e+02,8.490000000000000000e+02,8.500000000000000000e+02,8.510000000000000000e+02,8.520000000000000000e+02,8.530000000000000000e+02,8.540000000000000000e+02,8.550000000000000000e+02,8.560000000000000000e+02,8.570000000000000000e+02,8.580000000000000000e+02,8.590000000000000000e+02,8.600000000000000000e+02,8.610000000000000000e+02,8.620000000000000000e+02,8.630000000000000000e+02,8.640000000000000000e+02,8.650000000000000000e+02,8.660000000000000000e+02,8.670000000000000000e+02,8.680000000000000000e+02,8.690000000000000000e+02,8.700000000000000000e+02,8.710000000000000000e+02,8.720000000000000000e+02,8.730000000000000000e+02,8.740000000000000000e+02,8.750000000000000000e+02,8.760000000000000000e+02,8.770000000000000000e+02,8.780000000000000000e+02,8.790000000000000000e+02,8.800000000000000000e+02,8.810000000000000000e+02,8.820000000000000000e+02,8.830000000000000000e+02,8.840000000000000000e+02,8.850000000000000000e+02,8.860000000000000000e+02,8.870000000000000000e+02,8.880000000000000000e+02,8.890000000000000000e+02,8.900000000000000000e+02,8.910000000000000000e+02,8.920000000000000000e+02,8.930000000000000000e+02,8.940000000000000000e+02,8.950000000000000000e+02,8.960000000000000000e+02,8.970000000000000000e+02,8.980000000000000000e+02,8.990000000000000000e+02,9.000000000000000000e+02,9.010000000000000000e+02,9.020000000000000000e+02,9.030000000000000000e+02,9.040000000000000000e+02,9.050000000000000000e+02,9.060000000000000000e+02,9.070000000000000000e+02,9.080000000000000000e+02,9.090000000000000000e+02,9.100000000000000000e+02,9.110000000000000000e+02,9.120000000000000000e+02,9.130000000000000000e+02,9.140000000000000000e+02,9.150000000000000000e+02,9.160000000000000000e+02,8.430000000000000000e+02,8.440000000000000000e+02,8.450000000000000000e+02,8.460000000000000000e+02,8.470000000000000000e+02,8.480000000000000000e+02,8.490000000000000000e+02,8.500000000000000000e+02,8.510000000000000000e+02,8.520000000000000000e+02,8.530000000000000000e+02,8.540000000000000000e+02,8.550000000000000000e+02,8.560000000000000000e+02,8.570000000000000000e+02,8.580000000000000000e+02,8.590000000000000000e+02,8.600000000000000000e+02,8.610000000000000000e+02,8.620000000000000000e+02,8.630000000000000000e+02,8.640000000000000000e+02,8.650000000000000000e+02,8.660000000000000000e+02,8.670000000000000000e+02,8.680000000000000000e+02,8.690000000000000000e+02,8.700000000000000000e+02,8.710000000000000000e+02,8.720000000000000000e+02,8.730000000000000000e+02,8.740000000000000000e+02,8.750000000000000000e+02,8.760000000000000000e+02,8.770000000000000000e+02,8.780000000000000000e+02,8.790000000000000000e+02,8.800000000000000000e+02,8.810000000000000000e+02,8.820000000000000000e+02,8.830000000000000000e+02,8.840000000000000000e+02,8.850000000000000000e+02,8.860000000000000000e+02,8.870000000000000000e+02,8.880000000000000000e+02,8.890000000000000000e+02,8.900000000000000000e+02,8.910000000000000000e+02,8.920000000000000000e+02,8.930000000000000000e+02,8.940000000000000000e+02,8.950000000000000000e+02,8.960000000000000000e+02,8.970000000000000000e+02,8.980000000000000000e+02,8.990000000000000000e+02,9.000000000000000000e+02,9.010000000000000000e+02,9.020000000000000000e+02,9.030000000000000000e+02,9.040000000000000000e+02,9.050000000000000000e+02,9.060000000000000000e+02,9.070000000000000000e+02,9.080000000000000000e+02,9.090000000000000000e+02,9.100000000000000000e+02,9.110000000000000000e+02,9.120000000000000000e+02,9.130000000000000000e+02,9.140000000000000000e+02,9.150000000000000000e+02,9.160000000000000000e+02,8.430000000000000000e+02,8.440000000000000000e+02,8.450000000000000000e+02,8.460000000000000000e+02,8.470000000000000000e+02,8.480000000000000000e+02,8.490000000000000000e+02,8.500000000000000000e+02,8.510000000000000000e+02,8.520000000000000000e+02,8.530000000000000000e+02,8.540000000000000000e+02,8.550000000000000000e+02,8.560000000000000000e+02,8.570000000000000000e+02,8.580000000000000000e+02,8.590000000000000000e+02,8.600000000000000000e+02,8.610000000000000000e+02,8.620000000000000000e+02,8.630000000000000000e+02,8.640000000000000000e+02,8.650000000000000000e+02,8.660000000000000000e+02,8.670000000000000000e+02,8.680000000000000000e+02,8.690000000000000000e+02,8.700000000000000000e+02,8.710000000000000000e+02,8.720000000000000000e+02,8.730000000000000000e+02,8.740000000000000000e+02,8.750000000000000000e+02,8.760000000000000000e+02,8.770000000000000000e+02,8.780000000000000000e+02,8.790000000000000000e+02,8.800000000000000000e+02,8.810000000000000000e+02,8.820000000000000000e+02,8.830000000000000000e+02,8.840000000000000000e+02,8.850000000000000000e+02,8.860000000000000000e+02,8.870000000000000000e+02,8.880000000000000000e+02,8.890000000000000000e+02,8.900000000000000000e+02,8.910000000000000000e+02,8.920000000000000000e+02,8.930000000000000000e+02,8.940000000000000000e+02,8.950000000000000000e+02,8.960000000000000000e+02,8.970000000000000000e+02,8.980000000000000000e+02,8.990000000000000000e+02,9.000000000000000000e+02,9.010000000000000000e+02,9.020000000000000000e+02,9.030000000000000000e+02,9.040000000000000000e+02,9.050000000000000000e+02,9.060000000000000000e+02,9.070000000000000000e+02,9.080000000000000000e+02,9.090000000000000000e+02,9.100000000000000000e+02,9.110000000000000000e+02,9.120000000000000000e+02,9.130000000000000000e+02,9.140000000000000000e+02,9.150000000000000000e+02,8.430000000000000000e+02,8.440000000000000000e+02,8.450000000000000000e+02,8.460000000000000000e+02,8.470000000000000000e+02,8.480000000000000000e+02,8.490000000000000000e+02,8.500000000000000000e+02,8.510000000000000000e+02,8.520000000000000000e+02,8.530000000000000000e+02,8.540000000000000000e+02,8.550000000000000000e+02,8.560000000000000000e+02,8.570000000000000000e+02,8.580000000000000000e+02,8.590000000000000000e+02,8.600000000000000000e+02,8.610000000000000000e+02,8.620000000000000000e+02,8.630000000000000000e+02,8.640000000000000000e+02,8.650000000000000000e+02,8.660000000000000000e+02,8.670000000000000000e+02,8.680000000000000000e+02,8.690000000000000000e+02,8.700000000000000000e+02,8.710000000000000000e+02,8.720000000000000000e+02,8.730000000000000000e+02,8.740000000000000000e+02,8.750000000000000000e+02,8.760000000000000000e+02,8.770000000000000000e+02,8.780000000000000000e+02,8.790000000000000000e+02,8.800000000000000000e+02,8.810000000000000000e+02,8.820000000000000000e+02,8.830000000000000000e+02,8.840000000000000000e+02,8.850000000000000000e+02,8.860000000000000000e+02,8.870000000000000000e+02,8.880000000000000000e+02,8.890000000000000000e+02,8.900000000000000000e+02,8.910000000000000000e+02,8.920000000000000000e+02,8.930000000000000000e+02,8.940000000000000000e+02,8.950000000000000000e+02,8.960000000000000000e+02,8.970000000000000000e+02,8.980000000000000000e+02,8.990000000000000000e+02,9.000000000000000000e+02,9.010000000000000000e+02,9.020000000000000000e+02,9.030000000000000000e+02,9.040000000000000000e+02,9.050000000000000000e+02,9.060000000000000000e+02,9.070000000000000000e+02,9.080000000000000000e+02,9.090000000000000000e+02,9.100000000000000000e+02,9.110000000000000000e+02,9.120000000000000000e+02,9.130000000000000000e+02,9.140000000000000000e+02,9.150000000000000000e+02,8.430000000000000000e+02,8.440000000000000000e+02,8.450000000000000000e+02,8.460000000000000000e+02,8.470000000000000000e+02,8.480000000000000000e+02,8.490000000000000000e+02,8.500000000000000000e+02,8.510000000000000000e+02,8.520000000000000000e+02,8.530000000000000000e+02,8.540000000000000000e+02,8.550000000000000000e+02,8.560000000000000000e+02,8.570000000000000000e+02,8.580000000000000000e+02,8.590000000000000000e+02,8.600000000000000000e+02,8.610000000000000000e+02,8.620000000000000000e+02,8.630000000000000000e+02,8.640000000000000000e+02,8.650000000000000000e+02,8.660000000000000000e+02,8.670000000000000000e+02,8.680000000000000000e+02,8.690000000000000000e+02,8.700000000000000000e+02,8.710000000000000000e+02,8.720000000000000000e+02,8.730000000000000000e+02,8.740000000000000000e+02,8.750000000000000000e+02,8.760000000000000000e+02,8.770000000000000000e+02,8.780000000000000000e+02,8.790000000000000000e+02,8.800000000000000000e+02,8.810000000000000000e+02,8.820000000000000000e+02,8.830000000000000000e+02,8.840000000000000000e+02,8.850000000000000000e+02,8.860000000000000000e+02,8.870000000000000000e+02,8.880000000000000000e+02,8.890000000000000000e+02,8.900000000000000000e+02,8.910000000000000000e+02,8.920000000000000000e+02,8.930000000000000000e+02,8.940000000000000000e+02,8.950000000000000000e+02,8.960000000000000000e+02,8.970000000000000000e+02,8.980000000000000000e+02,8.990000000000000000e+02,9.000000000000000000e+02,9.010000000000000000e+02,9.020000000000000000e+02,9.030000000000000000e+02,9.040000000000000000e+02,9.050000000000000000e+02,9.060000000000000000e+02,9.070000000000000000e+02,9.080000000000000000e+02,9.090000000000000000e+02,9.100000000000000000e+02,9.110000000000000000e+02,9.120000000000000000e+02,9.130000000000000000e+02,9.140000000000000000e+02,8.430000000000000000e+02,8.440000000000000000e+02,8.450000000000000000e+02,8.460000000000000000e+02,8.470000000000000000e+02,8.480000000000000000e+02,8.490000000000000000e+02,8.500000000000000000e+02,8.510000000000000000e+02,8.520000000000000000e+02,8.530000000000000000e+02,8.540000000000000000e+02,8.550000000000000000e+02,8.560000000000000000e+02,8.570000000000000000e+02,8.580000000000000000e+02,8.590000000000000000e+02,8.600000000000000000e+02,8.610000000000000000e+02,8.620000000000000000e+02,8.630000000000000000e+02,8.640000000000000000e+02,8.650000000000000000e+02,8.660000000000000000e+02,8.670000000000000000e+02,8.680000000000000000e+02,8.690000000000000000e+02,8.700000000000000000e+02,8.710000000000000000e+02,8.720000000000000000e+02,8.730000000000000000e+02,8.740000000000000000e+02,8.750000000000000000e+02,8.760000000000000000e+02,8.770000000000000000e+02,8.780000000000000000e+02,8.790000000000000000e+02,8.800000000000000000e+02,8.810000000000000000e+02,8.820000000000000000e+02,8.830000000000000000e+02,8.840000000000000000e+02,8.850000000000000000e+02,8.860000000000000000e+02,8.870000000000000000e+02,8.880000000000000000e+02,8.890000000000000000e+02,8.900000000000000000e+02,8.910000000000000000e+02,8.920000000000000000e+02,8.930000000000000000e+02,8.940000000000000000e+02,8.950000000000000000e+02,8.960000000000000000e+02,8.970000000000000000e+02,8.980000000000000000e+02,8.990000000000000000e+02,9.000000000000000000e+02,9.010000000000000000e+02,9.020000000000000000e+02,9.030000000000000000e+02,9.040000000000000000e+02,9.050000000000000000e+02,9.060000000000000000e+02,9.070000000000000000e+02,9.080000000000000000e+02,9.090000000000000000e+02,9.100000000000000000e+02,9.110000000000000000e+02,9.120000000000000000e+02,9.130000000000000000e+02,9.140000000000000000e+02,8.430000000000000000e+02,8.440000000000000000e+02,8.450000000000000000e+02,8.460000000000000000e+02,8.470000000000000000e+02,8.480000000000000000e+02,8.490000000000000000e+02,8.500000000000000000e+02,8.510000000000000000e+02,8.520000000000000000e+02,8.530000000000000000e+02,8.540000000000000000e+02,8.550000000000000000e+02,8.560000000000000000e+02,8.570000000000000000e+02,8.580000000000000000e+02,8.590000000000000000e+02,8.600000000000000000e+02,8.610000000000000000e+02,8.620000000000000000e+02,8.630000000000000000e+02,8.640000000000000000e+02,8.650000000000000000e+02,8.660000000000000000e+02,8.670000000000000000e+02,8.680000000000000000e+02,8.690000000000000000e+02,8.700000000000000000e+02,8.710000000000000000e+02,8.720000000000000000e+02,8.730000000000000000e+02,8.740000000000000000e+02,8.750000000000000000e+02,8.760000000000000000e+02,8.770000000000000000e+02,8.780000000000000000e+02,8.790000000000000000e+02,8.800000000000000000e+02,8.810000000000000000e+02,8.820000000000000000e+02,8.830000000000000000e+02,8.840000000000000000e+02,8.850000000000000000e+02,8.860000000000000000e+02,8.870000000000000000e+02,8.880000000000000000e+02,8.890000000000000000e+02,8.900000000000000000e+02,8.910000000000000000e+02,8.920000000000000000e+02,8.930000000000000000e+02,8.940000000000000000e+02,8.950000000000000000e+02,8.960000000000000000e+02,8.970000000000000000e+02,8.980000000000000000e+02,8.990000000000000000e+02,9.000000000000000000e+02,9.010000000000000000e+02,9.020000000000000000e+02,9.030000000000000000e+02,9.040000000000000000e+02,9.050000000000000000e+02,9.060000000000000000e+02,9.070000000000000000e+02,9.080000000000000000e+02,9.090000000000000000e+02,9.100000000000000000e+02,9.110000000000000000e+02,9.120000000000000000e+02,9.130000000000000000e+02,8.430000000000000000e+02,8.440000000000000000e+02,8.450000000000000000e+02,8.460000000000000000e+02,8.470000000000000000e+02,8.480000000000000000e+02,8.490000000000000000e+02,8.500000000000000000e+02,8.510000000000000000e+02,8.520000000000000000e+02,8.530000000000000000e+02,8.540000000000000000e+02,8.550000000000000000e+02,8.560000000000000000e+02,8.570000000000000000e+02,8.580000000000000000e+02,8.590000000000000000e+02,8.600000000000000000e+02,8.610000000000000000e+02,8.620000000000000000e+02,8.630000000000000000e+02,8.640000000000000000e+02,8.650000000000000000e+02,8.660000000000000000e+02,8.670000000000000000e+02,8.680000000000000000e+02,8.690000000000000000e+02,8.700000000000000000e+02,8.710000000000000000e+02,8.720000000000000000e+02,8.730000000000000000e+02,8.740000000000000000e+02,8.750000000000000000e+02,8.760000000000000000e+02,8.770000000000000000e+02,8.780000000000000000e+02,8.790000000000000000e+02,8.800000000000000000e+02,8.810000000000000000e+02,8.820000000000000000e+02,8.830000000000000000e+02,8.840000000000000000e+02,8.850000000000000000e+02,8.860000000000000000e+02,8.870000000000000000e+02,8.880000000000000000e+02,8.890000000000000000e+02,8.900000000000000000e+02,8.910000000000000000e+02,8.920000000000000000e+02,8.930000000000000000e+02,8.940000000000000000e+02,8.950000000000000000e+02,8.960000000000000000e+02,8.970000000000000000e+02,8.980000000000000000e+02,8.990000000000000000e+02,9.000000000000000000e+02,9.010000000000000000e+02,9.020000000000000000e+02,9.030000000000000000e+02,9.040000000000000000e+02,9.050000000000000000e+02,9.060000000000000000e+02,9.070000000000000000e+02,9.080000000000000000e+02,9.090000000000000000e+02,9.100000000000000000e+02,9.110000000000000000e+02,9.120000000000000000e+02,9.130000000000000000e+02,8.430000000000000000e+02,8.440000000000000000e+02,8.450000000000000000e+02,8.460000000000000000e+02,8.470000000000000000e+02,8.480000000000000000e+02,8.490000000000000000e+02,8.500000000000000000e+02,8.510000000000000000e+02,8.520000000000000000e+02,8.530000000000000000e+02,8.540000000000000000e+02,8.550000000000000000e+02,8.560000000000000000e+02,8.570000000000000000e+02,8.580000000000000000e+02,8.590000000000000000e+02,8.600000000000000000e+02,8.610000000000000000e+02,8.620000000000000000e+02,8.630000000000000000e+02,8.640000000000000000e+02,8.650000000000000000e+02,8.660000000000000000e+02,8.670000000000000000e+02,8.680000000000000000e+02,8.690000000000000000e+02,8.700000000000000000e+02,8.710000000000000000e+02,8.720000000000000000e+02,8.730000000000000000e+02,8.740000000000000000e+02,8.750000000000000000e+02,8.760000000000000000e+02,8.770000000000000000e+02,8.780000000000000000e+02,8.790000000000000000e+02,8.800000000000000000e+02,8.810000000000000000e+02,8.820000000000000000e+02,8.830000000000000000e+02,8.840000000000000000e+02,8.850000000000000000e+02,8.860000000000000000e+02,8.870000000000000000e+02,8.880000000000000000e+02,8.890000000000000000e+02,8.900000000000000000e+02,8.910000000000000000e+02,8.920000000000000000e+02,8.930000000000000000e+02,8.940000000000000000e+02,8.950000000000000000e+02,8.960000000000000000e+02,8.970000000000000000e+02,8.980000000000000000e+02,8.990000000000000000e+02,9.000000000000000000e+02,9.010000000000000000e+02,9.020000000000000000e+02,9.030000000000000000e+02,9.040000000000000000e+02,9.050000000000000000e+02,9.060000000000000000e+02,9.070000000000000000e+02,9.080000000000000000e+02,9.090000000000000000e+02,9.100000000000000000e+02,9.110000000000000000e+02,9.120000000000000000e+02,8.430000000000000000e+02,8.440000000000000000e+02,8.450000000000000000e+02,8.460000000000000000e+02,8.470000000000000000e+02,8.480000000000000000e+02,8.490000000000000000e+02,8.500000000000000000e+02,8.510000000000000000e+02,8.520000000000000000e+02,8.530000000000000000e+02,8.540000000000000000e+02,8.550000000000000000e+02,8.560000000000000000e+02,8.570000000000000000e+02,8.580000000000000000e+02,8.590000000000000000e+02,8.600000000000000000e+02,8.610000000000000000e+02,8.620000000000000000e+02,8.630000000000000000e+02,8.640000000000000000e+02,8.650000000000000000e+02,8.660000000000000000e+02,8.670000000000000000e+02,8.680000000000000000e+02,8.690000000000000000e+02,8.700000000000000000e+02,8.710000000000000000e+02,8.720000000000000000e+02,8.730000000000000000e+02,8.740000000000000000e+02,8.750000000000000000e+02,8.760000000000000000e+02,8.770000000000000000e+02,8.780000000000000000e+02,8.790000000000000000e+02,8.800000000000000000e+02,8.810000000000000000e+02,8.820000000000000000e+02,8.830000000000000000e+02,8.840000000000000000e+02,8.850000000000000000e+02,8.860000000000000000e+02,8.870000000000000000e+02,8.880000000000000000e+02,8.890000000000000000e+02,8.900000000000000000e+02,8.910000000000000000e+02,8.920000000000000000e+02,8.930000000000000000e+02,8.940000000000000000e+02,8.950000000000000000e+02,8.960000000000000000e+02,8.970000000000000000e+02,8.980000000000000000e+02,8.990000000000000000e+02,9.000000000000000000e+02,9.010000000000000000e+02,9.020000000000000000e+02,9.030000000000000000e+02,9.040000000000000000e+02,9.050000000000000000e+02,9.060000000000000000e+02,9.070000000000000000e+02,9.080000000000000000e+02,9.090000000000000000e+02,9.100000000000000000e+02,9.110000000000000000e+02,9.120000000000000000e+02,8.430000000000000000e+02,8.440000000000000000e+02,8.450000000000000000e+02,8.460000000000000000e+02,8.470000000000000000e+02,8.480000000000000000e+02,8.490000000000000000e+02,8.500000000000000000e+02,8.510000000000000000e+02,8.520000000000000000e+02,8.530000000000000000e+02,8.540000000000000000e+02,8.550000000000000000e+02,8.560000000000000000e+02,8.570000000000000000e+02,8.580000000000000000e+02,8.590000000000000000e+02,8.600000000000000000e+02,8.610000000000000000e+02,8.620000000000000000e+02,8.630000000000000000e+02,8.640000000000000000e+02,8.650000000000000000e+02,8.660000000000000000e+02,8.670000000000000000e+02,8.680000000000000000e+02,8.690000000000000000e+02,8.700000000000000000e+02,8.710000000000000000e+02,8.720000000000000000e+02,8.730000000000000000e+02,8.740000000000000000e+02,8.750000000000000000e+02,8.760000000000000000e+02,8.770000000000000000e+02,8.780000000000000000e+02,8.790000000000000000e+02,8.800000000000000000e+02,8.810000000000000000e+02,8.820000000000000000e+02,8.830000000000000000e+02,8.840000000000000000e+02,8.850000000000000000e+02,8.860000000000000000e+02,8.870000000000000000e+02,8.880000000000000000e+02,8.890000000000000000e+02,8.900000000000000000e+02,8.910000000000000000e+02,8.920000000000000000e+02,8.930000000000000000e+02,8.940000000000000000e+02,8.950000000000000000e+02,8.960000000000000000e+02,8.970000000000000000e+02,8.980000000000000000e+02,8.990000000000000000e+02,9.000000000000000000e+02,9.010000000000000000e+02,9.020000000000000000e+02,9.030000000000000000e+02,9.040000000000000000e+02,9.050000000000000000e+02,9.060000000000000000e+02,9.070000000000000000e+02,9.080000000000000000e+02,9.090000000000000000e+02,9.100000000000000000e+02,9.110000000000000000e+02,8.430000000000000000e+02,8.440000000000000000e+02,8.450000000000000000e+02,8.460000000000000000e+02,8.470000000000000000e+02,8.480000000000000000e+02,8.490000000000000000e+02,8.500000000000000000e+02,8.510000000000000000e+02,8.520000000000000000e+02,8.530000000000000000e+02,8.540000000000000000e+02,8.550000000000000000e+02,8.560000000000000000e+02,8.570000000000000000e+02,8.580000000000000000e+02,8.590000000000000000e+02,8.600000000000000000e+02,8.610000000000000000e+02,8.620000000000000000e+02,8.630000000000000000e+02,8.640000000000000000e+02,8.650000000000000000e+02,8.660000000000000000e+02,8.670000000000000000e+02,8.680000000000000000e+02,8.690000000000000000e+02,8.700000000000000000e+02,8.710000000000000000e+02,8.720000000000000000e+02,8.730000000000000000e+02,8.740000000000000000e+02,8.750000000000000000e+02,8.760000000000000000e+02,8.770000000000000000e+02,8.780000000000000000e+02,8.790000000000000000e+02,8.800000000000000000e+02,8.810000000000000000e+02,8.820000000000000000e+02,8.830000000000000000e+02,8.840000000000000000e+02,8.850000000000000000e+02,8.860000000000000000e+02,8.870000000000000000e+02,8.880000000000000000e+02,8.890000000000000000e+02,8.900000000000000000e+02,8.910000000000000000e+02,8.920000000000000000e+02,8.930000000000000000e+02,8.940000000000000000e+02,8.950000000000000000e+02,8.960000000000000000e+02,8.970000000000000000e+02,8.980000000000000000e+02,8.990000000000000000e+02,9.000000000000000000e+02,9.010000000000000000e+02,9.020000000000000000e+02,9.030000000000000000e+02,9.040000000000000000e+02,9.050000000000000000e+02,9.060000000000000000e+02,9.070000000000000000e+02,9.080000000000000000e+02,9.090000000000000000e+02,9.100000000000000000e+02,8.430000000000000000e+02,8.440000000000000000e+02,8.450000000000000000e+02,8.460000000000000000e+02,8.470000000000000000e+02,8.480000000000000000e+02,8.490000000000000000e+02,8.500000000000000000e+02,8.510000000000000000e+02,8.520000000000000000e+02,8.530000000000000000e+02,8.540000000000000000e+02,8.550000000000000000e+02,8.560000000000000000e+02,8.570000000000000000e+02,8.580000000000000000e+02,8.590000000000000000e+02,8.600000000000000000e+02,8.610000000000000000e+02,8.620000000000000000e+02,8.630000000000000000e+02,8.640000000000000000e+02,8.650000000000000000e+02,8.660000000000000000e+02,8.670000000000000000e+02,8.680000000000000000e+02,8.690000000000000000e+02,8.700000000000000000e+02,8.710000000000000000e+02,8.720000000000000000e+02,8.730000000000000000e+02,8.740000000000000000e+02,8.750000000000000000e+02,8.760000000000000000e+02,8.770000000000000000e+02,8.780000000000000000e+02,8.790000000000000000e+02,8.800000000000000000e+02,8.810000000000000000e+02,8.820000000000000000e+02,8.830000000000000000e+02,8.840000000000000000e+02,8.850000000000000000e+02,8.860000000000000000e+02,8.870000000000000000e+02,8.880000000000000000e+02,8.890000000000000000e+02,8.900000000000000000e+02,8.910000000000000000e+02,8.920000000000000000e+02,8.930000000000000000e+02,8.940000000000000000e+02,8.950000000000000000e+02,8.960000000000000000e+02,8.970000000000000000e+02,8.980000000000000000e+02,8.990000000000000000e+02,9.000000000000000000e+02,9.010000000000000000e+02,9.020000000000000000e+02,9.030000000000000000e+02,9.040000000000000000e+02,9.050000000000000000e+02,9.060000000000000000e+02,9.070000000000000000e+02,9.080000000000000000e+02,9.090000000000000000e+02,9.100000000000000000e+02,8.430000000000000000e+02,8.440000000000000000e+02,8.450000000000000000e+02,8.460000000000000000e+02,8.470000000000000000e+02,8.480000000000000000e+02,8.490000000000000000e+02,8.500000000000000000e+02,8.510000000000000000e+02,8.520000000000000000e+02,8.530000000000000000e+02,8.540000000000000000e+02,8.550000000000000000e+02,8.560000000000000000e+02,8.570000000000000000e+02,8.580000000000000000e+02,8.590000000000000000e+02,8.600000000000000000e+02,8.610000000000000000e+02,8.620000000000000000e+02,8.630000000000000000e+02,8.640000000000000000e+02,8.650000000000000000e+02,8.660000000000000000e+02,8.670000000000000000e+02,8.680000000000000000e+02,8.690000000000000000e+02,8.700000000000000000e+02,8.710000000000000000e+02,8.720000000000000000e+02,8.730000000000000000e+02,8.740000000000000000e+02,8.750000000000000000e+02,8.760000000000000000e+02,8.770000000000000000e+02,8.780000000000000000e+02,8.790000000000000000e+02,8.800000000000000000e+02,8.810000000000000000e+02,8.820000000000000000e+02,8.830000000000000000e+02,8.840000000000000000e+02,8.850000000000000000e+02,8.860000000000000000e+02,8.870000000000000000e+02,8.880000000000000000e+02,8.890000000000000000e+02,8.900000000000000000e+02,8.910000000000000000e+02,8.920000000000000000e+02,8.930000000000000000e+02,8.940000000000000000e+02,8.950000000000000000e+02,8.960000000000000000e+02,8.970000000000000000e+02,8.980000000000000000e+02,8.990000000000000000e+02,9.000000000000000000e+02,9.010000000000000000e+02,9.020000000000000000e+02,9.030000000000000000e+02,9.040000000000000000e+02,9.050000000000000000e+02,9.060000000000000000e+02,9.070000000000000000e+02,9.080000000000000000e+02,9.090000000000000000e+02,8.430000000000000000e+02,8.440000000000000000e+02,8.450000000000000000e+02,8.460000000000000000e+02,8.470000000000000000e+02,8.480000000000000000e+02,8.490000000000000000e+02,8.500000000000000000e+02,8.510000000000000000e+02,8.520000000000000000e+02,8.530000000000000000e+02,8.540000000000000000e+02,8.550000000000000000e+02,8.560000000000000000e+02,8.570000000000000000e+02,8.580000000000000000e+02,8.590000000000000000e+02,8.600000000000000000e+02,8.610000000000000000e+02,8.620000000000000000e+02,8.630000000000000000e+02,8.640000000000000000e+02,8.650000000000000000e+02,8.660000000000000000e+02,8.670000000000000000e+02,8.680000000000000000e+02,8.690000000000000000e+02,8.700000000000000000e+02,8.710000000000000000e+02,8.720000000000000000e+02,8.730000000000000000e+02,8.740000000000000000e+02,8.750000000000000000e+02,8.760000000000000000e+02,8.770000000000000000e+02,8.780000000000000000e+02,8.790000000000000000e+02,8.800000000000000000e+02,8.810000000000000000e+02,8.820000000000000000e+02,8.830000000000000000e+02,8.840000000000000000e+02,8.850000000000000000e+02,8.860000000000000000e+02,8.870000000000000000e+02,8.880000000000000000e+02,8.890000000000000000e+02,8.900000000000000000e+02,8.910000000000000000e+02,8.920000000000000000e+02,8.930000000000000000e+02,8.940000000000000000e+02,8.950000000000000000e+02,8.960000000000000000e+02,8.970000000000000000e+02,8.980000000000000000e+02,8.990000000000000000e+02,9.000000000000000000e+02,9.010000000000000000e+02,9.020000000000000000e+02,9.030000000000000000e+02,9.040000000000000000e+02,9.050000000000000000e+02,9.060000000000000000e+02,9.070000000000000000e+02,9.080000000000000000e+02,8.430000000000000000e+02,8.440000000000000000e+02,8.450000000000000000e+02,8.460000000000000000e+02,8.470000000000000000e+02,8.480000000000000000e+02,8.490000000000000000e+02,8.500000000000000000e+02,8.510000000000000000e+02,8.520000000000000000e+02,8.530000000000000000e+02,8.540000000000000000e+02,8.550000000000000000e+02,8.560000000000000000e+02,8.570000000000000000e+02,8.580000000000000000e+02,8.590000000000000000e+02,8.600000000000000000e+02,8.610000000000000000e+02,8.620000000000000000e+02,8.630000000000000000e+02,8.640000000000000000e+02,8.650000000000000000e+02,8.660000000000000000e+02,8.670000000000000000e+02,8.680000000000000000e+02,8.690000000000000000e+02,8.700000000000000000e+02,8.710000000000000000e+02,8.720000000000000000e+02,8.730000000000000000e+02,8.740000000000000000e+02,8.750000000000000000e+02,8.760000000000000000e+02,8.770000000000000000e+02,8.780000000000000000e+02,8.790000000000000000e+02,8.800000000000000000e+02,8.810000000000000000e+02,8.820000000000000000e+02,8.830000000000000000e+02,8.840000000000000000e+02,8.850000000000000000e+02,8.860000000000000000e+02,8.870000000000000000e+02,8.880000000000000000e+02,8.890000000000000000e+02,8.900000000000000000e+02,8.910000000000000000e+02,8.920000000000000000e+02,8.930000000000000000e+02,8.940000000000000000e+02,8.950000000000000000e+02,8.960000000000000000e+02,8.970000000000000000e+02,8.980000000000000000e+02,8.990000000000000000e+02,9.000000000000000000e+02,9.010000000000000000e+02,9.020000000000000000e+02,9.030000000000000000e+02,9.040000000000000000e+02,9.050000000000000000e+02,9.060000000000000000e+02,9.070000000000000000e+02,8.430000000000000000e+02,8.440000000000000000e+02,8.450000000000000000e+02,8.460000000000000000e+02,8.470000000000000000e+02,8.480000000000000000e+02,8.490000000000000000e+02,8.500000000000000000e+02,8.510000000000000000e+02,8.520000000000000000e+02,8.530000000000000000e+02,8.540000000000000000e+02,8.550000000000000000e+02,8.560000000000000000e+02,8.570000000000000000e+02,8.580000000000000000e+02,8.590000000000000000e+02,8.600000000000000000e+02,8.610000000000000000e+02,8.620000000000000000e+02,8.630000000000000000e+02,8.640000000000000000e+02,8.650000000000000000e+02,8.660000000000000000e+02,8.670000000000000000e+02,8.680000000000000000e+02,8.690000000000000000e+02,8.700000000000000000e+02,8.710000000000000000e+02,8.720000000000000000e+02,8.730000000000000000e+02,8.740000000000000000e+02,8.750000000000000000e+02,8.760000000000000000e+02,8.770000000000000000e+02,8.780000000000000000e+02,8.790000000000000000e+02,8.800000000000000000e+02,8.810000000000000000e+02,8.820000000000000000e+02,8.830000000000000000e+02,8.840000000000000000e+02,8.850000000000000000e+02,8.860000000000000000e+02,8.870000000000000000e+02,8.880000000000000000e+02,8.890000000000000000e+02,8.900000000000000000e+02,8.910000000000000000e+02,8.920000000000000000e+02,8.930000000000000000e+02,8.940000000000000000e+02,8.950000000000000000e+02,8.960000000000000000e+02,8.970000000000000000e+02,8.980000000000000000e+02,8.990000000000000000e+02,9.000000000000000000e+02,9.010000000000000000e+02,9.020000000000000000e+02,9.030000000000000000e+02,9.040000000000000000e+02,9.050000000000000000e+02,8.430000000000000000e+02,8.440000000000000000e+02,8.450000000000000000e+02,8.460000000000000000e+02,8.470000000000000000e+02,8.480000000000000000e+02,8.490000000000000000e+02,8.500000000000000000e+02,8.510000000000000000e+02,8.520000000000000000e+02,8.530000000000000000e+02,8.540000000000000000e+02,8.550000000000000000e+02,8.560000000000000000e+02,8.570000000000000000e+02,8.580000000000000000e+02,8.590000000000000000e+02,8.600000000000000000e+02,8.610000000000000000e+02,8.620000000000000000e+02,8.630000000000000000e+02,8.640000000000000000e+02,8.650000000000000000e+02,8.660000000000000000e+02,8.670000000000000000e+02,8.680000000000000000e+02,8.690000000000000000e+02,8.700000000000000000e+02,8.710000000000000000e+02,8.720000000000000000e+02,8.730000000000000000e+02,8.740000000000000000e+02,8.750000000000000000e+02,8.760000000000000000e+02,8.770000000000000000e+02,8.780000000000000000e+02,8.790000000000000000e+02,8.800000000000000000e+02,8.810000000000000000e+02,8.820000000000000000e+02,8.830000000000000000e+02,8.840000000000000000e+02,8.850000000000000000e+02,8.860000000000000000e+02,8.870000000000000000e+02,8.880000000000000000e+02,8.890000000000000000e+02,8.900000000000000000e+02,8.910000000000000000e+02,8.920000000000000000e+02,8.930000000000000000e+02,8.940000000000000000e+02,8.950000000000000000e+02,8.960000000000000000e+02,8.970000000000000000e+02,8.980000000000000000e+02,8.990000000000000000e+02,9.000000000000000000e+02,9.010000000000000000e+02,9.020000000000000000e+02,9.030000000000000000e+02,9.040000000000000000e+02,8.440000000000000000e+02,8.450000000000000000e+02,8.460000000000000000e+02,8.470000000000000000e+02,8.480000000000000000e+02,8.490000000000000000e+02,8.500000000000000000e+02,8.510000000000000000e+02,8.520000000000000000e+02,8.530000000000000000e+02,8.540000000000000000e+02,8.550000000000000000e+02,8.560000000000000000e+02,8.570000000000000000e+02,8.580000000000000000e+02,8.590000000000000000e+02,8.600000000000000000e+02,8.610000000000000000e+02,8.620000000000000000e+02,8.630000000000000000e+02,8.640000000000000000e+02,8.650000000000000000e+02,8.660000000000000000e+02,8.670000000000000000e+02,8.680000000000000000e+02,8.690000000000000000e+02,8.700000000000000000e+02,8.710000000000000000e+02,8.720000000000000000e+02,8.730000000000000000e+02,8.740000000000000000e+02,8.750000000000000000e+02,8.760000000000000000e+02,8.770000000000000000e+02,8.780000000000000000e+02,8.790000000000000000e+02,8.800000000000000000e+02,8.810000000000000000e+02,8.820000000000000000e+02,8.830000000000000000e+02,8.840000000000000000e+02,8.850000000000000000e+02,8.860000000000000000e+02,8.870000000000000000e+02,8.880000000000000000e+02,8.890000000000000000e+02,8.900000000000000000e+02,8.910000000000000000e+02,8.920000000000000000e+02,8.930000000000000000e+02,8.940000000000000000e+02,8.950000000000000000e+02,8.960000000000000000e+02,8.970000000000000000e+02,8.980000000000000000e+02,8.990000000000000000e+02,9.000000000000000000e+02,9.010000000000000000e+02,9.020000000000000000e+02,9.030000000000000000e+02,8.440000000000000000e+02,8.450000000000000000e+02,8.460000000000000000e+02,8.470000000000000000e+02,8.480000000000000000e+02,8.490000000000000000e+02,8.500000000000000000e+02,8.510000000000000000e+02,8.520000000000000000e+02,8.530000000000000000e+02,8.540000000000000000e+02,8.550000000000000000e+02,8.560000000000000000e+02,8.570000000000000000e+02,8.580000000000000000e+02,8.590000000000000000e+02,8.600000000000000000e+02,8.610000000000000000e+02,8.620000000000000000e+02,8.630000000000000000e+02,8.640000000000000000e+02,8.650000000000000000e+02,8.660000000000000000e+02,8.670000000000000000e+02,8.680000000000000000e+02,8.690000000000000000e+02,8.700000000000000000e+02,8.710000000000000000e+02,8.720000000000000000e+02,8.730000000000000000e+02,8.740000000000000000e+02,8.750000000000000000e+02,8.760000000000000000e+02,8.770000000000000000e+02,8.780000000000000000e+02,8.790000000000000000e+02,8.800000000000000000e+02,8.810000000000000000e+02,8.820000000000000000e+02,8.830000000000000000e+02,8.840000000000000000e+02,8.850000000000000000e+02,8.860000000000000000e+02,8.870000000000000000e+02,8.880000000000000000e+02,8.890000000000000000e+02,8.900000000000000000e+02,8.910000000000000000e+02,8.920000000000000000e+02,8.930000000000000000e+02,8.940000000000000000e+02,8.950000000000000000e+02,8.960000000000000000e+02,8.970000000000000000e+02,8.980000000000000000e+02,8.990000000000000000e+02,9.000000000000000000e+02,9.010000000000000000e+02,9.020000000000000000e+02,8.440000000000000000e+02,8.450000000000000000e+02,8.460000000000000000e+02,8.470000000000000000e+02,8.480000000000000000e+02,8.490000000000000000e+02,8.500000000000000000e+02,8.510000000000000000e+02,8.520000000000000000e+02,8.530000000000000000e+02,8.540000000000000000e+02,8.550000000000000000e+02,8.560000000000000000e+02,8.570000000000000000e+02,8.580000000000000000e+02,8.590000000000000000e+02,8.600000000000000000e+02,8.610000000000000000e+02,8.620000000000000000e+02,8.630000000000000000e+02,8.640000000000000000e+02,8.650000000000000000e+02,8.660000000000000000e+02,8.670000000000000000e+02,8.680000000000000000e+02,8.690000000000000000e+02,8.700000000000000000e+02,8.710000000000000000e+02,8.720000000000000000e+02,8.730000000000000000e+02,8.740000000000000000e+02,8.750000000000000000e+02,8.760000000000000000e+02,8.770000000000000000e+02,8.780000000000000000e+02,8.790000000000000000e+02,8.800000000000000000e+02,8.810000000000000000e+02,8.820000000000000000e+02,8.830000000000000000e+02,8.840000000000000000e+02,8.850000000000000000e+02,8.860000000000000000e+02,8.870000000000000000e+02,8.880000000000000000e+02,8.890000000000000000e+02,8.900000000000000000e+02,8.910000000000000000e+02,8.920000000000000000e+02,8.930000000000000000e+02,8.940000000000000000e+02,8.950000000000000000e+02,8.960000000000000000e+02,8.970000000000000000e+02,8.980000000000000000e+02,8.990000000000000000e+02,9.000000000000000000e+02,9.010000000000000000e+02,8.440000000000000000e+02,8.450000000000000000e+02,8.460000000000000000e+02,8.470000000000000000e+02,8.480000000000000000e+02,8.490000000000000000e+02,8.500000000000000000e+02,8.510000000000000000e+02,8.520000000000000000e+02,8.530000000000000000e+02,8.540000000000000000e+02,8.550000000000000000e+02,8.560000000000000000e+02,8.570000000000000000e+02,8.580000000000000000e+02,8.590000000000000000e+02,8.600000000000000000e+02,8.610000000000000000e+02,8.620000000000000000e+02,8.630000000000000000e+02,8.640000000000000000e+02,8.650000000000000000e+02,8.660000000000000000e+02,8.670000000000000000e+02,8.680000000000000000e+02,8.690000000000000000e+02,8.700000000000000000e+02,8.710000000000000000e+02,8.720000000000000000e+02,8.730000000000000000e+02,8.740000000000000000e+02,8.750000000000000000e+02,8.760000000000000000e+02,8.770000000000000000e+02,8.780000000000000000e+02,8.790000000000000000e+02,8.800000000000000000e+02,8.810000000000000000e+02,8.820000000000000000e+02,8.830000000000000000e+02,8.840000000000000000e+02,8.850000000000000000e+02,8.860000000000000000e+02,8.870000000000000000e+02,8.880000000000000000e+02,8.890000000000000000e+02,8.900000000000000000e+02,8.910000000000000000e+02,8.920000000000000000e+02,8.930000000000000000e+02,8.940000000000000000e+02,8.950000000000000000e+02,8.960000000000000000e+02,8.970000000000000000e+02,8.980000000000000000e+02,8.990000000000000000e+02,9.000000000000000000e+02,9.010000000000000000e+02,8.440000000000000000e+02,8.450000000000000000e+02,8.460000000000000000e+02,8.470000000000000000e+02,8.480000000000000000e+02,8.490000000000000000e+02,8.500000000000000000e+02,8.510000000000000000e+02,8.520000000000000000e+02,8.530000000000000000e+02,8.540000000000000000e+02,8.550000000000000000e+02,8.560000000000000000e+02,8.570000000000000000e+02,8.580000000000000000e+02,8.590000000000000000e+02,8.600000000000000000e+02,8.610000000000000000e+02,8.620000000000000000e+02,8.630000000000000000e+02,8.640000000000000000e+02,8.650000000000000000e+02,8.660000000000000000e+02,8.670000000000000000e+02,8.680000000000000000e+02,8.690000000000000000e+02,8.700000000000000000e+02,8.710000000000000000e+02,8.720000000000000000e+02,8.730000000000000000e+02,8.740000000000000000e+02,8.750000000000000000e+02,8.760000000000000000e+02,8.770000000000000000e+02,8.780000000000000000e+02,8.790000000000000000e+02,8.800000000000000000e+02,8.810000000000000000e+02,8.820000000000000000e+02,8.830000000000000000e+02,8.840000000000000000e+02,8.850000000000000000e+02,8.860000000000000000e+02,8.870000000000000000e+02,8.880000000000000000e+02,8.890000000000000000e+02,8.900000000000000000e+02,8.910000000000000000e+02,8.920000000000000000e+02,8.930000000000000000e+02,8.940000000000000000e+02,8.950000000000000000e+02,8.960000000000000000e+02,8.970000000000000000e+02,8.980000000000000000e+02,8.990000000000000000e+02,9.000000000000000000e+02,8.440000000000000000e+02,8.450000000000000000e+02,8.460000000000000000e+02,8.470000000000000000e+02,8.480000000000000000e+02,8.490000000000000000e+02,8.500000000000000000e+02,8.510000000000000000e+02,8.520000000000000000e+02,8.530000000000000000e+02,8.540000000000000000e+02,8.550000000000000000e+02,8.560000000000000000e+02,8.570000000000000000e+02,8.580000000000000000e+02,8.590000000000000000e+02,8.600000000000000000e+02,8.610000000000000000e+02,8.620000000000000000e+02,8.630000000000000000e+02,8.640000000000000000e+02,8.650000000000000000e+02,8.660000000000000000e+02,8.670000000000000000e+02,8.680000000000000000e+02,8.690000000000000000e+02,8.700000000000000000e+02,8.710000000000000000e+02,8.720000000000000000e+02,8.730000000000000000e+02,8.740000000000000000e+02,8.750000000000000000e+02,8.760000000000000000e+02,8.770000000000000000e+02,8.780000000000000000e+02,8.790000000000000000e+02,8.800000000000000000e+02,8.810000000000000000e+02,8.820000000000000000e+02,8.830000000000000000e+02,8.840000000000000000e+02,8.850000000000000000e+02,8.860000000000000000e+02,8.870000000000000000e+02,8.880000000000000000e+02,8.890000000000000000e+02,8.900000000000000000e+02,8.910000000000000000e+02,8.920000000000000000e+02,8.930000000000000000e+02,8.940000000000000000e+02,8.950000000000000000e+02,8.960000000000000000e+02,8.970000000000000000e+02,8.980000000000000000e+02,8.990000000000000000e+02,9.000000000000000000e+02,8.440000000000000000e+02,8.450000000000000000e+02,8.460000000000000000e+02,8.470000000000000000e+02,8.480000000000000000e+02,8.490000000000000000e+02,8.500000000000000000e+02,8.510000000000000000e+02,8.520000000000000000e+02,8.530000000000000000e+02,8.540000000000000000e+02,8.550000000000000000e+02,8.560000000000000000e+02,8.570000000000000000e+02,8.580000000000000000e+02,8.590000000000000000e+02,8.600000000000000000e+02,8.610000000000000000e+02,8.620000000000000000e+02,8.630000000000000000e+02,8.640000000000000000e+02,8.650000000000000000e+02,8.660000000000000000e+02,8.670000000000000000e+02,8.680000000000000000e+02,8.690000000000000000e+02,8.700000000000000000e+02,8.710000000000000000e+02,8.720000000000000000e+02,8.730000000000000000e+02,8.740000000000000000e+02,8.750000000000000000e+02,8.760000000000000000e+02,8.770000000000000000e+02,8.780000000000000000e+02,8.790000000000000000e+02,8.800000000000000000e+02,8.810000000000000000e+02,8.820000000000000000e+02,8.830000000000000000e+02,8.840000000000000000e+02,8.850000000000000000e+02,8.860000000000000000e+02,8.870000000000000000e+02,8.880000000000000000e+02,8.890000000000000000e+02,8.900000000000000000e+02,8.910000000000000000e+02,8.920000000000000000e+02,8.930000000000000000e+02,8.940000000000000000e+02,8.950000000000000000e+02,8.960000000000000000e+02,8.970000000000000000e+02,8.980000000000000000e+02,8.990000000000000000e+02,8.440000000000000000e+02,8.450000000000000000e+02,8.460000000000000000e+02,8.470000000000000000e+02,8.480000000000000000e+02,8.490000000000000000e+02,8.500000000000000000e+02,8.510000000000000000e+02,8.520000000000000000e+02,8.530000000000000000e+02,8.540000000000000000e+02,8.550000000000000000e+02,8.560000000000000000e+02,8.570000000000000000e+02,8.580000000000000000e+02,8.590000000000000000e+02,8.600000000000000000e+02,8.610000000000000000e+02,8.620000000000000000e+02,8.630000000000000000e+02,8.640000000000000000e+02,8.650000000000000000e+02,8.660000000000000000e+02,8.670000000000000000e+02,8.680000000000000000e+02,8.690000000000000000e+02,8.700000000000000000e+02,8.710000000000000000e+02,8.720000000000000000e+02,8.730000000000000000e+02,8.740000000000000000e+02,8.750000000000000000e+02,8.760000000000000000e+02,8.770000000000000000e+02,8.780000000000000000e+02,8.790000000000000000e+02,8.800000000000000000e+02,8.810000000000000000e+02,8.820000000000000000e+02,8.830000000000000000e+02,8.840000000000000000e+02,8.850000000000000000e+02,8.860000000000000000e+02,8.870000000000000000e+02,8.880000000000000000e+02,8.890000000000000000e+02,8.900000000000000000e+02,8.910000000000000000e+02,8.920000000000000000e+02,8.930000000000000000e+02,8.940000000000000000e+02,8.950000000000000000e+02,8.960000000000000000e+02,8.970000000000000000e+02,8.980000000000000000e+02,8.990000000000000000e+02,8.440000000000000000e+02,8.450000000000000000e+02,8.460000000000000000e+02,8.470000000000000000e+02,8.480000000000000000e+02,8.490000000000000000e+02,8.500000000000000000e+02,8.510000000000000000e+02,8.520000000000000000e+02,8.530000000000000000e+02,8.540000000000000000e+02,8.550000000000000000e+02,8.560000000000000000e+02,8.570000000000000000e+02,8.580000000000000000e+02,8.590000000000000000e+02,8.600000000000000000e+02,8.610000000000000000e+02,8.620000000000000000e+02,8.630000000000000000e+02,8.640000000000000000e+02,8.650000000000000000e+02,8.660000000000000000e+02,8.670000000000000000e+02,8.680000000000000000e+02,8.690000000000000000e+02,8.700000000000000000e+02,8.710000000000000000e+02,8.720000000000000000e+02,8.730000000000000000e+02,8.740000000000000000e+02,8.750000000000000000e+02,8.760000000000000000e+02,8.770000000000000000e+02,8.780000000000000000e+02,8.790000000000000000e+02,8.800000000000000000e+02,8.810000000000000000e+02,8.820000000000000000e+02,8.830000000000000000e+02,8.840000000000000000e+02,8.850000000000000000e+02,8.860000000000000000e+02,8.870000000000000000e+02,8.880000000000000000e+02,8.890000000000000000e+02,8.900000000000000000e+02,8.910000000000000000e+02,8.920000000000000000e+02,8.930000000000000000e+02,8.940000000000000000e+02,8.950000000000000000e+02,8.960000000000000000e+02,8.970000000000000000e+02,8.980000000000000000e+02,8.440000000000000000e+02,8.450000000000000000e+02,8.460000000000000000e+02,8.470000000000000000e+02,8.480000000000000000e+02,8.490000000000000000e+02,8.500000000000000000e+02,8.510000000000000000e+02,8.520000000000000000e+02,8.530000000000000000e+02,8.540000000000000000e+02,8.550000000000000000e+02,8.560000000000000000e+02,8.570000000000000000e+02,8.580000000000000000e+02,8.590000000000000000e+02,8.600000000000000000e+02,8.610000000000000000e+02,8.620000000000000000e+02,8.630000000000000000e+02,8.640000000000000000e+02,8.650000000000000000e+02,8.660000000000000000e+02,8.670000000000000000e+02,8.680000000000000000e+02,8.690000000000000000e+02,8.700000000000000000e+02,8.710000000000000000e+02,8.720000000000000000e+02,8.730000000000000000e+02,8.740000000000000000e+02,8.750000000000000000e+02,8.760000000000000000e+02,8.770000000000000000e+02,8.780000000000000000e+02,8.790000000000000000e+02,8.800000000000000000e+02,8.810000000000000000e+02,8.820000000000000000e+02,8.830000000000000000e+02,8.840000000000000000e+02,8.850000000000000000e+02,8.860000000000000000e+02,8.870000000000000000e+02,8.880000000000000000e+02,8.890000000000000000e+02,8.900000000000000000e+02,8.910000000000000000e+02,8.920000000000000000e+02,8.930000000000000000e+02,8.940000000000000000e+02,8.950000000000000000e+02,8.960000000000000000e+02,8.970000000000000000e+02,8.980000000000000000e+02,8.440000000000000000e+02,8.450000000000000000e+02,8.460000000000000000e+02,8.470000000000000000e+02,8.480000000000000000e+02,8.490000000000000000e+02,8.500000000000000000e+02,8.510000000000000000e+02,8.520000000000000000e+02,8.530000000000000000e+02,8.540000000000000000e+02,8.550000000000000000e+02,8.560000000000000000e+02,8.570000000000000000e+02,8.580000000000000000e+02,8.590000000000000000e+02,8.600000000000000000e+02,8.610000000000000000e+02,8.620000000000000000e+02,8.630000000000000000e+02,8.640000000000000000e+02,8.650000000000000000e+02,8.660000000000000000e+02,8.670000000000000000e+02,8.680000000000000000e+02,8.690000000000000000e+02,8.700000000000000000e+02,8.710000000000000000e+02,8.720000000000000000e+02,8.730000000000000000e+02,8.740000000000000000e+02,8.750000000000000000e+02,8.760000000000000000e+02,8.770000000000000000e+02,8.780000000000000000e+02,8.790000000000000000e+02,8.800000000000000000e+02,8.810000000000000000e+02,8.820000000000000000e+02,8.830000000000000000e+02,8.840000000000000000e+02,8.850000000000000000e+02,8.860000000000000000e+02,8.870000000000000000e+02,8.880000000000000000e+02,8.890000000000000000e+02,8.900000000000000000e+02,8.910000000000000000e+02,8.920000000000000000e+02,8.930000000000000000e+02,8.940000000000000000e+02,8.950000000000000000e+02,8.960000000000000000e+02,8.970000000000000000e+02,8.440000000000000000e+02,8.450000000000000000e+02,8.460000000000000000e+02,8.470000000000000000e+02,8.480000000000000000e+02,8.490000000000000000e+02,8.500000000000000000e+02,8.510000000000000000e+02,8.520000000000000000e+02,8.530000000000000000e+02,8.540000000000000000e+02,8.550000000000000000e+02,8.560000000000000000e+02,8.570000000000000000e+02,8.580000000000000000e+02,8.590000000000000000e+02,8.600000000000000000e+02,8.610000000000000000e+02,8.620000000000000000e+02,8.630000000000000000e+02,8.640000000000000000e+02,8.650000000000000000e+02,8.660000000000000000e+02,8.670000000000000000e+02,8.680000000000000000e+02,8.690000000000000000e+02,8.700000000000000000e+02,8.710000000000000000e+02,8.720000000000000000e+02,8.730000000000000000e+02,8.740000000000000000e+02,8.750000000000000000e+02,8.760000000000000000e+02,8.770000000000000000e+02,8.780000000000000000e+02,8.790000000000000000e+02,8.800000000000000000e+02,8.810000000000000000e+02,8.820000000000000000e+02,8.830000000000000000e+02,8.840000000000000000e+02,8.850000000000000000e+02,8.860000000000000000e+02,8.870000000000000000e+02,8.880000000000000000e+02,8.890000000000000000e+02,8.900000000000000000e+02,8.910000000000000000e+02,8.920000000000000000e+02,8.930000000000000000e+02,8.940000000000000000e+02,8.950000000000000000e+02,8.960000000000000000e+02,8.440000000000000000e+02,8.450000000000000000e+02,8.460000000000000000e+02,8.470000000000000000e+02,8.480000000000000000e+02,8.490000000000000000e+02,8.500000000000000000e+02,8.510000000000000000e+02,8.520000000000000000e+02,8.530000000000000000e+02,8.540000000000000000e+02,8.550000000000000000e+02,8.560000000000000000e+02,8.570000000000000000e+02,8.580000000000000000e+02,8.590000000000000000e+02,8.600000000000000000e+02,8.610000000000000000e+02,8.620000000000000000e+02,8.630000000000000000e+02,8.640000000000000000e+02,8.650000000000000000e+02,8.660000000000000000e+02,8.670000000000000000e+02,8.680000000000000000e+02,8.690000000000000000e+02,8.700000000000000000e+02,8.710000000000000000e+02,8.720000000000000000e+02,8.730000000000000000e+02,8.740000000000000000e+02,8.750000000000000000e+02,8.760000000000000000e+02,8.770000000000000000e+02,8.780000000000000000e+02,8.790000000000000000e+02,8.800000000000000000e+02,8.810000000000000000e+02,8.820000000000000000e+02,8.830000000000000000e+02,8.840000000000000000e+02,8.850000000000000000e+02,8.860000000000000000e+02,8.870000000000000000e+02,8.880000000000000000e+02,8.890000000000000000e+02,8.900000000000000000e+02,8.910000000000000000e+02,8.920000000000000000e+02,8.930000000000000000e+02,8.940000000000000000e+02,8.950000000000000000e+02,8.440000000000000000e+02,8.450000000000000000e+02,8.460000000000000000e+02,8.470000000000000000e+02,8.480000000000000000e+02,8.490000000000000000e+02,8.500000000000000000e+02,8.510000000000000000e+02,8.520000000000000000e+02,8.530000000000000000e+02,8.540000000000000000e+02,8.550000000000000000e+02,8.560000000000000000e+02,8.570000000000000000e+02,8.580000000000000000e+02,8.590000000000000000e+02,8.600000000000000000e+02,8.610000000000000000e+02,8.620000000000000000e+02,8.630000000000000000e+02,8.640000000000000000e+02,8.650000000000000000e+02,8.660000000000000000e+02,8.670000000000000000e+02,8.680000000000000000e+02,8.690000000000000000e+02,8.700000000000000000e+02,8.710000000000000000e+02,8.720000000000000000e+02,8.730000000000000000e+02,8.740000000000000000e+02,8.750000000000000000e+02,8.760000000000000000e+02,8.770000000000000000e+02,8.780000000000000000e+02,8.790000000000000000e+02,8.800000000000000000e+02,8.810000000000000000e+02,8.820000000000000000e+02,8.830000000000000000e+02,8.840000000000000000e+02,8.850000000000000000e+02,8.860000000000000000e+02,8.870000000000000000e+02,8.880000000000000000e+02,8.890000000000000000e+02,8.900000000000000000e+02,8.910000000000000000e+02,8.920000000000000000e+02,8.930000000000000000e+02,8.940000000000000000e+02,8.950000000000000000e+02,8.450000000000000000e+02,8.460000000000000000e+02,8.470000000000000000e+02,8.480000000000000000e+02,8.490000000000000000e+02,8.500000000000000000e+02,8.510000000000000000e+02,8.520000000000000000e+02,8.530000000000000000e+02,8.540000000000000000e+02,8.550000000000000000e+02,8.560000000000000000e+02,8.570000000000000000e+02,8.580000000000000000e+02,8.590000000000000000e+02,8.600000000000000000e+02,8.610000000000000000e+02,8.620000000000000000e+02,8.630000000000000000e+02,8.640000000000000000e+02,8.650000000000000000e+02,8.660000000000000000e+02,8.670000000000000000e+02,8.680000000000000000e+02,8.690000000000000000e+02,8.700000000000000000e+02,8.710000000000000000e+02,8.720000000000000000e+02,8.730000000000000000e+02,8.740000000000000000e+02,8.750000000000000000e+02,8.760000000000000000e+02,8.770000000000000000e+02,8.780000000000000000e+02,8.790000000000000000e+02,8.800000000000000000e+02,8.810000000000000000e+02,8.820000000000000000e+02,8.830000000000000000e+02,8.840000000000000000e+02,8.850000000000000000e+02,8.860000000000000000e+02,8.870000000000000000e+02,8.880000000000000000e+02,8.890000000000000000e+02,8.900000000000000000e+02,8.910000000000000000e+02,8.920000000000000000e+02,8.930000000000000000e+02,8.940000000000000000e+02,8.450000000000000000e+02,8.460000000000000000e+02,8.470000000000000000e+02,8.480000000000000000e+02,8.490000000000000000e+02,8.500000000000000000e+02,8.510000000000000000e+02,8.520000000000000000e+02,8.530000000000000000e+02,8.540000000000000000e+02,8.550000000000000000e+02,8.560000000000000000e+02,8.570000000000000000e+02,8.580000000000000000e+02,8.590000000000000000e+02,8.600000000000000000e+02,8.610000000000000000e+02,8.620000000000000000e+02,8.630000000000000000e+02,8.640000000000000000e+02,8.650000000000000000e+02,8.660000000000000000e+02,8.670000000000000000e+02,8.680000000000000000e+02,8.690000000000000000e+02,8.700000000000000000e+02,8.710000000000000000e+02,8.720000000000000000e+02,8.730000000000000000e+02,8.740000000000000000e+02,8.750000000000000000e+02,8.760000000000000000e+02,8.770000000000000000e+02,8.780000000000000000e+02,8.790000000000000000e+02,8.800000000000000000e+02,8.810000000000000000e+02,8.820000000000000000e+02,8.830000000000000000e+02,8.840000000000000000e+02,8.850000000000000000e+02,8.860000000000000000e+02,8.870000000000000000e+02,8.880000000000000000e+02,8.890000000000000000e+02,8.900000000000000000e+02,8.910000000000000000e+02,8.920000000000000000e+02,8.930000000000000000e+02,8.450000000000000000e+02,8.460000000000000000e+02,8.470000000000000000e+02,8.480000000000000000e+02,8.490000000000000000e+02,8.500000000000000000e+02,8.510000000000000000e+02,8.520000000000000000e+02,8.530000000000000000e+02,8.540000000000000000e+02,8.550000000000000000e+02,8.560000000000000000e+02,8.570000000000000000e+02,8.580000000000000000e+02,8.590000000000000000e+02,8.600000000000000000e+02,8.610000000000000000e+02,8.620000000000000000e+02,8.630000000000000000e+02,8.640000000000000000e+02,8.650000000000000000e+02,8.660000000000000000e+02,8.670000000000000000e+02,8.680000000000000000e+02,8.690000000000000000e+02,8.700000000000000000e+02,8.710000000000000000e+02,8.720000000000000000e+02,8.730000000000000000e+02,8.740000000000000000e+02,8.750000000000000000e+02,8.760000000000000000e+02,8.770000000000000000e+02,8.780000000000000000e+02,8.790000000000000000e+02,8.800000000000000000e+02,8.810000000000000000e+02,8.820000000000000000e+02,8.830000000000000000e+02,8.840000000000000000e+02,8.850000000000000000e+02,8.860000000000000000e+02,8.870000000000000000e+02,8.880000000000000000e+02,8.890000000000000000e+02,8.900000000000000000e+02,8.910000000000000000e+02,8.920000000000000000e+02,8.930000000000000000e+02,8.450000000000000000e+02,8.460000000000000000e+02,8.470000000000000000e+02,8.480000000000000000e+02,8.490000000000000000e+02,8.500000000000000000e+02,8.510000000000000000e+02,8.520000000000000000e+02,8.530000000000000000e+02,8.540000000000000000e+02,8.550000000000000000e+02,8.560000000000000000e+02,8.570000000000000000e+02,8.580000000000000000e+02,8.590000000000000000e+02,8.600000000000000000e+02,8.610000000000000000e+02,8.620000000000000000e+02,8.630000000000000000e+02,8.640000000000000000e+02,8.650000000000000000e+02,8.660000000000000000e+02,8.670000000000000000e+02,8.680000000000000000e+02,8.690000000000000000e+02,8.700000000000000000e+02,8.710000000000000000e+02,8.720000000000000000e+02,8.730000000000000000e+02,8.740000000000000000e+02,8.750000000000000000e+02,8.760000000000000000e+02,8.770000000000000000e+02,8.780000000000000000e+02,8.790000000000000000e+02,8.800000000000000000e+02,8.810000000000000000e+02,8.820000000000000000e+02,8.830000000000000000e+02,8.840000000000000000e+02,8.850000000000000000e+02,8.860000000000000000e+02,8.870000000000000000e+02,8.880000000000000000e+02,8.890000000000000000e+02,8.900000000000000000e+02,8.910000000000000000e+02,8.920000000000000000e+02,8.450000000000000000e+02,8.460000000000000000e+02,8.470000000000000000e+02,8.480000000000000000e+02,8.490000000000000000e+02,8.500000000000000000e+02,8.510000000000000000e+02,8.520000000000000000e+02,8.530000000000000000e+02,8.540000000000000000e+02,8.550000000000000000e+02,8.560000000000000000e+02,8.570000000000000000e+02,8.580000000000000000e+02,8.590000000000000000e+02,8.600000000000000000e+02,8.610000000000000000e+02,8.620000000000000000e+02,8.630000000000000000e+02,8.640000000000000000e+02,8.650000000000000000e+02,8.660000000000000000e+02,8.670000000000000000e+02,8.680000000000000000e+02,8.690000000000000000e+02,8.700000000000000000e+02,8.710000000000000000e+02,8.720000000000000000e+02,8.730000000000000000e+02,8.740000000000000000e+02,8.750000000000000000e+02,8.760000000000000000e+02,8.770000000000000000e+02,8.780000000000000000e+02,8.790000000000000000e+02,8.800000000000000000e+02,8.810000000000000000e+02,8.820000000000000000e+02,8.830000000000000000e+02,8.840000000000000000e+02,8.850000000000000000e+02,8.860000000000000000e+02,8.870000000000000000e+02,8.880000000000000000e+02,8.890000000000000000e+02,8.900000000000000000e+02,8.910000000000000000e+02,8.920000000000000000e+02,8.450000000000000000e+02,8.460000000000000000e+02,8.470000000000000000e+02,8.480000000000000000e+02,8.490000000000000000e+02,8.500000000000000000e+02,8.510000000000000000e+02,8.520000000000000000e+02,8.530000000000000000e+02,8.540000000000000000e+02,8.550000000000000000e+02,8.560000000000000000e+02,8.570000000000000000e+02,8.580000000000000000e+02,8.590000000000000000e+02,8.600000000000000000e+02,8.610000000000000000e+02,8.620000000000000000e+02,8.630000000000000000e+02,8.640000000000000000e+02,8.650000000000000000e+02,8.660000000000000000e+02,8.670000000000000000e+02,8.680000000000000000e+02,8.690000000000000000e+02,8.700000000000000000e+02,8.710000000000000000e+02,8.720000000000000000e+02,8.730000000000000000e+02,8.740000000000000000e+02,8.750000000000000000e+02,8.760000000000000000e+02,8.770000000000000000e+02,8.780000000000000000e+02,8.790000000000000000e+02,8.800000000000000000e+02,8.810000000000000000e+02,8.820000000000000000e+02,8.830000000000000000e+02,8.840000000000000000e+02,8.850000000000000000e+02,8.860000000000000000e+02,8.870000000000000000e+02,8.880000000000000000e+02,8.890000000000000000e+02,8.900000000000000000e+02,8.910000000000000000e+02,8.450000000000000000e+02,8.460000000000000000e+02,8.470000000000000000e+02,8.480000000000000000e+02,8.490000000000000000e+02,8.500000000000000000e+02,8.510000000000000000e+02,8.520000000000000000e+02,8.530000000000000000e+02,8.540000000000000000e+02,8.550000000000000000e+02,8.560000000000000000e+02,8.570000000000000000e+02,8.580000000000000000e+02,8.590000000000000000e+02,8.600000000000000000e+02,8.610000000000000000e+02,8.620000000000000000e+02,8.630000000000000000e+02,8.640000000000000000e+02,8.650000000000000000e+02,8.660000000000000000e+02,8.670000000000000000e+02,8.680000000000000000e+02,8.690000000000000000e+02,8.700000000000000000e+02,8.710000000000000000e+02,8.720000000000000000e+02,8.730000000000000000e+02,8.740000000000000000e+02,8.750000000000000000e+02,8.760000000000000000e+02,8.770000000000000000e+02,8.780000000000000000e+02,8.790000000000000000e+02,8.800000000000000000e+02,8.810000000000000000e+02,8.820000000000000000e+02,8.830000000000000000e+02,8.840000000000000000e+02,8.850000000000000000e+02,8.860000000000000000e+02,8.870000000000000000e+02,8.880000000000000000e+02,8.890000000000000000e+02,8.900000000000000000e+02,8.910000000000000000e+02,8.450000000000000000e+02,8.460000000000000000e+02,8.470000000000000000e+02,8.480000000000000000e+02,8.490000000000000000e+02,8.500000000000000000e+02,8.510000000000000000e+02,8.520000000000000000e+02,8.530000000000000000e+02,8.540000000000000000e+02,8.550000000000000000e+02,8.560000000000000000e+02,8.570000000000000000e+02,8.580000000000000000e+02,8.590000000000000000e+02,8.600000000000000000e+02,8.610000000000000000e+02,8.620000000000000000e+02,8.630000000000000000e+02,8.640000000000000000e+02,8.650000000000000000e+02,8.660000000000000000e+02,8.670000000000000000e+02,8.680000000000000000e+02,8.690000000000000000e+02,8.700000000000000000e+02,8.710000000000000000e+02,8.720000000000000000e+02,8.730000000000000000e+02,8.740000000000000000e+02,8.750000000000000000e+02,8.760000000000000000e+02,8.770000000000000000e+02,8.780000000000000000e+02,8.790000000000000000e+02,8.800000000000000000e+02,8.810000000000000000e+02,8.820000000000000000e+02,8.830000000000000000e+02,8.840000000000000000e+02,8.850000000000000000e+02,8.860000000000000000e+02,8.870000000000000000e+02,8.880000000000000000e+02,8.890000000000000000e+02,8.900000000000000000e+02,8.450000000000000000e+02,8.460000000000000000e+02,8.470000000000000000e+02,8.480000000000000000e+02,8.490000000000000000e+02,8.500000000000000000e+02,8.510000000000000000e+02,8.520000000000000000e+02,8.530000000000000000e+02,8.540000000000000000e+02,8.550000000000000000e+02,8.560000000000000000e+02,8.570000000000000000e+02,8.580000000000000000e+02,8.590000000000000000e+02,8.600000000000000000e+02,8.610000000000000000e+02,8.620000000000000000e+02,8.630000000000000000e+02,8.640000000000000000e+02,8.650000000000000000e+02,8.660000000000000000e+02,8.670000000000000000e+02,8.680000000000000000e+02,8.690000000000000000e+02,8.700000000000000000e+02,8.710000000000000000e+02,8.720000000000000000e+02,8.730000000000000000e+02,8.740000000000000000e+02,8.750000000000000000e+02,8.760000000000000000e+02,8.770000000000000000e+02,8.780000000000000000e+02,8.790000000000000000e+02,8.800000000000000000e+02,8.810000000000000000e+02,8.820000000000000000e+02,8.830000000000000000e+02,8.840000000000000000e+02,8.850000000000000000e+02,8.860000000000000000e+02,8.870000000000000000e+02,8.880000000000000000e+02,8.890000000000000000e+02,8.900000000000000000e+02,8.450000000000000000e+02,8.460000000000000000e+02,8.470000000000000000e+02,8.480000000000000000e+02,8.490000000000000000e+02,8.500000000000000000e+02,8.510000000000000000e+02,8.520000000000000000e+02,8.530000000000000000e+02,8.540000000000000000e+02,8.550000000000000000e+02,8.560000000000000000e+02,8.570000000000000000e+02,8.580000000000000000e+02,8.590000000000000000e+02,8.600000000000000000e+02,8.610000000000000000e+02,8.620000000000000000e+02,8.630000000000000000e+02,8.640000000000000000e+02,8.650000000000000000e+02,8.660000000000000000e+02,8.670000000000000000e+02,8.680000000000000000e+02,8.690000000000000000e+02,8.700000000000000000e+02,8.710000000000000000e+02,8.720000000000000000e+02,8.730000000000000000e+02,8.740000000000000000e+02,8.750000000000000000e+02,8.760000000000000000e+02,8.770000000000000000e+02,8.780000000000000000e+02,8.790000000000000000e+02,8.800000000000000000e+02,8.810000000000000000e+02,8.820000000000000000e+02,8.830000000000000000e+02,8.840000000000000000e+02,8.850000000000000000e+02,8.860000000000000000e+02,8.870000000000000000e+02,8.880000000000000000e+02,8.890000000000000000e+02,8.450000000000000000e+02,8.460000000000000000e+02,8.470000000000000000e+02,8.480000000000000000e+02,8.490000000000000000e+02,8.500000000000000000e+02,8.510000000000000000e+02,8.520000000000000000e+02,8.530000000000000000e+02,8.540000000000000000e+02,8.550000000000000000e+02,8.560000000000000000e+02,8.570000000000000000e+02,8.580000000000000000e+02,8.590000000000000000e+02,8.600000000000000000e+02,8.610000000000000000e+02,8.620000000000000000e+02,8.630000000000000000e+02,8.640000000000000000e+02,8.650000000000000000e+02,8.660000000000000000e+02,8.670000000000000000e+02,8.680000000000000000e+02,8.690000000000000000e+02,8.700000000000000000e+02,8.710000000000000000e+02,8.720000000000000000e+02,8.730000000000000000e+02,8.740000000000000000e+02,8.750000000000000000e+02,8.760000000000000000e+02,8.770000000000000000e+02,8.780000000000000000e+02,8.790000000000000000e+02,8.800000000000000000e+02,8.810000000000000000e+02,8.820000000000000000e+02,8.830000000000000000e+02,8.840000000000000000e+02,8.850000000000000000e+02,8.860000000000000000e+02,8.870000000000000000e+02,8.880000000000000000e+02,8.450000000000000000e+02,8.460000000000000000e+02,8.470000000000000000e+02,8.480000000000000000e+02,8.490000000000000000e+02,8.500000000000000000e+02,8.510000000000000000e+02,8.520000000000000000e+02,8.530000000000000000e+02,8.540000000000000000e+02,8.550000000000000000e+02,8.560000000000000000e+02,8.570000000000000000e+02,8.580000000000000000e+02,8.590000000000000000e+02,8.600000000000000000e+02,8.610000000000000000e+02,8.620000000000000000e+02,8.630000000000000000e+02,8.640000000000000000e+02,8.650000000000000000e+02,8.660000000000000000e+02,8.670000000000000000e+02,8.680000000000000000e+02,8.690000000000000000e+02,8.700000000000000000e+02,8.710000000000000000e+02,8.720000000000000000e+02,8.730000000000000000e+02,8.740000000000000000e+02,8.750000000000000000e+02,8.760000000000000000e+02,8.770000000000000000e+02,8.780000000000000000e+02,8.790000000000000000e+02,8.800000000000000000e+02,8.810000000000000000e+02,8.820000000000000000e+02,8.830000000000000000e+02,8.840000000000000000e+02,8.850000000000000000e+02,8.860000000000000000e+02,8.870000000000000000e+02,8.450000000000000000e+02,8.460000000000000000e+02,8.470000000000000000e+02,8.480000000000000000e+02,8.490000000000000000e+02,8.500000000000000000e+02,8.510000000000000000e+02,8.520000000000000000e+02,8.530000000000000000e+02,8.540000000000000000e+02,8.550000000000000000e+02,8.560000000000000000e+02,8.570000000000000000e+02,8.580000000000000000e+02,8.590000000000000000e+02,8.600000000000000000e+02,8.610000000000000000e+02,8.620000000000000000e+02,8.630000000000000000e+02,8.640000000000000000e+02,8.650000000000000000e+02,8.660000000000000000e+02,8.670000000000000000e+02,8.680000000000000000e+02,8.690000000000000000e+02,8.700000000000000000e+02,8.710000000000000000e+02,8.720000000000000000e+02,8.730000000000000000e+02,8.740000000000000000e+02,8.750000000000000000e+02,8.760000000000000000e+02,8.770000000000000000e+02,8.780000000000000000e+02,8.790000000000000000e+02,8.800000000000000000e+02,8.810000000000000000e+02,8.820000000000000000e+02,8.830000000000000000e+02,8.840000000000000000e+02,8.850000000000000000e+02,8.860000000000000000e+02,8.450000000000000000e+02,8.460000000000000000e+02,8.470000000000000000e+02,8.480000000000000000e+02,8.490000000000000000e+02,8.500000000000000000e+02,8.510000000000000000e+02,8.520000000000000000e+02,8.530000000000000000e+02,8.540000000000000000e+02,8.550000000000000000e+02,8.560000000000000000e+02,8.570000000000000000e+02,8.580000000000000000e+02,8.590000000000000000e+02,8.600000000000000000e+02,8.610000000000000000e+02,8.620000000000000000e+02,8.630000000000000000e+02,8.640000000000000000e+02,8.650000000000000000e+02,8.660000000000000000e+02,8.670000000000000000e+02,8.680000000000000000e+02,8.690000000000000000e+02,8.700000000000000000e+02,8.710000000000000000e+02,8.720000000000000000e+02,8.730000000000000000e+02,8.740000000000000000e+02,8.750000000000000000e+02,8.760000000000000000e+02,8.770000000000000000e+02,8.780000000000000000e+02,8.790000000000000000e+02,8.800000000000000000e+02,8.810000000000000000e+02,8.820000000000000000e+02,8.830000000000000000e+02,8.840000000000000000e+02,8.450000000000000000e+02,8.460000000000000000e+02,8.470000000000000000e+02,8.480000000000000000e+02,8.490000000000000000e+02,8.500000000000000000e+02,8.510000000000000000e+02,8.520000000000000000e+02,8.530000000000000000e+02,8.540000000000000000e+02,8.550000000000000000e+02,8.560000000000000000e+02,8.570000000000000000e+02,8.580000000000000000e+02,8.590000000000000000e+02,8.600000000000000000e+02,8.610000000000000000e+02,8.620000000000000000e+02,8.630000000000000000e+02,8.640000000000000000e+02,8.650000000000000000e+02,8.660000000000000000e+02,8.670000000000000000e+02,8.680000000000000000e+02,8.690000000000000000e+02,8.700000000000000000e+02,8.710000000000000000e+02,8.720000000000000000e+02,8.730000000000000000e+02,8.740000000000000000e+02,8.750000000000000000e+02,8.760000000000000000e+02,8.770000000000000000e+02,8.780000000000000000e+02,8.790000000000000000e+02,8.800000000000000000e+02,8.810000000000000000e+02,8.820000000000000000e+02,8.830000000000000000e+02,8.440000000000000000e+02,8.450000000000000000e+02,8.460000000000000000e+02,8.470000000000000000e+02,8.480000000000000000e+02,8.490000000000000000e+02,8.500000000000000000e+02,8.510000000000000000e+02,8.520000000000000000e+02,8.530000000000000000e+02,8.540000000000000000e+02,8.550000000000000000e+02,8.560000000000000000e+02,8.570000000000000000e+02,8.580000000000000000e+02,8.590000000000000000e+02,8.600000000000000000e+02,8.610000000000000000e+02,8.620000000000000000e+02,8.630000000000000000e+02,8.640000000000000000e+02,8.650000000000000000e+02,8.660000000000000000e+02,8.670000000000000000e+02,8.680000000000000000e+02,8.690000000000000000e+02,8.700000000000000000e+02,8.710000000000000000e+02,8.720000000000000000e+02,8.730000000000000000e+02,8.740000000000000000e+02,8.750000000000000000e+02,8.760000000000000000e+02,8.770000000000000000e+02,8.780000000000000000e+02,8.790000000000000000e+02,8.800000000000000000e+02,8.810000000000000000e+02,8.440000000000000000e+02,8.450000000000000000e+02,8.460000000000000000e+02,8.470000000000000000e+02,8.480000000000000000e+02,8.490000000000000000e+02,8.500000000000000000e+02,8.510000000000000000e+02,8.520000000000000000e+02,8.530000000000000000e+02,8.540000000000000000e+02,8.550000000000000000e+02,8.560000000000000000e+02,8.570000000000000000e+02,8.580000000000000000e+02,8.590000000000000000e+02,8.600000000000000000e+02,8.610000000000000000e+02,8.620000000000000000e+02,8.630000000000000000e+02,8.640000000000000000e+02,8.650000000000000000e+02,8.660000000000000000e+02,8.670000000000000000e+02,8.680000000000000000e+02,8.690000000000000000e+02,8.700000000000000000e+02,8.710000000000000000e+02,8.720000000000000000e+02,8.730000000000000000e+02,8.740000000000000000e+02,8.750000000000000000e+02,8.760000000000000000e+02,8.770000000000000000e+02,8.780000000000000000e+02,8.790000000000000000e+02,8.440000000000000000e+02,8.450000000000000000e+02,8.460000000000000000e+02,8.470000000000000000e+02,8.480000000000000000e+02,8.490000000000000000e+02,8.500000000000000000e+02,8.510000000000000000e+02,8.520000000000000000e+02,8.530000000000000000e+02,8.540000000000000000e+02,8.550000000000000000e+02,8.560000000000000000e+02,8.570000000000000000e+02,8.580000000000000000e+02,8.590000000000000000e+02,8.600000000000000000e+02,8.610000000000000000e+02,8.620000000000000000e+02,8.630000000000000000e+02,8.640000000000000000e+02,8.650000000000000000e+02,8.660000000000000000e+02,8.670000000000000000e+02,8.680000000000000000e+02,8.690000000000000000e+02,8.700000000000000000e+02,8.710000000000000000e+02,8.720000000000000000e+02,8.730000000000000000e+02,8.740000000000000000e+02,8.750000000000000000e+02,8.760000000000000000e+02,8.770000000000000000e+02,8.440000000000000000e+02,8.450000000000000000e+02,8.460000000000000000e+02,8.470000000000000000e+02,8.480000000000000000e+02,8.490000000000000000e+02,8.500000000000000000e+02,8.510000000000000000e+02,8.520000000000000000e+02,8.530000000000000000e+02,8.540000000000000000e+02,8.550000000000000000e+02,8.560000000000000000e+02,8.570000000000000000e+02,8.580000000000000000e+02,8.590000000000000000e+02,8.600000000000000000e+02,8.610000000000000000e+02,8.620000000000000000e+02,8.630000000000000000e+02,8.640000000000000000e+02,8.650000000000000000e+02,8.660000000000000000e+02,8.670000000000000000e+02,8.680000000000000000e+02,8.690000000000000000e+02,8.700000000000000000e+02,8.710000000000000000e+02,8.720000000000000000e+02,8.730000000000000000e+02,8.740000000000000000e+02,8.750000000000000000e+02,8.440000000000000000e+02,8.450000000000000000e+02,8.460000000000000000e+02,8.470000000000000000e+02,8.480000000000000000e+02,8.490000000000000000e+02,8.500000000000000000e+02,8.510000000000000000e+02,8.520000000000000000e+02,8.530000000000000000e+02,8.540000000000000000e+02,8.550000000000000000e+02,8.560000000000000000e+02,8.570000000000000000e+02,8.580000000000000000e+02,8.590000000000000000e+02,8.600000000000000000e+02,8.610000000000000000e+02,8.620000000000000000e+02,8.630000000000000000e+02,8.640000000000000000e+02,8.650000000000000000e+02,8.660000000000000000e+02,8.670000000000000000e+02,8.680000000000000000e+02,8.690000000000000000e+02,8.700000000000000000e+02,8.710000000000000000e+02,8.720000000000000000e+02,8.730000000000000000e+02,8.440000000000000000e+02,8.450000000000000000e+02,8.460000000000000000e+02,8.470000000000000000e+02,8.480000000000000000e+02,8.490000000000000000e+02,8.500000000000000000e+02,8.510000000000000000e+02,8.520000000000000000e+02,8.530000000000000000e+02,8.540000000000000000e+02,8.550000000000000000e+02,8.560000000000000000e+02,8.570000000000000000e+02,8.580000000000000000e+02,8.590000000000000000e+02,8.600000000000000000e+02,8.610000000000000000e+02,8.620000000000000000e+02,8.630000000000000000e+02,8.640000000000000000e+02,8.650000000000000000e+02,8.660000000000000000e+02,8.670000000000000000e+02,8.680000000000000000e+02,8.690000000000000000e+02,8.700000000000000000e+02,8.710000000000000000e+02,8.720000000000000000e+02,8.440000000000000000e+02,8.450000000000000000e+02,8.460000000000000000e+02,8.470000000000000000e+02,8.480000000000000000e+02,8.490000000000000000e+02,8.500000000000000000e+02,8.510000000000000000e+02,8.520000000000000000e+02,8.530000000000000000e+02,8.540000000000000000e+02,8.550000000000000000e+02,8.560000000000000000e+02,8.570000000000000000e+02,8.580000000000000000e+02,8.590000000000000000e+02,8.600000000000000000e+02,8.610000000000000000e+02,8.620000000000000000e+02,8.630000000000000000e+02,8.640000000000000000e+02,8.650000000000000000e+02,8.660000000000000000e+02,8.670000000000000000e+02,8.680000000000000000e+02,8.690000000000000000e+02,8.700000000000000000e+02,8.710000000000000000e+02,8.450000000000000000e+02,8.460000000000000000e+02,8.470000000000000000e+02,8.480000000000000000e+02,8.490000000000000000e+02,8.500000000000000000e+02,8.510000000000000000e+02,8.520000000000000000e+02,8.530000000000000000e+02,8.540000000000000000e+02,8.550000000000000000e+02,8.560000000000000000e+02,8.570000000000000000e+02,8.580000000000000000e+02,8.590000000000000000e+02,8.600000000000000000e+02,8.610000000000000000e+02,8.620000000000000000e+02,8.630000000000000000e+02,8.640000000000000000e+02,8.650000000000000000e+02,8.660000000000000000e+02,8.670000000000000000e+02,8.680000000000000000e+02,8.690000000000000000e+02,8.700000000000000000e+02,8.450000000000000000e+02,8.460000000000000000e+02,8.470000000000000000e+02,8.480000000000000000e+02,8.490000000000000000e+02,8.500000000000000000e+02,8.510000000000000000e+02,8.520000000000000000e+02,8.530000000000000000e+02,8.540000000000000000e+02,8.550000000000000000e+02,8.560000000000000000e+02,8.570000000000000000e+02,8.580000000000000000e+02,8.590000000000000000e+02,8.600000000000000000e+02,8.610000000000000000e+02,8.620000000000000000e+02,8.630000000000000000e+02,8.640000000000000000e+02,8.650000000000000000e+02,8.660000000000000000e+02,8.670000000000000000e+02,8.680000000000000000e+02,8.690000000000000000e+02,8.450000000000000000e+02,8.460000000000000000e+02,8.470000000000000000e+02,8.480000000000000000e+02,8.490000000000000000e+02,8.500000000000000000e+02,8.510000000000000000e+02,8.520000000000000000e+02,8.530000000000000000e+02,8.540000000000000000e+02,8.550000000000000000e+02,8.560000000000000000e+02,8.570000000000000000e+02,8.580000000000000000e+02,8.590000000000000000e+02,8.600000000000000000e+02,8.610000000000000000e+02,8.620000000000000000e+02,8.630000000000000000e+02,8.640000000000000000e+02,8.650000000000000000e+02,8.660000000000000000e+02,8.670000000000000000e+02,8.680000000000000000e+02,8.690000000000000000e+02,8.460000000000000000e+02,8.470000000000000000e+02,8.480000000000000000e+02,8.490000000000000000e+02,8.500000000000000000e+02,8.510000000000000000e+02,8.520000000000000000e+02,8.530000000000000000e+02,8.540000000000000000e+02,8.550000000000000000e+02,8.560000000000000000e+02,8.570000000000000000e+02,8.580000000000000000e+02,8.590000000000000000e+02,8.600000000000000000e+02,8.610000000000000000e+02,8.620000000000000000e+02,8.630000000000000000e+02,8.640000000000000000e+02,8.650000000000000000e+02,8.660000000000000000e+02,8.670000000000000000e+02,8.680000000000000000e+02,8.510000000000000000e+02,8.520000000000000000e+02,8.530000000000000000e+02,8.540000000000000000e+02,8.550000000000000000e+02,8.560000000000000000e+02,8.570000000000000000e+02,8.580000000000000000e+02,8.590000000000000000e+02,8.600000000000000000e+02,8.610000000000000000e+02,8.620000000000000000e+02,8.630000000000000000e+02,8.640000000000000000e+02,8.650000000000000000e+02,8.660000000000000000e+02,8.670000000000000000e+02,8.540000000000000000e+02,8.550000000000000000e+02,8.560000000000000000e+02,8.570000000000000000e+02,8.580000000000000000e+02,8.590000000000000000e+02,8.600000000000000000e+02,8.610000000000000000e+02,8.620000000000000000e+02,8.630000000000000000e+02,8.640000000000000000e+02,8.650000000000000000e+02,8.560000000000000000e+02,8.570000000000000000e+02,8.580000000000000000e+02,8.590000000000000000e+02,8.600000000000000000e+02,8.610000000000000000e+02,8.620000000000000000e+02,8.630000000000000000e+02,8.590000000000000000e+02,8.600000000000000000e+02,8.610000000000000000e+02
